CHK  9       61 42.0 N    9 11.0 W   810 AOF13B-4CE
             depth(cm)  SSTwarm   SSTcold
CHK    9       654.0      21.3      15.4
CHK    9       664.0      17.4      11.1
CHK    9       669.0      15.2       9.4
CHK    9       684.0      17.0      10.8
CHK    9       694.0      15.3       9.6
CHK    9       704.0      13.7       8.7
CHK    9       714.0      12.1       5.8
CHK    9       724.0      14.5       8.8
CHK    9       729.0      15.5       9.3
CHK    9       744.0      15.8       8.4
CHK    9       754.0       8.6       3.6
CHK    9       763.0       6.9       1.0
CHK    9       779.0       7.5       2.2
CHK    9       784.0      16.1       9.1
CHK    9       794.0      15.8       9.0
CHK    9       804.0      19.2      11.7
CHK    9       814.0      18.7      11.6
CHK    9       824.0      15.8       9.8
CHK    9       829.0      15.7       9.3
CHK    9       839.0      14.9       8.3
CHK    9       854.0      17.7      11.0
CHK    9       864.0      18.7      11.5
CHK    9       874.0      19.7      11.2
CHK    9       884.0      18.5      12.0
CHK    9       894.0      15.4       8.8
CHK    9       914.0      17.9      11.2
