K708-7       53 56.0 N   24 05.0 W  3502 AOf13X5
               depth    SSTwarm   SSTcold
 K708  7       695.0      11.7       6.6
 K708  7       705.0      14.6       8.0
 K708  7       725.0      18.7      12.6
 K708  7       775.0       6.5       0.3
 K708  7       785.0       7.0       1.1
 K708  7       835.0      13.9       7.7
 K708  7       845.0      13.2       7.5
 K708  7       855.0      13.8       7.0
 K708  7       860.0      18.1       9.8
 K708  7       865.0      16.4       8.3
 K708  7       875.0      17.7       9.6
 K708  7      1045.0      10.4       5.6
 K708  7      1085.0      11.5       6.2
 K708  7      1105.0      13.0       7.1
 K708  7      1135.0      11.0       5.7
 K708  7      1155.0      11.3       5.8
 K708  7      1175.0      15.3       8.0
 K708  7      1185.0      11.0       5.5
 K708  7      1195.0      13.6       7.2
 K708  7      1200.0      18.2      10.8
 K708  7      1205.0      16.5       9.3
 K708  7      1340.0      12.4       6.6
 K708  7      1395.0      17.9       8.6
 K708  7      1415.0       7.9       2.2
 K708  7      1420.0      17.4       8.2

