K708-1       50 00.0 N   23 45.0 W  4053 AOf13B-4CE
             depth(cm)  SSTwarm   SSTcold
 K708  1         0.0      17.0      11.0
 K708  1         0.0      18.7      11.7
 K708  1        10.0      17.7      11.3
 K708  1        20.0      18.6      12.2
 K708  1        20.0      21.1      13.1
 K708  1        30.0      17.6      11.6
 K708  1        40.0      16.9      11.1
 K708  1        40.0      19.2      12.1
 K708  1        45.0      17.3      11.1
 K708  1        50.0      16.1      10.8
 K708  1        55.0      14.8       9.5
 K708  1        58.0      14.5       9.8
 K708  1        60.0      13.5       8.8
 K708  1        60.0      12.5       6.9
 K708  1        62.0      13.1       5.5
 K708  1        65.0      13.6       9.2
 K708  1        70.0      12.5       8.5
 K708  1        72.0      14.0       8.4
 K708  1        75.0      14.2       8.9
 K708  1        80.0      10.2       5.5
 K708  1        80.0      10.3       4.7
 K708  1        85.0      10.2       5.6
 K708  1        90.0       6.5       0.6
 K708  1        95.0       6.6       0.5
 K708  1       100.0       6.3       0.3
 K708  1       100.0       6.1       0.2
 K708  1       110.0       6.6       0.7
 K708  1       120.0       6.5       0.4
 K708  1       130.0       6.5       0.6
 K708  1       140.0       6.7       0.6
 K708  1       150.0       7.8       1.7
 K708  1       160.0       6.7       0.8
 K708  1       170.0       6.9       1.1
 K708  1       180.0       7.0       0.5
 K708  1       190.0       6.3       0.3
 K708  1       200.0       9.1       1.5
 K708  1       210.0       9.0       2.9
 K708  1       220.0       6.9       0.8
 K708  1       230.0      14.5       7.9
 K708  1       240.0      13.4       7.7
 K708  1       250.0      13.3       6.7
 K708  1       260.0       7.5       1.7
 K708  1       270.0       6.9       0.6
 K708  1       280.0       9.9       2.8
 K708  1       290.0       9.8       2.6
 K708  1       300.0      11.1       5.9
 K708  1       310.0      13.6       7.7
 K708  1       320.0      13.5       8.8
 K708  1       330.0       6.7       0.6
 K708  1       340.0       7.3       1.9
 K708  1       350.0      10.7       4.7
 K708  1       360.0      11.6       5.3
 K708  1       370.0      14.4       8.7
 K708  1       380.0      10.8       4.0
 K708  1       388.0      10.0       3.3
 K708  1       389.0       9.5       3.4
 K708  1       389.0      10.2       4.4
 K708  1       400.0      10.7       4.8
 K708  1       410.0      11.5       5.8
 K708  1       420.0       7.1       1.3
 K708  1       430.0       7.0       1.3
 K708  1       432.0       7.4       1.5
 K708  1       436.0       6.7       0.8
 K708  1       440.0       6.4       0.3
 K708  1       444.0       7.6       2.1
 K708  1       448.0       6.6       1.1
 K708  1       452.0      10.1       5.2
 K708  1       456.0      14.6       8.4
 K708  1       460.0      16.9       9.8
 K708  1       460.0      20.7      11.7
 K708  1       464.0      16.5       9.7
 K708  1       468.0      16.7       9.7
 K708  1       472.0      12.4       7.3
 K708  1       476.0      16.4       9.8
 K708  1       480.0      17.5      10.2
 K708  1       484.0      14.2       8.4
 K708  1       500.0      21.0      12.8
 K708  1       510.0      13.9       9.0
 K708  1       520.0      18.9      13.8
 K708  1       530.0      14.8      10.5
 K708  1       540.0      16.0      11.9
 K708  1       550.0      15.5      10.9
 K708  1       560.0      13.1       6.7
 K708  1       570.0      12.2       5.8
 K708  1       580.0      18.3      11.1
 K708  1       590.0      12.5       7.2
 K708  1       600.0      14.7       7.5
 K708  1       610.0      14.2       8.2
 K708  1       620.0      16.3       9.8
 K708  1       630.0      14.7       9.3
 K708  1       640.0      21.1      12.6
 K708  1       650.0      16.0       9.0
 K708  1       660.0      17.3      10.9
 K708  1       670.0      14.0       8.2
 K708  1       680.0      15.0       9.4
 K708  1       690.0      14.4       8.6
 K708  1       700.0      16.5       9.9
 K708  1       710.0      16.6       9.5
 K708  1       720.0      12.4       7.6
 K708  1       730.0      16.9       9.6
 K708  1       740.0      15.8      10.2
 K708  1       740.0      16.2      10.7
 K708  1       750.0      15.4      10.0
 K708  1       760.0      10.2       5.1
 K708  1       760.0      10.5       5.1
 K708  1       770.0      17.8      10.7
 K708  1       780.0      17.8      11.1
 K708  1       780.0      18.7      11.2
 K708  1       785.0      19.0      11.8
 K708  1       790.0      21.1      13.4
 K708  1       790.0      21.7      13.3
 K708  1       795.0      21.4      13.1
 K708  1       800.0      19.0      12.2
 K708  1       800.0      21.5      13.5
 K708  1       805.0      18.6      12.0
 K708  1       810.0      18.2      11.7
 K708  1       810.0      17.4      11.1
 K708  1       815.0      18.8      12.2
 K708  1       820.0      18.1      12.1
 K708  1       820.0      19.5      12.5
 K708  1       825.0      20.1      13.3
 K708  1       830.0      19.9      13.3
 K708  1       830.0      19.1      12.4
 K708  1       835.0      17.0      11.3
 K708  1       835.0      16.6      10.2
 K708  1       840.0      17.5      11.8
 K708  1       840.0      16.8      10.8
 K708  1       845.0      17.6      11.1
 K708  1       845.0      15.7       9.9
 K708  1       848.0      16.9      10.9
 K708  1       848.0      18.8      10.8
 K708  1       850.0      17.8      11.1
 K708  1       850.0      17.0      10.2
 K708  1       853.0      14.6       9.1
 K708  1       853.0      17.0       9.8
 K708  1       855.0       9.6       4.2
 K708  1       855.0      10.6       5.5
 K708  1       858.0       8.4       3.1
 K708  1       858.0       7.8       2.5
 K708  1       860.0       8.8       4.0
 K708  1       860.0       8.0       2.4
 K708  1       863.0       9.6       4.4
 K708  1       863.0       8.8       3.9
 K708  1       865.0       6.0      -0.1
 K708  1       870.0       6.4       0.2
 K708  1       875.0       6.8       1.0
 K708  1       880.0       8.6       2.2
 K708  1       890.0       8.8       2.7
 K708  1       900.0       6.1       0.0
 K708  1       910.0       7.4       1.5
 K708  1       920.0       9.3       2.0
 K708  1       930.0       7.7       1.8
 K708  1       940.0       6.1       0.0
 K708  1       950.0       6.2       0.3
 K708  1       960.0      10.5       6.2
 K708  1       970.0       8.9       3.8
 K708  1       980.0      14.8       8.4
 K708  1       990.0       8.8       2.8
 K708  1      1000.0      12.9       5.0
 K708  1      1010.0       8.5       2.7
 K708  1      1020.0       7.4       1.6
 K708  1      1030.0      11.8       6.8
 K708  1      1040.0       7.6       2.1
 K708  1      1050.0       7.1       1.1
 K708  1      1060.0       7.9       2.0
 K708  1      1070.0      16.3      10.1
 K708  1      1080.0      17.2      10.0
 K708  1      1080.0      20.5      12.5
 K708  1      1090.0      14.2       7.8
 K708  1      1100.0      17.8      10.6
 K708  1      1100.0      18.5      11.2
 K708  1      1110.0      17.1      10.7
 K708  1      1120.0      16.0       9.7
 K708  1      1130.0      17.6      10.8
 K708  1      1140.0      19.3      11.9
 K708  1      1140.0      21.0      12.8
 K708  1      1145.0      16.4       9.5
 K708  1      1150.0      17.4      10.8
 K708  1      1150.0      19.4      12.0
 K708  1      1155.0      15.8       8.8
 K708  1      1160.0      18.4      11.2
 K708  1      1160.0      19.2      11.7
 K708  1      1164.0      18.4      10.4
 K708  1      1168.0      17.7       9.8
 K708  1      1168.0      20.1      12.1
 K708  1      1172.0      18.0      10.1
 K708  1      1176.0      14.4       7.5
 K708  1      1178.0      11.3       5.9
 K708  1      1180.0       8.1       2.5
 K708  1      1180.0       7.0       0.6
 K708  1      1182.0       6.8       0.8
 K708  1      1184.0       7.2       1.4
 K708  1      1184.0       6.7       0.8
 K708  1      1186.0       9.1       3.9
 K708  1      1188.0       8.0       2.6
 K708  1      1190.0       7.3       1.9
 K708  1      1190.0       7.1       1.5
 K708  1      1192.0       7.1       1.6
 K708  1      1194.0       7.7       2.3
 K708  1      1196.0       9.3       3.5
 K708  1      1197.0      17.1      10.4
 K708  1      1197.0      16.4       9.8
 K708  1      1200.0      16.1       7.8
 K708  1      1204.0      14.5       7.4
 K708  1      1208.0      15.7      10.1
 K708  1      1208.0      15.7       9.5
 K708  1      1212.0      16.6       9.2
 K708  1      1216.0      15.9       9.2
 K708  1      1220.0      16.6      10.8
 K708  1      1220.0      16.9       8.3
 K708  1      1224.0      15.4       9.6
 K708  1      1228.0      14.6       7.4
 K708  1      1230.0      17.5      10.1
 K708  1      1230.0      16.6       9.4
 K708  1      1235.0      13.3       6.1
 K708  1      1240.0      16.5       8.5
 K708  1      1240.0      18.3      10.9
 K708  1      1245.0      18.0      10.8
 K708  1      1250.0      16.4       9.3
 K708  1      1250.0      18.0      10.3
 K708  1      1255.0      19.6      12.3
 K708  1      1260.0      17.8      10.9
 K708  1      1260.0      19.0      11.2
 K708  1      1265.0      19.5      12.0
 K708  1      1270.0      10.1       4.9
 K708  1      1275.0      11.0       6.2
 K708  1      1290.0       8.3       3.3
 K708  1      1305.0      10.0       4.9
 K708  1      1325.0      14.9       7.2
 K708  1      1335.0      11.5       7.0
 K708  1      1350.0      11.9       6.0
 K708  1      1360.0       8.6       2.2

