K714-3       57 29.9 N   27 31.8 W  1978 AOF13B-4CE
               depth    SSTwarm   SSTcold
 K714  3         5.0      15.4      10.2
 K714  3         5.0      14.8       9.8
 K714  3        10.0      13.3       8.8
 K714  3        15.0      16.7      10.6
 K714  3        20.0      12.7       8.6
 K714  3        21.0      13.1       8.8
 K714  3        25.0      12.9       8.7
 K714  3        29.0      13.6       9.0
 K714  3        32.0      15.1      10.4
 K714  3        35.0      13.7       9.1
 K714  3        40.0      13.2       8.6
 K714  3        40.0      13.3       9.0
 K714  3        45.0      14.4       9.5
 K714  3        50.0      13.8       9.3
 K714  3        53.0      12.9       7.7
 K714  3        55.0      10.8       5.9
 K714  3        55.0      12.5       8.8
 K714  3        60.0      12.2       7.0
 K714  3        63.0      10.9       5.5
 K714  3        65.0       8.4       3.2
 K714  3        70.0       8.4       3.1
 K714  3        70.0       9.4       3.9
 K714  3        75.0       7.2       1.4
 K714  3        75.0       8.0       2.0
 K714  3        80.0       6.3       0.4
 K714  3        82.0       6.7       0.6
 K714  3        82.0       6.6       0.6
 K714  3        85.0       6.7       0.8
 K714  3        90.0       6.8       0.9
 K714  3        91.0       7.8       1.4
 K714  3        95.0       7.4       1.0
 K714  3       100.0       8.7       2.3
 K714  3       100.0       9.7       3.8
 K714  3       105.0       9.4       2.4
 K714  3       107.0       9.1       2.0
 K714  3       110.0      10.6       1.8
 K714  3       115.0       9.2       1.6
 K714  3       115.0      11.3       3.6
 K714  3       120.0       7.9       1.0
 K714  3       124.0       8.8       1.7
 K714  3       125.0       7.7       1.1
 K714  3       132.0       8.6       1.7
 K714  3       141.0       8.3       1.5
 K714  3       150.0       7.6       1.6
 K714  3       158.0       9.4       2.6
 K714  3       167.0       8.2       1.6
 K714  3       176.0       7.6       1.3
 K714  3       182.0       8.6       2.3
 K714  3       185.0      10.3       3.5
 K714  3       190.0      11.1       4.1
 K714  3       192.0      10.8       3.7
 K714  3       193.0       9.7       2.6
 K714  3       194.0       9.3       2.1
 K714  3       195.0      13.6       5.9
 K714  3       196.0       7.2       1.2
 K714  3       196.0       7.6       1.4
 K714  3       199.0       9.6       2.4
 K714  3       204.0       8.0       1.5
 K714  3       205.0       7.0       0.8
 K714  3       215.0       6.7       0.6
 K714  3       225.0       8.0       1.8
 K714  3       235.0       7.2       0.7
 K714  3       245.0      12.3       2.0
 K714  3       260.0      11.7       5.8
 K714  3       275.0      10.8       2.9
 K714  3       293.0      13.4       7.4
 K714  3       312.0       8.6       1.7
 K714  3       335.0       6.6       0.5
 K714  3       362.0      12.0       3.9
 K714  3       382.0      10.1       3.1
 K714  3       405.0       7.5       1.3
 K714  3       423.0       6.5       0.3
 K714  3       443.0       6.2       0.2
 K714  3       463.0       6.3       0.3
 K714  3       482.0       8.2       1.8
 K714  3       513.0       9.0       3.5
 K714  3       522.0       8.4       2.3
 K714  3       543.0       8.6       2.3
 K714  3       563.0      12.2       7.0
 K714  3       582.0      10.8       3.3
 K714  3       613.0      14.4       8.7
 K714  3       632.0      11.1       5.8
 K714  3       653.0      16.0      10.1
 K714  3       672.0      14.7       9.4
 K714  3       692.0      13.5       8.2
 K714  3       712.0       6.9       1.1
 K714  3       733.0       7.8       2.0
 K714  3       743.0       6.8       0.8
 K714  3       765.0       7.1       1.3
 K714  3       782.0       7.7       1.6
 K714  3       797.0       6.5       0.4
 K714  3       813.0       6.4       0.2
 K714  3       835.0       6.4       0.4
 K714  3       853.0      14.4       8.8
 K714  3       883.0      10.0       2.3
 K714  3       903.0      10.1       4.1
 K714  3       930.0       8.5       3.4
 K714  3       955.0      12.7       4.9
 K714  3       961.0      11.2       6.6
 K714  3       987.0       7.5       1.9
 K714  3      1005.0      12.2       3.9
 K714  3      1022.0       9.1       1.4
 K714  3      1045.0       9.7       3.0
 K714  3      1072.0       9.7       3.8
 K714  3      1095.0       9.6       4.1
 K714  3      1125.0       8.3       2.5
 K714  3      1133.0      11.2       2.1
 K714  3      1142.0      14.7       6.8
 K714  3      1157.0      12.3       4.6
 K714  3      1172.0       7.9       1.6
 K714  3      1182.0       6.9       0.8
 K714  3      1197.0       6.2       0.1
 K714  3      1212.0       7.1       1.1
 K714  3      1225.0       6.6       0.9
 K714  3      1242.0       7.3       1.5
 K714  3      1263.0       7.0       1.2
 K714  3      1280.0       6.9       1.0
 K714  3      1297.0       8.3       2.6
 K714  3      1316.0      10.2       4.0
 K714  3      1335.0       7.0       0.9
 K714  3      1350.0      13.1       7.2

