LK4          48 29.0 N   35 54.0 W  3955 AOF13B-4CE
               depth    SSTwarm   SSTcold
LK     4        30.0      11.9       5.5
LK     4       195.0      10.7       4.8
LK     4       195.0      10.0       4.7
LK     4       209.5      11.1       5.4
LK     4       215.0       9.2       3.7
LK     4       216.0      10.3       4.9
LK     4       217.0       8.0       2.6
LK     4       222.0       6.2       0.3
LK     4       223.0       6.1       0.2
LK     4       225.0       6.6       0.8
LK     4       226.0       6.6       1.0
LK     4       227.0       6.7       0.9
LK     4       231.0       6.5       0.8
LK     4       235.0       6.2       0.4
LK     4       240.0       6.6       0.5
LK     4       245.0       6.1       0.1
LK     4       247.5       6.8       1.1
LK     4       252.5       8.2       2.8
LK     4       255.0       8.9       3.4
LK     4       259.0      12.5       6.8
LK     4       261.0      16.0       9.5
LK     4       265.0      14.2       8.4
LK     4       269.0      14.6       9.0

