RC9-225      54 58.6 N   15 23.5 W  2334 AOF13B-4CE
               depth    SSTwarm   SSTcold
RC  9225         0.0      15.0       9.6
RC  9225         5.0      15.1       9.9
RC  9225        10.0      12.7       8.5
RC  9225        10.0      14.8       9.7
RC  9225        15.0      15.6       9.1
RC  9225        20.0      14.9       9.4
RC  9225        20.0      15.0       9.5
RC  9225        23.0      14.4       9.5
RC  9225        25.0      14.7       9.4
RC  9225        25.0      16.3      10.7
RC  9225        30.0      16.6      10.4
RC  9225        30.0      14.8       9.7
RC  9225        30.0      19.2      11.9
RC  9225        35.0      14.8      10.0
RC  9225        40.0      13.4       9.3
RC  9225        40.0      14.3       9.8
RC  9225        45.0      14.9       9.9
RC  9225        45.0      13.0       8.8
RC  9225        50.0      13.7       9.4
RC  9225        50.0      14.5       9.4
RC  9225        55.0      16.3      10.5
RC  9225        60.0      14.6      10.2
RC  9225        60.0      12.7       8.6
RC  9225        60.0      14.1       9.2
RC  9225        65.0      13.6       9.0
RC  9225        65.0      13.4       8.2
RC  9225        70.0      14.3       9.0
RC  9225        70.0      15.9      10.3
RC  9225        75.0       7.5       1.2
RC  9225        75.0       7.9       2.4
RC  9225        75.0       7.1       0.9
RC  9225        80.0      13.9       9.6
RC  9225        80.0      13.5       8.7
RC  9225        85.0      13.3       7.9
RC  9225        85.0      14.4       8.5
RC  9225        90.0      13.6       6.0
RC  9225        90.0      12.5       7.2
RC  9225        90.0      12.2       5.6
RC  9225        95.0       7.6       2.1
RC  9225       100.0       6.3       0.4
RC  9225       105.0       7.5       1.9
RC  9225       113.0       8.6       3.6
RC  9225       120.0       8.7       3.2
RC  9225       135.0       6.4       0.4
RC  9225       150.0       7.5       1.6
RC  9225       165.0       6.2       0.2
RC  9225       180.0       6.6       0.5
RC  9225       195.0       9.3       3.0
RC  9225       210.0       7.3       1.3
RC  9225       225.0       7.0       0.7
RC  9225       240.0      10.1       2.9
RC  9225       270.0      13.7       6.8
RC  9225       285.0       8.9       2.0
RC  9225       300.0      12.7       6.5
RC  9225       330.0      16.2      10.5
RC  9225       340.0       8.3       1.6
RC  9225       350.0      14.5       7.7
RC  9225       360.0       9.7       2.2
RC  9225       390.0      12.5       7.0
RC  9225       420.0      10.3       3.8
RC  9225       435.0       8.5       2.3
RC  9225       450.0      11.4       4.1
RC  9225       470.0      19.4      15.2
RC  9225       480.0      19.4      15.4
RC  9225       485.0      16.9      12.0
RC  9225       488.0      14.7       9.2
RC  9225       490.0      15.2       9.6
RC  9225       493.0      10.2       2.9
RC  9225       493.0      10.1       3.7
RC  9225       495.0      11.0       3.0
RC  9225       500.0      14.2       9.0
RC  9225       505.0       9.3       2.3
RC  9225       507.0       9.7       3.6
RC  9225       510.0      17.0      11.3
RC  9225       513.0      11.7       5.7
RC  9225       525.0      11.1       5.5
RC  9225       527.0      11.4       5.1
RC  9225       533.0      11.4       6.4
RC  9225       540.0      10.7       4.4
RC  9225       547.0      10.6       5.3
RC  9225       550.0      10.0       3.1
RC  9225       553.0      10.1       4.5
RC  9225       555.0       6.8       0.7
RC  9225       560.0      10.4       3.4
RC  9225       565.0      11.2       5.3
RC  9225       565.0       6.4       0.4
RC  9225       570.0       8.0       1.8
RC  9225       573.0       8.7       3.5
RC  9225       577.0      11.7       7.3
RC  9225       580.0      11.9       7.2
RC  9225       581.0      12.2       7.5
RC  9225       585.0      12.2       7.0
RC  9225       589.0      14.3       8.3
RC  9225       593.0      12.7       7.3
RC  9225       598.0      12.0       6.2
RC  9225       600.0      16.5      11.5
RC  9225       607.0      12.4       6.2
RC  9225       613.0      13.5       7.9
RC  9225       627.0      12.5       7.6
RC  9225       630.0      10.6       3.3
RC  9225       633.0      11.6       6.6
RC  9225       660.0      15.8      11.6
RC  9225       690.0      11.7       7.1
RC  9225       720.0      14.3       9.8
RC  9225       750.0      12.8       7.6
RC  9225       780.0      11.6       5.4
RC  9225       810.0      15.8      11.7
RC  9225       840.0      15.9       9.5
RC  9225       870.0      15.7      10.1
RC  9225       900.0      15.5       9.6
RC  9225       930.0       8.2       2.9
RC  9225       945.0       7.4       1.6
RC  9225       960.0      11.6       5.0
RC  9225       990.0      11.7       4.6
RC  9225      1020.0      13.2       5.4

