V30-97       41 00.0 N   32 56.0 W  3371 AOF13B-4CE
 V 30 97         2.0      21.6      14.5
 V 30 97         5.0      20.9      14.5
 V 30 97        10.0      21.4      14.4
 V 30 97        12.0      20.4      14.2
 V 30 97        15.0      22.1      14.9
 V 30 97        20.0      21.6      14.5
 V 30 97        25.0      19.5      13.4
 V 30 97        25.0      20.0      13.8
 V 30 97        30.0      21.8      16.1
 V 30 97        35.0      22.0      17.4
 V 30 97        38.0      17.6      12.3
 V 30 97        40.0      17.5      12.9
 V 30 97        43.0      15.4      11.0
 V 30 97        45.0      15.6      11.1
 V 30 97        50.0      15.1       9.8
 V 30 97        50.0      14.2       9.1
 V 30 97        55.0      13.0       7.2
 V 30 97        60.0      11.6       6.5
 V 30 97        62.0      11.4       5.2
 V 30 97        65.0      15.4      12.6
 V 30 97        70.0      12.2       7.0
 V 30 97        75.0      15.1      11.2
 V 30 97        76.0      16.2       9.3
 V 30 97        80.0      14.6       9.0
 V 30 97        85.0      18.4      11.9
 V 30 97        90.0      14.9       8.7
 V 30 97        95.0      18.1      11.7
 V 30 97       100.0      17.6      10.6
 V 30 97       105.0      17.5      11.4
 V 30 97       110.0      17.4      12.1
 V 30 97       115.0      18.7      12.8
 V 30 97       120.0      20.3      14.3
 V 30 97       125.0      15.9      10.3
 V 30 97       130.0      16.7      10.6
 V 30 97       135.0      17.9      11.1
 V 30 97       140.0      18.7      12.4
 V 30 97       145.0      13.3       8.5
 V 30 97       150.0      15.2       9.9
 V 30 97       155.0      12.6       7.2
 V 30 97       160.0      11.5       5.1
 V 30 97       165.0      13.3       7.5
 V 30 97       170.0      12.8       7.9
 V 30 97       175.0      12.5       6.5
 V 30 97       180.0      13.0       8.0
 V 30 97       185.0      12.7       6.5
 V 30 97       190.0      11.1       4.2
 V 30 97       195.0      12.3       5.6
 V 30 97       200.0      12.3       6.5
 V 30 97       205.0      13.4       6.1
 V 30 97       210.0      14.8       7.0
 V 30 97       215.0      14.4       8.1
 V 30 97       220.0      13.8       6.6
 V 30 97       225.0      14.7       9.1
 V 30 97       230.0      14.8       6.7
 V 30 97       235.0      12.6       7.9
 V 30 97       240.0      15.4       9.4
 V 30 97       245.0      15.7       9.9
 V 30 97       250.0      16.5       9.8
 V 30 97       255.0      19.0      11.3
 V 30 97       260.0      17.4      10.3
 V 30 97       265.0      17.0      10.7
 V 30 97       270.0      16.7      10.9
 V 30 97       275.0      16.3      10.7
 V 30 97       280.0      16.2       9.4
 V 30 97       285.0      14.1       7.3
 V 30 97       290.0      17.8      12.0
 V 30 97       295.0      20.0      13.3
 V 30 97       300.0      16.7      11.6
 V 30 97       305.0      16.2      11.2
 V 30 97       310.0      19.1      13.0
 V 30 97       315.0      18.0      12.0
 V 30 97       320.0      12.2       7.4
 V 30 97       325.0      13.4       8.9
 V 30 97       330.0      14.5       9.7
 V 30 97       335.0      11.8       6.4
 V 30 97       340.0      11.0       5.8
 V 30 97       345.0      11.9       6.0
 V 30 97       350.0      12.5       7.7
 V 30 97       355.0      13.2       7.8
 V 30 97       360.0      13.1       7.9
 V 30 97       365.0      14.7       9.3
 V 30 97       370.0      15.0       9.2
 V 30 97       375.0      17.9      11.5
 V 30 97       380.0      18.0      11.9
 V 30 97       385.0      18.5      12.1
 V 30 97       390.5      17.5      11.9
 V 30 97       395.0      16.4      10.9
 V 30 97       400.0      17.1      11.7
 V 30 97       405.0      17.4      11.5
 V 30 97       410.0      14.7       9.6
 V 30 97       415.0      16.8      11.2
 V 30 97       420.0      16.9      11.3
 V 30 97       425.0      17.2      11.8
 V 30 97       430.0      17.0      11.3
 V 30 97       435.0      16.7      11.2
 V 30 97       440.0      14.7       9.8
 V 30 97       445.0      15.4      10.1
 V 30 97       450.0      14.1       9.0
 V 30 97       455.0      17.9      12.1
 V 30 97       460.0      19.0      12.5
 V 30 97       465.0      20.2      13.4
 V 30 97       470.0      20.9      13.9
 V 30 97       475.0      20.8      13.6
 V 30 97       480.0      22.3      14.5
 V 30 97       485.0      22.4      14.8
 V 30 97       490.0      23.1      15.7
 V 30 97       495.0      22.8      15.3
 V 30 97       500.0      18.5      12.5
 V 30 97       505.0      20.0      13.7
 V 30 97       509.0      17.6      12.1
 V 30 97       513.0      15.9      10.2
 V 30 97       517.0      15.9       9.8
 V 30 97       521.0      15.6      10.7
 V 30 97       525.0      17.0      11.7
 V 30 97       529.0      17.8      12.5
 V 30 97       534.0      16.0      10.4
 V 30 97       538.0      17.0      11.2
 V 30 97       542.0      21.1      12.7
 V 30 97       546.0      20.3      13.3
 V 30 97       550.0      18.6      11.9
 V 30 97       554.0      21.5      14.3
 V 30 97       558.0      19.6      13.5
 V 30 97       562.0      21.4      15.1
 V 30 97       566.0      20.8      14.2
 V 30 97       570.0      21.2      15.1
 V 30 97       574.0      21.3      14.6
 V 30 97       578.0      21.8      15.1
 V 30 97       582.0      20.0      13.2
 V 30 97       586.0      17.6      10.9
 V 30 97       590.0      14.6       9.1
 V 30 97       594.0      14.0       9.0
 V 30 97       598.0      12.4       6.6
 V 30 97       602.0      14.4       8.5
 V 30 97       606.0      14.5       9.2
 V 30 97       610.0      18.9      12.4
 V 30 97       620.0      18.8      12.2
 V 30 97       625.0      20.6      13.6
 V 30 97       635.0      19.9      13.5
 V 30 97       640.0      18.5      12.1
 V 30 97       645.0      19.3      13.4
 V 30 97       650.0      19.7      13.4
 V 30 97       655.0      20.5      14.2
 V 30 97       660.0      15.9      10.8
 V 30 97       665.0      13.4       9.0
 V 30 97       670.0      12.8       8.1
 V 30 97       675.0      12.3       7.6
 V 30 97       680.0      12.0       6.9
 V 30 97       685.0      12.2       7.6
 V 30 97       690.0      12.3       7.3
 V 30 97       695.0      12.6       7.8
 V 30 97       700.0      13.2       8.1
 V 30 97       705.0      14.5       9.6
 V 30 97       710.0      14.1       9.1
 V 30 97       715.0      17.9      12.3
 V 30 97       720.0      18.1      12.2
 V 30 97       725.0      17.2      11.4
 V 30 97       730.0      16.5      10.9
 V 30 97       735.0      13.3       7.9
 V 30 97       740.0      15.7       9.8
 V 30 97       745.0      13.7       8.8
 V 30 97       750.0      14.3       8.6
 V 30 97       755.0      14.6       9.1
 V 30 97       760.0      18.1      11.2
 V 30 97       765.0      18.2      11.3
 V 30 97       770.0      17.3      10.6
 V 30 97       775.0      17.6      11.4
 V 30 97       780.0      18.9      12.0
 V 30 97       785.0      18.7      11.8
 V 30 97       790.0      20.7      13.6
 V 30 97       795.0      17.4      11.1
 V 30 97       800.0      17.9      11.6
 V 30 97       805.0      16.7      10.5
 V 30 97       810.0      18.5      12.7
 V 30 97       815.0      19.3      13.4
 V 30 97       820.0      19.5      13.1
 V 30 97       825.0      20.3      14.8
 V 30 97       830.0      20.0      14.2
 V 30 97       835.0      20.9      14.7
 V 30 97       840.0      19.6      13.0
 V 30 97       845.0      20.5      13.7
 V 30 97       850.0      19.4      13.4
 V 30 97       855.0      15.6      10.4
 V 30 97       860.0      14.6       8.9
 V 30 97       865.0      13.3       7.2
 V 30 97       870.0      17.8      12.1
 V 30 97       875.0      17.4      11.5
 V 30 97       880.0      18.2      12.6
 V 30 97       885.0      19.8      13.9
 V 30 97       890.0      20.4      13.8
 V 30 97       895.0      19.6      13.7
 V 30 97       900.0      18.6      12.8
 V 30 97       905.0      17.8      12.6
 V 30 97       910.0      18.3      12.5
 V 30 97       915.0      13.6       9.0


