HOLE 552A    56 03.0 N   23 13.0 W  2311 AOF13B-4CE
552AC4-1   0  1400.5      14.1       8.9
552AC4-1  21  1421.5      13.8       8.2
552AC4-1  41  1441.5      10.0       4.3
552AC4-1  61  1461.5       6.3       0.4
552AC4-1  81  1481.5       7.9       1.7
552AC4-1 100  1500.5       8.8       4.0
552AC4-1 119  1519.5      11.0       5.6
552AC4-1 140  1540.5      10.8       6.4
552AC4-2   5  1555.5      15.4       7.8
552AC4-2  25  1575.5      14.0       9.5
552AC4-2  45  1595.5       6.9       0.8
552AC4-2  65  1615.5       6.2       0.3
552AC4-2  85  1635.5       6.3       0.5
552AC4-2 105  1655.5       8.0       2.4
552AC4-2 125  1675.5       9.4       3.7
552AC4-2 145  1695.5       6.2       0.3
552AC4-3   5  1705.5       6.5       0.4
552AC4-3  20  1720.5       9.0       3.1
552AC4-3  39  1739.5       7.9       2.1
552AC4-3  60  1760.5      15.4       9.2
552AC4-3  81  1781.5       9.8       4.4
552AC4-3 101  1801.5       8.1       2.4
552AC4-3 125  1825.5       8.0       2.5
552AC4-3 145  1845.5       9.8       4.6
552AC4-4   0  1850.5      12.5       7.7
552AC4-4  20  1870.5       9.4       4.1
552AC5-1   0  1900.5      11.0       5.6
552AC5-1  20  1920.5      10.3       5.7
552AC5-1  40  1940.5      11.2       6.5
552AC5-1  60  1960.5       9.8       4.8
552AC5-1  80  1980.5       9.9       4.8
552AC5-1 100  2000.5      15.3       9.6
552AC5-1 120  2020.5      11.6       6.8
552AC5-1 140  2040.5       8.6       3.0
552AC7-2 101  3151.5       8.7       2.8
552AC7-2 121  3171.5      11.5       6.1
552AC7-2 140  3190.5      11.8       6.4
552AC7-3   5  3205.5       9.6       4.5
552AC7-3  25  3225.5       7.8       1.3
552AC7-3  50  3250.5      16.1       9.9
552AC7-3  70  3270.5      16.3       9.4
552AC7-3  90  3290.5      15.4       8.5
552AC7-3 110  3310.5      14.1       7.7
552AC7-3 130  3330.5      15.1       8.7
552AC7-3 145  3345.5      14.9       8.2
552AC7-4   5  3355.5      13.7       7.3

