K708-8       52 45.0 N   22 33.0 W  4009 AOf13B-4CE
               depth    SSTwarm   SSTcold
 K708  8         0.0      19.6      12.6
 K708  8        15.0      19.4      12.2
 K708  8        20.0      17.3      10.7
 K708  8        29.0      16.2      10.7
 K708  8        35.0      16.8       9.6
 K708  8        45.0      13.6       8.2
 K708  8        50.0      12.1       4.4
 K708  8        57.0      12.6       7.4
 K708  8        65.0      10.2       3.0
 K708  8        70.0       6.8       0.8
 K708  8        80.0       6.1       0.1
 K708  8        83.0       6.9       1.2
 K708  8        95.0       6.2       0.1
 K708  8       110.0       6.1      -0.1
 K708  8       125.0       6.8       0.5
 K708  8       140.0       6.6       0.5
 K708  8       155.0       8.9       1.5
 K708  8       170.0       8.9       2.3
 K708  8       185.0       8.2       1.8
 K708  8       200.0      10.4       4.6
 K708  8       207.0       7.3       1.3
 K708  8       215.0       8.3       1.1
 K708  8       222.0       9.2       2.9
 K708  8       230.0       9.3       2.4
 K708  8       245.0      12.4       6.6
 K708  8       260.0       8.6       1.4
 K708  8       275.0      13.3       6.6
 K708  8       285.0      11.4       4.7
 K708  8       286.0      10.8       4.3
 K708  8       286.0      11.0       4.4
 K708  8       290.0      11.5       3.3
 K708  8       297.0      10.9       3.0
 K708  8       305.0      10.3       2.9
 K708  8       320.0       7.7       1.9
 K708  8       335.0       6.3       0.1
 K708  8       350.0       9.8       4.6
 K708  8       365.0      13.9       6.5
 K708  8       385.0      12.4       6.1
 K708  8       405.0      17.6      12.8
 K708  8       425.0      11.6       5.8
 K708  8       445.0      11.1       5.1
 K708  8       465.0      13.5       7.8
 K708  8       480.0       8.2       3.1
 K708  8       485.0       9.9       2.8
 K708  8       485.0      11.6       7.2
 K708  8       490.0      12.9       8.5
 K708  8       495.0      12.7       4.9
 K708  8       495.0      16.3      10.4
 K708  8       500.0      17.4      11.4
 K708  8       505.0      18.0      10.8
 K708  8       505.0      16.8       9.7
 K708  8       510.0      18.3      11.6
 K708  8       510.0      11.9       5.8
 K708  8       515.0      18.5      11.8
 K708  8       515.0      17.8      11.4
 K708  8       520.0      21.8      13.9
 K708  8       520.0      19.4      12.2
 K708  8       525.0      19.4      12.4
 K708  8       525.0      21.2      13.1
 K708  8       528.0      18.4      11.4
 K708  8       530.0      14.0      10.1
 K708  8       530.0      14.0      10.1
 K708  8       532.0      16.0      10.4
 K708  8       535.0      16.0      10.3
 K708  8       535.0      16.2      10.2
 K708  8       538.0      16.2      10.4
 K708  8       538.0      17.9      11.2
 K708  8       540.0      18.1      10.7
 K708  8       540.0      18.3      11.2
 K708  8       543.0      15.2       9.7
 K708  8       543.0      15.9       9.2
 K708  8       545.0      17.2      10.6
 K708  8       545.0      15.2       8.8
 K708  8       548.0      14.5      10.4
 K708  8       548.0      14.5       9.3
 K708  8       553.0       6.0      -0.1
 K708  8       555.0       6.8       1.0
 K708  8       558.0       6.4       0.2
 K708  8       560.0       6.4       0.4
 K708  8       565.0       6.2       0.2
 K708  8       570.0       6.8       1.0
 K708  8       585.0       6.1      -0.1
 K708  8       600.0       6.9       0.8
 K708  8       615.0       7.9       1.4
 K708  8       630.0       6.0      -0.2
 K708  8       645.0       6.7       0.9
 K708  8       652.0       9.2       3.7
 K708  8       660.0       9.9       5.4
 K708  8       667.0       7.1       1.4
 K708  8       675.0       7.7       2.2
 K708  8       690.0       8.0       1.6
 K708  8       705.0       6.5       0.5
 K708  8       720.0       9.7       3.6
 K708  8       730.0       6.3       0.3
 K708  8       745.0       6.0      -0.1
 K708  8       760.0      17.1      10.5
 K708  8       775.0      15.7       6.4
 K708  8       795.0      11.2       5.5
 K708  8       815.0      18.7      10.7
 K708  8       820.0      16.5       9.1
 K708  8       825.0      16.5       9.2
 K708  8       825.0      16.7       9.5
 K708  8       830.0      20.6      12.4
 K708  8       830.0      17.2       9.8
 K708  8       835.0      19.9      11.9
 K708  8       840.0      13.8       6.7
 K708  8       840.0      14.1       6.7
 K708  8       843.0      11.3       3.9
 K708  8       845.0       8.8       3.6
 K708  8       845.0      10.0       3.4
 K708  8       847.0       8.6       3.1
 K708  8       850.0       8.5       2.5
 K708  8       851.0       6.3       0.3
 K708  8       852.0       6.9       1.2
 K708  8       853.0       6.9       1.3
 K708  8       855.0       7.6       2.0
 K708  8       860.0       9.5       4.3
 K708  8       860.0       8.8       2.3
 K708  8       863.0      15.5       8.6
 K708  8       865.0      15.3       6.7
 K708  8       865.0      14.2       9.0
 K708  8       868.0      15.5       9.2
 K708  8       870.0      15.0       9.3
 K708  8       870.0      16.4       9.1
 K708  8       875.0      13.1       8.4
 K708  8       875.0      16.1       9.2
 K708  8       880.0      17.3       8.8
 K708  8       880.0      15.9       8.4
 K708  8       885.0      13.7       8.4
 K708  8       885.0      15.4       8.3
 K708  8       890.0      12.6       6.6
 K708  8       895.0      14.4       6.7
 K708  8       900.0      14.7       6.6
 K708  8       920.0      16.6       9.2
 K708  8       935.0       7.7       2.3
 K708  8       942.0      11.7       6.9
 K708  8       950.0       9.6       3.3
 K708  8       957.0       9.7       3.4
 K708  8       965.0      10.6       4.2
 K708  8       972.0       7.0       1.3
 K708  8       980.0       7.8       2.0
 K708  8       987.0       9.0       3.0
 K708  8       995.0      14.0       5.2
 K708  8      1002.0      12.0       6.6
 K708  8      1017.0       9.1       2.4
 K708  8      1025.0       9.2       3.0
 K708  8      1032.0       8.0       2.7
 K708  8      1040.0      14.5       8.2
 K708  8      1050.0       9.2       2.2
 K708  8      1060.0       7.6       2.2
 K708  8      1067.0      10.4       2.5
 K708  8      1075.0      10.8       6.4
 K708  8      1085.0      11.0       4.9
 K708  8      1090.0       6.3       0.5
 K708  8      1105.0       6.2       0.3
 K708  8      1120.0       8.3       2.2
 K708  8      1135.0       6.3       0.4
 K708  8      1145.0      10.6       4.7
 K708  8      1152.0       6.4       0.6
 K708  8      1160.0      10.0       5.0
 K708  8      1175.0       7.1       1.6
 K708  8      1190.0       7.4       1.9
 K708  8      1200.0       7.2       1.7
 K708  8      1220.0      12.9       6.0
 K708  8      1240.0      15.3       7.9
 K708  8      1250.0      16.0       9.3
 K708  8      1260.0      15.2       8.5
 K708  8      1270.0      19.1       9.9
 K708  8      1280.0      14.0       8.1
 K708  8      1300.0      18.3      10.0
 K708  8      1320.0      19.8      12.1
 K708  8      1340.0      20.5      12.2
 K708  8      1360.0      19.3      11.4
 K708  8      1380.0      18.4      11.3
 K708  8      1400.0      21.3      13.1

