K708-4       49 59.0 N   25 01.0 W  3346 AOF13B-4CE
               depth    SSTwarm   SSTcold
 K708  4         0.0      18.4      11.9
 K708  4        11.0      17.3      11.4
 K708  4        15.0      18.6      12.3
 K708  4        22.0      17.6      11.6
 K708  4        29.0      15.7       9.3
 K708  4        30.0      12.1       5.4
 K708  4        34.0      11.0       5.3
 K708  4        41.5      12.7       7.3
 K708  4        45.0      13.0       6.0
 K708  4        50.0       6.2       0.3
 K708  4        58.0       6.2       0.3
 K708  4        60.0       6.2       0.2
 K708  4        70.0       6.6       0.6
 K708  4        80.0       7.4       1.0
 K708  4        90.0       7.7       2.0
 K708  4       100.0       7.5       1.4
 K708  4       110.0       9.2       2.6
 K708  4       115.0       9.5       2.9
 K708  4       120.0       9.7       3.8
 K708  4       125.0      11.0       4.1
 K708  4       130.0       9.1       2.8
 K708  4       140.0      11.0       5.3
 K708  4       150.0      10.6       3.1
 K708  4       155.0      10.5       2.9
 K708  4       160.0      11.0       4.7
 K708  4       170.0      10.6       5.0
 K708  4       180.0      11.4       5.0
 K708  4       189.0       9.1       3.9
 K708  4       189.0       9.9       3.5
 K708  4       190.0      10.3       3.9
 K708  4       200.0       8.6       2.4
 K708  4       210.0       7.6       1.6
 K708  4       220.0      10.4       4.0
 K708  4       235.0      15.7       8.9
 K708  4       250.0      13.0       6.9
 K708  4       265.0      12.6       7.2
 K708  4       272.0      11.3       4.9
 K708  4       280.0      13.2       7.9
 K708  4       287.0      12.8       7.4
 K708  4       295.0      14.4       8.3
 K708  4       302.0      16.2      10.1
 K708  4       310.0      13.9       7.6
 K708  4       310.0      13.1       7.6
 K708  4       315.0      13.5       8.0
 K708  4       317.0      15.4      10.1
 K708  4       320.0      14.7       9.3
 K708  4       320.0      16.5      10.4
 K708  4       322.0      16.3      10.3
 K708  4       325.0      21.8      13.7
 K708  4       325.0      18.6      11.8
 K708  4       327.0      18.1      11.3
 K708  4       330.0      18.9      12.0
 K708  4       330.0      19.5      12.7
 K708  4       333.0      18.3      11.8
 K708  4       335.0      17.6      11.4
 K708  4       335.0      18.7      12.1
 K708  4       337.0      16.7      10.7
 K708  4       340.0      18.7      11.7
 K708  4       340.0      18.5      12.0
 K708  4       343.0      18.9      11.9
 K708  4       343.0      19.3      12.5
 K708  4       345.0      15.6       8.7
 K708  4       345.0      16.2      10.9
 K708  4       348.0      13.0       7.8
 K708  4       348.0      12.9       7.6
 K708  4       350.0      13.5       7.2
 K708  4       350.0      12.7       7.6
 K708  4       353.0      10.1       5.3
 K708  4       353.0      10.5       5.9
 K708  4       355.0      12.7       6.7
 K708  4       355.0      10.5       5.9
 K708  4       358.0       6.4       0.5
 K708  4       360.0       7.2       1.3
 K708  4       362.0       6.7       0.6
 K708  4       365.0       7.2       1.3
 K708  4       370.0       7.1       1.0
 K708  4       375.0       8.3       2.4
 K708  4       380.0       6.7       0.6
 K708  4       385.0       7.6       1.2
 K708  4       390.0       9.1       2.7
 K708  4       395.0       6.5       0.6
 K708  4       400.0       6.7       0.5
 K708  4       405.0       6.2       0.2
 K708  4       415.0       9.6       2.7
 K708  4       420.0      12.1       8.1
 K708  4       425.0      10.6       5.2
 K708  4       430.0      10.3       4.9
 K708  4       435.0       9.5       3.3
 K708  4       445.0       9.2       2.8
 K708  4       450.0       8.2       1.8
 K708  4       455.0       9.0       2.3
 K708  4       460.0       8.1       0.8
 K708  4       465.0       9.9       4.3
 K708  4       470.0      14.1       8.0
 K708  4       475.0      13.8       7.1
 K708  4       485.0      15.3       8.3
 K708  4       487.0      17.6      10.5
 K708  4       490.0      15.3       9.1
 K708  4       493.0      16.7      10.0
 K708  4       495.0      17.7      11.0
 K708  4       497.0      16.3       9.3
 K708  4       500.0      17.0       9.8
 K708  4       500.0      16.3       9.0
 K708  4       502.0      15.0       8.4
 K708  4       505.0      17.0       9.3
 K708  4       507.0      18.7      10.6
 K708  4       510.0      18.6      10.9
 K708  4       510.0      17.1       9.8
 K708  4       513.0      15.9       9.1
 K708  4       513.0      17.5      10.3
 K708  4       517.0      17.1       9.6
 K708  4       517.0      14.8       7.5
 K708  4       520.0      15.0       7.7
 K708  4       520.0      12.9       6.1
 K708  4       523.0      12.9       6.8
 K708  4       525.0      11.1       5.5
 K708  4       525.0      11.9       7.1
 K708  4       526.0      11.6       6.0
 K708  4       528.0       8.0       2.6
 K708  4       528.0       8.2       2.8
 K708  4       530.0       8.5       3.2
 K708  4       531.0      10.3       5.5
 K708  4       532.0       8.3       2.9
 K708  4       535.0      11.2       4.4
 K708  4       535.0      12.0       7.0
 K708  4       537.0      14.1       8.1
 K708  4       540.0      14.0       7.6
 K708  4       542.0      14.9       9.0
 K708  4       543.0      15.4       9.1
 K708  4       545.0      16.2       9.7
 K708  4       547.0      15.4       8.4
 K708  4       550.0      17.1       9.9
 K708  4       550.0      14.6       7.7
 K708  4       553.0      15.6       8.6
 K708  4       555.0      19.0      10.9
 K708  4       555.0      14.3       7.0
 K708  4       557.0      16.0       9.1
 K708  4       560.0      14.5       8.0
 K708  4       560.0      16.9      10.1
 K708  4       562.0      17.4       9.6
 K708  4       565.0      14.4       7.2
 K708  4       575.0       9.7       3.5
 K708  4       585.0      10.9       4.3
 K708  4       595.0      10.4       4.6
 K708  4       605.0      11.4       5.3
 K708  4       615.0      10.2       5.6
 K708  4       625.0       9.7       5.4
 K708  4       630.0       9.9       5.1
 K708  4       635.0      10.5       3.8
 K708  4       645.0       6.2       0.2
 K708  4       655.0       6.3       0.4
 K708  4       665.0      11.5       5.6
 K708  4       675.0      13.1       7.3
 K708  4       685.0       9.2       4.1
 K708  4       695.0      17.6      10.2
 K708  4       705.0      12.7       7.1
 K708  4       715.0      14.0       7.2
 K708  4       725.0      18.7      11.1
 K708  4       745.0      16.2       9.4
 K708  4       755.0      13.7       7.8
 K708  4       765.0      13.9       7.9
 K708  4       775.0      10.8       4.2
 K708  4       785.0      11.1       4.1

