K708-6       51 34.0 N   29 34.0 W  2469 AOF13B-4CE
               depth    SSTwarm   SSTcold
 K708  6         0.0      16.5      10.3
 K708  6         9.0      16.1      10.1
 K708  6        15.0      15.1       8.1
 K708  6        18.0      14.0       8.4
 K708  6        28.0      11.9       5.5
 K708  6        30.0      11.0       5.1
 K708  6        37.0       7.6       2.2
 K708  6        45.0       6.8       1.0
 K708  6        45.0       7.8       2.2
 K708  6        52.0       6.1       0.0
 K708  6        60.0       6.5       0.5
 K708  6        75.0       6.2       0.2
 K708  6        90.0       9.8       4.0
 K708  6       105.0       7.6       1.6
 K708  6       120.0      10.4       3.1
 K708  6       135.0      10.6       4.2
 K708  6       142.0       9.8       4.2
 K708  6       150.0       9.9       4.2
 K708  6       157.0       9.1       2.1
 K708  6       165.0      10.6       3.0
 K708  6       180.0      12.1       4.9
 K708  6       195.0      10.5       4.7
 K708  6       202.0      11.6       5.8
 K708  6       202.0      10.8       5.8
 K708  6       207.0       9.9       3.8
 K708  6       208.0      10.7       4.8
 K708  6       208.0      10.3       3.9
 K708  6       210.0      10.2       3.3
 K708  6       217.0       9.7       3.1
 K708  6       225.0       9.0       3.1
 K708  6       232.5       6.8       0.9
 K708  6       237.0       8.0       2.5
 K708  6       240.0       6.7       0.5
 K708  6       244.5       6.2       0.3
 K708  6       246.0       6.5       0.5
 K708  6       249.0       6.2       0.3
 K708  6       252.0       6.5       0.6
 K708  6       255.0       6.4       0.6
 K708  6       259.5       6.6       0.6
 K708  6       264.0       6.7       1.0
 K708  6       267.0       7.6       1.9
 K708  6       270.0       9.6       4.2
 K708  6       274.5      11.2       6.0
 K708  6       277.0      12.7       7.3
 K708  6       279.0      13.7       8.1
 K708  6       280.0      12.1       7.1
 K708  6       281.0      10.8       5.4
 K708  6       282.0      11.3       6.2
 K708  6       285.0      12.8       6.1
 K708  6       289.5      12.8       7.1
 K708  6       292.0      14.5       6.2
 K708  6       294.0      11.9       6.9
 K708  6       297.0      12.0       7.2
 K708  6       300.0      11.6       4.4
 K708  6       304.5      10.3       4.8
 K708  6       315.0      10.2       3.4
 K708  6       330.0      12.9       7.5
 K708  6       345.0      10.1       2.3
 K708  6       360.0      11.4       4.0
 K708  6       375.0      13.0       6.5
 K708  6       385.0      11.7       6.5
 K708  6       390.0      11.5       3.6
 K708  6       390.0      11.4       5.9
 K708  6       395.0      12.3       6.7
 K708  6       400.0      14.2       8.3
 K708  6       400.0      14.2       8.0
 K708  6       403.0      14.9       8.0
 K708  6       405.0      15.3       8.8
 K708  6       407.0      14.1       8.3
 K708  6       410.0      13.8       8.2
 K708  6       410.0      13.5       8.0
 K708  6       413.0      14.3       9.0
 K708  6       415.0      14.4       9.2
 K708  6       417.0      15.1       9.0
 K708  6       420.0      14.6       9.2
 K708  6       420.0      16.1       9.6
 K708  6       423.0      16.1       9.4
 K708  6       425.0      16.2      10.1
 K708  6       425.0      14.7       8.6
 K708  6       427.0      16.8      10.5
 K708  6       430.0      16.1      10.1
 K708  6       430.0      14.9       9.2
 K708  6       430.0      16.4      10.4
 K708  6       433.0      17.2      10.2
 K708  6       435.0      15.7       9.3
 K708  6       435.0      14.4       8.8
 K708  6       438.0      15.3       9.2
 K708  6       438.0      15.9       9.8
 K708  6       440.0      16.6      10.6
 K708  6       440.0      15.2       8.9
 K708  6       443.0      13.1       8.2
 K708  6       443.0      13.5       8.8
 K708  6       445.0       6.1       0.0
 K708  6       450.0       7.2       1.5
 K708  6       455.0       7.4       1.0
 K708  6       460.0       6.6       0.5
 K708  6       465.0       7.4       1.3
 K708  6       480.0       6.1      -0.1
 K708  6       487.0       6.5       0.3
 K708  6       495.0       7.3       1.6
 K708  6       510.0       6.6       0.7
 K708  6       525.0       7.6       1.9
 K708  6       540.0       9.9       3.8
 K708  6       555.0       8.7       2.2
 K708  6       562.0       9.1       2.4
 K708  6       570.0       7.3       1.0
 K708  6       577.0       7.2       0.8
 K708  6       585.0       8.5       2.7
 K708  6       592.0       7.2       0.4
 K708  6       600.0       9.3       2.6
 K708  6       607.0      10.9       4.8
 K708  6       615.0       9.8       3.6
 K708  6       622.0      10.9       3.4
 K708  6       630.0      11.7       6.4
 K708  6       635.0      13.2       6.9
 K708  6       640.0      16.2       8.4
 K708  6       640.0      15.5       8.6
 K708  6       643.0      17.5       9.1
 K708  6       645.0      16.7       9.5
 K708  6       645.0      14.1       6.6
 K708  6       648.0      14.5       6.8
 K708  6       650.0      15.9       8.1
 K708  6       650.0      16.8       9.6
 K708  6       652.0      13.4       6.5
 K708  6       652.0      13.4       7.1
 K708  6       655.0      12.6       5.9
 K708  6       655.0      11.4       2.3
 K708  6       657.0      11.5       3.3
 K708  6       660.0       8.4       2.3
 K708  6       661.0       6.8       0.9
 K708  6       662.0       7.1       1.3
 K708  6       662.0       6.7       0.7
 K708  6       663.0       7.9       2.2
 K708  6       665.0       8.7       3.4
 K708  6       665.0       8.2       1.9
 K708  6       667.0       8.1       2.1
 K708  6       670.0      11.2       6.2
 K708  6       670.0      10.7       3.5
 K708  6       672.0      10.4       5.2
 K708  6       673.0      11.0       4.6
 K708  6       675.0      12.5       5.1
 K708  6       677.0      12.3       4.7
 K708  6       680.0      11.4       5.4
 K708  6       680.0      11.5       4.5
 K708  6       682.0      12.7       6.2
 K708  6       685.0      12.9       6.4
 K708  6       687.0      14.0       8.3
 K708  6       690.0      12.7       6.2
 K708  6       690.0      13.6       7.2
 K708  6       693.0      13.9       8.1
 K708  6       695.0      14.3       8.8
 K708  6       698.0      14.6       8.5
 K708  6       700.0      13.7       7.9
 K708  6       700.0      15.4       9.3
 K708  6       703.0      12.9       6.0
 K708  6       705.0      16.6      10.4
 K708  6       705.0      14.2       9.0
 K708  6       708.0      14.3       8.8
 K708  6       710.0      12.7       7.4
 K708  6       710.0      12.0       6.1
 K708  6       720.0      10.1       3.1
 K708  6       728.0       9.9       4.8
 K708  6       736.0      11.0       5.5
 K708  6       743.0       9.5       3.4
 K708  6       751.0       9.6       4.0
 K708  6       758.0       8.5       3.0
 K708  6       766.0      11.9       6.7
 K708  6       773.0       6.8       0.9
 K708  6       781.0       6.9       1.0
 K708  6       788.0       6.3       0.4
 K708  6       796.0       6.1       0.0
 K708  6       806.0       6.3       0.2
 K708  6       816.0      11.0       4.5
 K708  6       826.0      11.2       4.0
 K708  6       833.0      10.1       4.9
 K708  6       841.0       9.0       4.0
 K708  6       848.0      14.6       8.1
 K708  6       855.0      13.4       4.9
 K708  6       862.0      11.5       6.0
 K708  6       871.0      12.5       5.6
 K708  6       878.0      13.1       7.4
 K708  6       886.0      14.4       8.2
 K708  6       892.0      16.3       9.9
 K708  6       901.0      16.7      10.1
 K708  6       931.0      10.8       3.8
 K708  6       946.0      10.8       4.9
 K708  6       961.0       6.7       0.8
 K708  6       968.0       7.7       1.9
 K708  6       976.0       8.6       3.3
 K708  6       983.0       6.3       0.3
 K708  6       990.0       8.6       2.6
 K708  6       997.0       6.9       1.4
 K708  6      1005.0       7.1       1.4
 K708  6      1012.0       8.2       2.7
 K708  6      1020.0       8.3       2.6
 K708  6      1027.0       8.5       3.4
 K708  6      1035.0      10.1       4.9
 K708  6      1042.0       8.0       2.4
 K708  6      1050.0      11.0       4.6
 K708  6      1057.0      10.5       4.8
 K708  6      1065.0      11.6       5.0
 K708  6      1072.0      11.4       6.2
 K708  6      1080.0      16.9       9.2
 K708  6      1087.0      17.6       9.9
 K708  6      1095.0      17.4       8.8
 K708  6      1105.0      13.9       7.1
 K708  6      1112.0       7.2       1.2
 K708  6      1120.0       7.0       0.9
 K708  6      1127.0       7.0       1.2
 K708  6      1135.0       7.1       1.5
 K708  6      1142.0       6.7       0.8
 K708  6      1150.0       9.0       3.1
 K708  6      1157.0       9.4       3.8
 K708  6      1165.0       7.3       1.4

