RE5-34       42 23.0 N   21 58.0 W  3750 AOF13B-4CE
RE  5 34         0.0      22.1      14.6
RE  5 34         7.0      20.3      14.1
RE  5 34        13.0      15.8      11.2
RE  5 34        20.0      18.3      11.4
RE  5 34        21.0      17.5      12.9
RE  5 34        23.0      19.8      13.6
RE  5 34        27.0      14.3       7.7
RE  5 34        33.0      12.5       6.4
RE  5 34        40.0      16.0       7.5
RE  5 34        55.0      13.8       8.1
RE  5 34        60.0      14.8       7.2
RE  5 34        80.0      17.2      11.4
RE  5 34       100.0      16.0      10.4
RE  5 34       120.0      17.5      11.9
RE  5 34       120.0      14.3       9.7
RE  5 34       140.0      19.7      12.6
RE  5 34       160.0      17.9      12.0
RE  5 34       180.0      14.0      10.0
RE  5 34       200.0      18.2      12.4
RE  5 34       220.0      19.9      13.6
RE  5 34       240.0      22.5      15.8
RE  5 34       260.0      21.5      13.8
RE  5 34       280.0      20.3      13.1
RE  5 34       300.0      13.7       7.7
RE  5 34       320.0      16.6      10.8
RE  5 34       340.0      18.4      12.5
RE  5 34       360.0      20.6      13.4
RE  5 34       380.0      22.4      14.7
RE  5 34       400.0      22.0      15.4
RE  5 34       420.0      20.1      13.3
RE  5 34       440.0      21.2      13.5
RE  5 34       460.0      19.9      12.8
RE  5 34       480.0      16.3      10.4
RE  5 34       500.0      18.7      11.8
RE  5 34       520.0      18.2      11.2
RE  5 34       540.0      18.2      11.3


