V23-82       52 35.1 N   21 56.0 W  3974 AOF13B-4CE
 V 23 82         2.0      16.1      10.6
 V 23 82         5.0      16.0      10.2
 V 23 82        10.0      16.7      10.9
 V 23 82        15.0      15.0       9.9
 V 23 82        20.0      16.4      10.8
 V 23 82        25.0      16.7      10.9
 V 23 82        30.0      16.4      10.8
 V 23 82        35.0      17.3      11.3
 V 23 82        39.0      15.8      10.4
 V 23 82        45.0      15.5      10.2
 V 23 82        50.0      15.2      10.3
 V 23 82        55.0      14.2       9.5
 V 23 82        60.0      14.0       9.4
 V 23 82        65.0      13.3       8.9
 V 23 82        71.0      12.8       8.1
 V 23 82        75.0      12.7       7.5
 V 23 82        80.0      13.1       7.8
 V 23 82        85.0      11.9       5.9
 V 23 82        90.0       7.9       2.2
 V 23 82        95.0       6.2       0.3
 V 23 82       100.0       6.2       0.3
 V 23 82       105.0       6.1       0.0
 V 23 82       110.0       6.1       0.1
 V 23 82       115.0       6.3       0.3
 V 23 82       120.0       6.2       0.2
 V 23 82       125.0       6.1       0.0
 V 23 82       130.0       6.3       0.3
 V 23 82       135.0       6.2       0.2
 V 23 82       140.0       6.7       0.8
 V 23 82       145.0       6.8       1.0
 V 23 82       150.0       7.8       2.1
 V 23 82       155.0       6.1       0.1
 V 23 82       160.0       6.2       0.2
 V 23 82       165.0       6.3       0.3
 V 23 82       170.0       6.5       0.5
 V 23 82       175.0       7.0       1.0
 V 23 82       180.0       7.9       2.3
 V 23 82       185.0       8.6       2.6
 V 23 82       190.0       7.5       1.6
 V 23 82       195.0       9.2       3.3
 V 23 82       200.0       6.5       0.6
 V 23 82       205.0       6.5       0.5
 V 23 82       210.0       6.8       0.9
 V 23 82       215.0       9.3       2.7
 V 23 82       220.0      10.1       3.0
 V 23 82       225.0       9.8       2.3
 V 23 82       230.0      10.0       3.4
 V 23 82       235.0      10.0       3.3
 V 23 82       240.0       9.3       2.8
 V 23 82       245.0       8.4       2.3
 V 23 82       250.0       8.7       2.6
 V 23 82       255.0      10.6       3.7
 V 23 82       261.0      11.0       4.8
 V 23 82       265.0      12.8       7.2
 V 23 82       270.0      10.6       5.0
 V 23 82       275.0       9.3       4.0
 V 23 82       280.0       8.6       2.2
 V 23 82       285.0       7.6       1.4
 V 23 82       290.0       8.6       1.9
 V 23 82       295.0       9.7       3.4
 V 23 82       301.0       9.4       2.9
 V 23 82       305.0       9.7       2.8
 V 23 82       310.0      10.2       3.4
 V 23 82       315.0      10.3       4.8
 V 23 82       320.0      10.7       4.1
 V 23 82       325.0      11.1       5.5
 V 23 82       329.0      11.5       5.8
 V 23 82       335.0      12.4       7.0
 V 23 82       340.0      11.8       7.7
 V 23 82       345.0       9.8       3.1
 V 23 82       350.0       8.6       2.8
 V 23 82       355.0      10.1       4.4
 V 23 82       360.0       9.8       3.5
 V 23 82       365.0      10.7       4.6
 V 23 82       370.0      10.8       4.8
 V 23 82       375.0      11.3       5.9
 V 23 82       379.0      12.4       7.0
 V 23 82       385.0      11.1       5.9
 V 23 82       390.0      12.1       6.1
 V 23 82       395.0       8.9       2.9
 V 23 82       400.0      10.2       3.9
 V 23 82       405.0      10.7       3.7
 V 23 82       410.0       9.8       2.4
 V 23 82       418.0      10.6       4.8
 V 23 82       423.0       6.8       0.8
 V 23 82       428.0       6.8       0.9
 V 23 82       433.0       6.4       0.3
 V 23 82       438.0       6.1       0.1
 V 23 82       443.0       6.2       0.2
 V 23 82       448.0       6.2       0.2
 V 23 82       455.0       7.5       2.2
 V 23 82       460.0      10.2       5.3
 V 23 82       465.0      13.0       7.7
 V 23 82       470.0      15.2       8.6
 V 23 82       475.0      15.4       8.8
 V 23 82       480.0      13.7       7.7
 V 23 82       485.0      11.9       6.5
 V 23 82       490.0      13.5       7.7
 V 23 82       495.0      15.8       9.7
 V 23 82       500.0      16.6      10.1
 V 23 82       505.0      15.6       9.7
 V 23 82       510.0      12.2       7.9
 V 23 82       515.0      10.8       5.5
 V 23 82       520.0      11.5       5.3
 V 23 82       525.0      11.3       5.7
 V 23 82       530.0      11.6       6.4
 V 23 82       535.0      14.2       9.7
 V 23 82       540.0      15.2      10.9
 V 23 82       545.0      13.0       8.5
 V 23 82       550.0      12.9       8.1
 V 23 82       555.0      11.7       7.0
 V 23 82       560.0      12.1       7.7
 V 23 82       565.0      13.0       8.8
 V 23 82       570.0      13.4       9.4
 V 23 82       575.0      11.0       5.6
 V 23 82       580.0      10.9       5.6
 V 23 82       585.0      12.2       7.4
 V 23 82       590.0      11.9       6.9
 V 23 82       595.0      10.8       5.1
 V 23 82       600.0      10.8       5.4
 V 23 82       605.0      11.5       7.2
 V 23 82       610.0      12.4       7.2
 V 23 82       615.0      13.1       7.3
 V 23 82       620.0      13.3       7.6
 V 23 82       625.0      12.3       6.7
 V 23 82       630.0      12.5       7.7
 V 23 82       635.0      12.4       7.3
 V 23 82       640.0      11.6       7.1
 V 23 82       645.0      11.9       7.5
 V 23 82       650.0       9.7       2.1
 V 23 82       655.0      13.3       8.6
 V 23 82       660.0      15.0       9.1
 V 23 82       665.0      13.0       7.7
 V 23 82       670.0      13.5       7.9
 V 23 82       675.0      12.0       6.1
 V 23 82       680.0      11.1       6.5
 V 23 82       685.0      11.3       5.1
 V 23 82       690.0      11.3       6.7
 V 23 82       695.0      11.7       6.7
 V 23 82       700.0      14.3       9.7
 V 23 82       705.0      15.2       9.8
 V 23 82       710.0      12.9       8.3
 V 23 82       715.0      14.1       8.9
 V 23 82       720.0      16.9       9.8
 V 23 82       725.0      15.5       8.8
 V 23 82       730.0      16.9       9.3
 V 23 82       735.0      16.7      10.3
 V 23 82       740.0      17.3      10.7
 V 23 82       745.0      17.6      11.2
 V 23 82       750.0      18.8      12.0
 V 23 82       755.0      17.1      10.9
 V 23 82       760.0      18.0      11.3
 V 23 82       765.0      19.1      12.3
 V 23 82       770.0      16.8      10.3
 V 23 82       773.0      16.0      10.2
 V 23 82       775.0      19.7      12.5
 V 23 82       777.0      15.1       9.6
 V 23 82       780.0      15.3       9.3
 V 23 82       783.0      15.7       9.6
 V 23 82       785.0      16.5      10.6
 V 23 82       787.0      15.8      10.1
 V 23 82       790.0      15.4       9.5
 V 23 82       793.0      15.8      10.1
 V 23 82       795.0      13.1       8.5
 V 23 82       797.0      10.0       5.3
 V 23 82       800.0       7.2       1.6
 V 23 82       803.0       6.8       1.0
 V 23 82       805.0       7.5       2.1
 V 23 82       807.0       6.1       0.1
 V 23 82       810.0       6.3       0.4
 V 23 82       813.0       7.0       0.9
 V 23 82       817.0       8.3       2.7
 V 23 82       824.0       7.1       1.1
 V 23 82       827.0       6.4       0.4
 V 23 82       830.0       6.8       0.8
 V 23 82       833.0       7.8       1.6
 V 23 82       835.0       7.7       1.8
 V 23 82       837.0       7.2       1.3
 V 23 82       840.0       6.9       1.2
 V 23 82       843.0       6.7       0.7
 V 23 82       845.0       7.2       1.2
 V 23 82       847.0       7.4       1.3

