# NOAA Paleoclimatology Program - Paleocean Site Data
# 147-gc07-tab.txt
# Complete Data
# File Created: 02-Feb-2010
#
#*********************************************************************************
# Please cite the contributor and the original publications when using these data
#*********************************************************************************
#
# Missing Values indicated by '-999'
#
# PI:             Elisabeth L. Sikes
# Core/Site:      RS147-GC07
# Latitude:       45.09.00S	( -45.15)
# Longitude:      146.17.00E	( 146.2833)
# Water Depth(m): 3300
#
# Publications:
#   Sikes, E.L., W.R. Howard, C.R. Samson, T.S. Mahan, L.G. Robertson, and J.K. Volkman.
#     2009. Southern Ocean seasonal temperature and Subtropical Front movement on the
#     South Tasman Rise in the late Quaternary.  Paleoceanography, 24, PA2201.
#------------------
#
# Description & Notes:
#   South Tasman Rise Late Quaternary SST Reconstructions
#   Conventional radiocarbon ages for GC07 were converted to calendar ages using
#   the marine CALIB 5.0 program. Radiocarbon ages older than 20 ka were calibrated
#   to calendar ages using an oceanic 14C reservoir correction of 350 years [Druffel
#   and Griffin, 1999] and a polynomial fit [Bard et al., 1998]. MIS3-5 d18O tuned
#   to Lieseki and Raymo 2005 / Marinson et al 1987. In GC07 the SST-MAT warm season
#   errors range from 2.0°-4.0°C for warm-season estimates, larger than the 1°-1.5°C
#   generally associated with modern analog estimates, in the deglaciation [Samson,
#   1998]. This is ascribed to the fact that GC07 lies in a zone of frontal movement
#   where SST changes rapidly over small distances. SSTs from Uk'37 have an error
#   of +/- 1.5 degC.
#
# RS147-GC07 C14 Dates
# 
#   yrBP      radiocarbon years B.P. (Libby half-life; B.P. = 1950)
# 
#  Depth      yrBP          Error+        Error-            Material    Thickness    Lab Num.
#  1.5         1167         -999          -999          G. inflata >250      3          NZA 6684
#  40.5        9530         -999          -999          G. inflata 300–355      1          OZC987
#  44.5        10100        -999          -999          G. inflata >300      1          OZD257
#  48.5        11870        -999          -999          G. inflata 300–355      1          OZC610
#  52.5        11850        -999          -999          G. inflata >300      1          OZD258
#  57.5        11900        -999          -999          G. inflata 300–355      1          OZC609
#  58.5        11850        -999          -999          G. inflata >300      1          OZD259
#  65.5        13650        -999          -999          G. inflata 300–355      1          OZC988
#  74.5        14070        -999          -999          G. inflata >300      1          OZC989
#  81.5        15360        -999          -999          G. inflata >355      3          NZA 6639
#  89.5        16450        -999          -999          G. inflata >355      1          OZC990
#  99          18150        -999          -999          G. inflata >355      1          OZC991
#  108.5       23300        -999          -999          G. inflata >355      1          OZD260
#  118.5       30700        -999          -999          G. inflata >355      1          OZC992
# 
# Variables:
#             depth         Depth (cm)
#             calyrBP       calendar years B.P. (B.P. = 1950)
#             d18Og.bull300-355           delta O18 PDB (Globigerina bulloides 300-355 micron)
#             sst-MAT.w     sea surface temperature- warm season, modern analog technique, degC
#             carb%         Calcium Carbonate percent
#             sst-warm.uk37.s             sea surface temperature, warm season, from Uk'37, degC, (Sikes and Volkman '93 equation)
#             uk37          Alkenone saturation index
#             d18Ocibid>150 delta O18 per mil PDB (Cibicidoides spp. >150 micron)
#
# CORE: RS147-GC07
depth	calyrBP 	d18Og.bull300-355	sst-MAT.w	carb%	sst-warm.uk37.s	uk37	d18Ocibid>150	notes
0.5	519	0.96	13.3	-999	-999	-999	-999	
1.5	716	-999	-999	89.4	17.9	0.584	-999	
2.5	919	1.2	-999	-999	-999	-999	-999	
4.5	1324	0.87	13.5	-999	-999	-999	3.16	
6.5	1729	0.88	-999	78.8	-999	-999	-999	
10.5	2540	0.9	13.4	-999	-999	-999	3.35	
11.5	2742	0.88	-999	87	17.1	0.552	-999	
12.5	-999	1.27	-999	-999	-999	-999	-999	
14.5	3350	0.93	13	-999	-999	-999	-999	
16.5	3756	0.8	-999	90.5	-999	-999	3.15	
18.5	4161	0.94	-999	-999	-999	-999	-999	
20.5	4566	0.72	12.8	-999	-999	-999	3.27	
21.5	4769	0.74	-999	87.1	16.5	0.525	3.11	
22.5	-999	0.74	-999	-999	-999	-999	-999	
23.5	-999	0.88	-999	-999	-999	-999	3.31	
24.5	-999	0.76	-999	-999	-999	-999	-999	
25.5	5579	0.69	12.8	-999	-999	-999	3.2	
26.5	5782	0.68	-999	87.8	16.9	0.545	-999	
27.5	-999	0.81	-999	-999	-999	-999	3.04	
28.5	-999	1	-999	-999	-999	-999	-999	
29.5	-999	0.96	-999	-999	-999	-999	-999	
30.5	6593	1.08	13.3	-999	-999	-999	3	
31.5	6795	1.27	-999	87.2	16.7	0.535	-999	
32.5	-999	0.98	-999	-999	-999	-999	3.24	
33.5	-999	1.07	-999	-999	-999	-999	-999	
34.5	-999	0.95	-999	-999	-999	-999	-999	
35.5	7606	0.88	14.5	-999	-999	-999	3.1	
36.5	7808	0.91	-999	81.9	17.3	0.559	-999	
37.5	-999	0.84	-999	-999	-999	-999	-999	
38.5	-999	0.97	-999	-999	-999	-999	-999	
39.5	-999	0.9	-999	-999	-999	-999	-999	
40.5	10870	0.91	13	-999	-999	-999	3.31	
41.5	11142	1.02	17.4	80.5	16.9	0.543	-999	
42.5	11413	1.24	15.9	-999	-999	-999	-999	
43.5	-999	1.38	-999	-999	-999	-999	3.11	
44.5	11675	1.2	15.7	-999	-999	-999	-999	
45.5	11853	1.22	16.5	-999	-999	-999	3.3	
46.5	12032	1.24	-999	81.5	14.5	0.444	-999	
47.5	12210	1.26	17.3	-999	-999	-999	3.41	
48.5	12388	1.9	16	-999	-999	-999	3.74	
49.5	-999	1.37	-999	-999	-999	-999	-999	
50.5	13304	1.6	16.1	-999	-999	-999	3.68	
51.5	13378	1.88	-999	78.5	15.7	0.496	-999	
52.5	13451	1.91	15.9	-999	-999	-999	3.71	
53.5	-999	1.19	-999	-999	-999	-999	3.35	
54.5	-999	1.84	-999	-999	-999	-999	3.27	
55.5	13672	2.08	15.2	-999	-999	-999	-999	
56.5	13746	2.07	-999	79.7	14.7	0.451	3.74	
57.5	13819	1.69	14.6	-999	-999	-999	-999	
58	13856	-999	-999	-999	-999	-999	-999	 
58.5	-999	1.76	-999	-999	-999	-999	3.71	
59.5	-999	1.85	-999	-999	-999	-999	-999	
60.5	14651	1.98	14.9	-999	-999	-999	3.88	
61.5	14969	1.78	-999	79.3	15.4	0.48	-999	
62.5	-999	1.95	-999	-999	-999	-999	4.06	
63.5	-999	2.08	-999	-999	-999	-999	-999	
64.5	-999	2.1	-999	-999	-999	-999	-999	
65.5	16242	2.38	15.5	-999	-999	-999	4.14	
66.5	16302	2.26	-999	75.5	14.1	0.429	-999	
67.5	16361	2.65	15	-999	-999	-999	4.29	
68.5	-999	2.63	-999	-999	-999	-999	-999	
69.5	-999	2.67	-999	-999	-999	-999	-999	
70.5	16540	2.59	14.8	-999	-999	-999	4.28	
71.5	16599	2.64	-999	72.5	14.4	0.442	4.18	
72.5	-999	2.89	-999	-999	-999	-999	-999	
73.5	-999	2.9	-999	-999	-999	-999	-999	
74.5	16778	3.04	-999	-999	-999	-999	4.41	
75.5	17022	2.92	13.7	-999	-999	-999	-999	
76.5	17266	3.03	-999	76.7	13	0.383	4.35	
77.5	-999	3.08	-999	-999	-999	-999	-999	
78.5	-999	3.01	-999	-999	-999	-999	-999	
79.5	-999	3.08	-999	-999	-999	-999	4.25	
80.5	18241	3.05	12.7	-999	-999	-999	-999	
81.5	18484	3.1	-999	73.8	13.5	0.401	-999	
82.5	18728	3.22	-999	-999	-999	-999	-999	
83.5	-999	3.29	-999	-999	-999	-999	4.43	
84.5	-999	3.23	-999	-999	-999	-999	-999	
85.5	19118	3.07	11.3	-999	-999	-999	4.38	
86.5	19249	3.25	-999	76.7	-999	-999	-999	
87.5	19379	3.29	11	-999	-999	-999	4.47	
88.5	19509	3.18	10.4	-999	-999	-999	-999	
89.5	19639	3.32	-999	-999	-999	-999	4.49	
91.5	20080	3.17	10.2	77.6	13.8	0.416	-999	
94	20632	3.24	10.7	-999	-999	-999	4.54	
96	-999	3.16	-999	-999	-999	-999	-999	
96.5	21184	-999	-999	77.4	14.1	0.428	-999	
98	-999	3.32	-999	-999	-999	-999	-999	
98.5	21625	-999	-999	-999	-999	-999	-999	 
99	21919	3.13	10.9	-999	-999	-999	4.47	
101	-999	3.27	-999	-999	-999	-999	-999	
101.5	23388	-999	10.9	75.9	12.8	0.375	-999	
102.5	-999	3.23	-999	-999	-999	-999	-999	
104.5	-999	3.19	-999	-999	-999	-999	4.51	
106.5	-999	3.35	-999	-999	-999	-999	-999	
108.5	27500	3.36	10.6	-999	-999	-999	4.27	
111.5	29720	3.2	-999	71.9	17.4	0.565	-999	
112.5	-999	3.22	-999	-999	-999	-999	-999	
114.5	31940	3.14	10.6	-999	-999	-999	4.33	
116.5	-999	3.15	-999	-999	-999	-999	-999	
118.5	34940	3.06	10.8	-999	-999	-999	4.31	
121	-999	2.83	-999	-999	-999	-999	-999	
121.5	35290	-999	-999	81.6	16.1	0.511	-999	
122.5	-999	2.96	-999	-999	-999	-999	-999	
124.5	35640	2.97	10.8	-999	-999	-999	4.05	
126.5	-999	2.96	-999	-999	-999	-999	-999	
128.5	36107	2.69	10.8	-999	-999	-999	4.04	
130.5	-999	2.98	-999	-999	-999	-999	-999	
131.5	36458	-999	-999	81.7	17.7	0.577	-999	
141.5	37625	2.91	-999	81.3	16.3	0.52	-999	
151.5	38793	3.02	-999	81	17.9	0.587	-999	
161.5	40020	3.11	-999	78.2	16	0.505	-999	MIS3
171.5	42517	-999	-999	79.6	17.1	0.554	-999	
181.5	45014	2.8	-999	80	13.3	0.393	-999	
191.5	47511	-999	-999	79.3	-999	-999	-999	
201.5	50009	2.68	-999	82.4	13.5	0.403	-999	
211.5	52506	-999	-999	80.2	-999	-999	-999	
231.5	57500	3.03	-999	77.9	18.2	0.596	-999	MIS4
251.5	60796	2.95	-999	78.4	16.4	0.521	-999	
271.5	64093	-999	-999	80.1	17.9	0.584	-999	
291.5	67389	-999	-999	77.2	19.1	0.633	-999	
311.5	-999	2.95	-999	83.5	-999	-999	-999	
331.5	73982	-999	-999	88.3	16.5	0.53	-999	MIS5
351.5	77279	-999	-999	86.8	16.5	0.526	-999	
371.5	80575	-999	-999	88.7	-999	-999	-999	
391.5	83872	-999	-999	83.2	-999	-999	-999	
411.5	87168	-999	-999	83.5	16	0.448	-999	
431.5	90465	-999	-999	84	19.1	0.636	-999	
451.5	93761	-999	-999	88.5	20.3	0.685	-999	
471.5	-999	-999	-999	83.6	-999	-999	-999	
491.5	-999	-999	-999	87.6	-999	-999	-999	
