# NOAA Paleoclimatology Program - Paleocean Site Data
# chat1k-tab.txt
# Complete Data
# File Created: 18-Jan-2005
#
#*********************************************************************************
# Please cite the contributor and the original publications when using these data
#*********************************************************************************
#
# Missing Values indicated by '-999'
#
# PI:             Philip P.E. Weaver
# Core/Site:      CHAT 1K
# Latitude:       41.35.00S	( -41.58333)
# Longitude:      171.30.00W	( -171.5)
# Water Depth(m): 3556
#
# Publications:
#   Weaver, P.P.E., L. Carter, and H.L. Neil. 1998. Response of surface water masses
#     and circulation to late Quaternary climate change east of New Zealand. Paleoceanography
#     13(1):70-83.
#------------------
#
# Description & Notes:
#   Late Quaternary SW Pacific Foraminifer Data.
#   
#
# Variables:
#             depth         Depth (cm)
#             yrBP          radiocarbon years B.P. (Libby half-life; B.P. = 1950)
#             commun        Communality
#             forams-b      Benthic Foraminifers (Count)
#             foramsfrag    Foraminifers Fragments
#             frag%         Fragments percent
#             g.aequi       Globigerinella aequilateralis (Count)
#             g.bull        Globigerina bulloides (Count)
#             g.calid       Globigerina calida (Count)
#             g.cavern      Globorotalia cavernula (Count)
#             g.congl       Globigerinoides conglobatus (Count)
#             g.crass       Globorotalia crassaformis (Count)
#             g.crsula      Globorotalia crassula (Count)
#             g.digit       Globigerina digitata (Count)
#             g.falco       Globigerina falconensis (Count)
#             g.glut        Globigerinita glutinata (Count)
#             g.hirsu       Globorotalia hirsuta (Count)
#             g.infla       Globorotalia inflata (Count)
#             g.menar       Globorotalia menardii (Count)
#             g.quinq       Globigerina quinquiloba (Count)
#             g.rub-p       Globigerinoides ruber (pink) (Count)
#             g.rub-w       Globigerinoides ruber (white) (Count)
#             g.rubes       Globigerina rubescens (Count)
#             g.sac-ns      Globigerinoides sacculifer (no sac) (Count)
#             g.sac-ws      Globigerinoides sacculifer (with sac) (Count)
#             g.scit        Globorotalia scitula (Count)
#             g.tenn        Globigerinoides tenellus (Count)
#             g.trc-l       Globorotalia truncatulinoides (left coiling) (Count)
#             g.trc-r       Globorotalia truncatulinoides (right coiling) (Count)
#             g.tumi        Globorotalia tumida (Count)
#             gyrmar        Gyre margin foraminifer assemblage
#             n.duter       Neogloboquadrina dutertrei (Count)
#             n.pachy-l     Neogloboquadrina pachyderma (left coiling) (Count)
#             n.pachy-r     Neogloboquadrina pachyderma (right coiling) (Count)
#             o.univer      Orbulina universa (Count)
#             otherfor      Unidentified planktonic foraminifers (Count)
#             p.obliq       Pulleniatina obliquiloculata (Count)
#             pd            Globigerina pachyderma x Globoquadrina dutertrei intergrade (Count)
#             plank         Planktonic foraminifers (Count)
#             polar         Polar foraminifer assemblage
#             s.dehisc      Sphaeroidinella dehiscens (Count)
#             sst-aug       Sea Surface Temperature (C, August)
#             sst-feb       Sea Surface Temperature (C, February)
#             subpolar      Subpolar foraminifer assemblage
#             trans         Transitional foraminifer assemblage
#             trop/sub      Tropical/Subtropical foraminifer assemblage
#             upwell        Upwelling foraminifer assemblage
#             carb%         Calcium Carbonate percent
#             d13Cuvige     delta C13 PDB (Uvigerina sp.)
#             d18Ouvige     delta O18 PDB (Uvigerina sp.)
#
# CORE: CHAT 1K
depth	yrBP 	commun	forams-b	foramsfrag	frag%	g.aequi	g.bull	g.calid	g.cavern	g.congl	g.crass	g.crsula	g.digit	g.falco	g.glut	g.hirsu	g.infla	g.menar	g.quinq	g.rub-p	g.rub-w	g.rubes	g.sac-ns	g.sac-ws	g.scit	g.tenn	g.trc-l	g.trc-r	g.tumi	gyrmar	n.duter	n.pachy-l	n.pachy-r	o.univer	otherfor	p.obliq	pd	plank	polar	s.dehisc	sst-aug	sst-feb	subpolar	trans	trop/sub	upwell	carb%	d13Cuvige	d18Ouvige	
1	0	0.801	6	211	9.3	0	22	0	0	0	5	0	0	3	2	9	101	0	1	0	2	0	0	0	1	0	22	1	0	0.015	0	1	79	2	2	0	5	258	0.026	0	13.848	19.913	-0.363	0.801	-0.006	-0.166	-999	-999	-999	
2	-999	-999	-999	-999	-999	-999	-999	-999	-999	-999	-999	-999	-999	-999	-999	-999	-999	-999	-999	-999	-999	-999	-999	-999	-999	-999	-999	-999	-999	-999	-999	-999	-999	-999	-999	-999	-999	-999	-999	-999	-999	-999	-999	-999	-999	-999	50.55	-0.21	3.1	
6	-999	-999	-999	-999	-999	-999	-999	-999	-999	-999	-999	-999	-999	-999	-999	-999	-999	-999	-999	-999	-999	-999	-999	-999	-999	-999	-999	-999	-999	-999	-999	-999	-999	-999	-999	-999	-999	-999	-999	-999	-999	-999	-999	-999	-999	-999	50.82	-0.16	3.18	
10	3400	0.818	17	226	7.1	0	37	2	0	0	20	0	1	21	4	2	139	0	1	0	2	0	0	0	0	0	29	4	0	0.017	0	0	101	1	0	0	4	368	0.018	0	13.867	19.83	-0.356	0.826	-0.005	-0.086	56.03	-0.45	3.35	
14	-999	-999	-999	-999	-999	-999	-999	-999	-999	-999	-999	-999	-999	-999	-999	-999	-999	-999	-999	-999	-999	-999	-999	-999	-999	-999	-999	-999	-999	-999	-999	-999	-999	-999	-999	-999	-999	-999	-999	-999	-999	-999	-999	-999	-999	-999	57.22	-0.62	3.16	
18	-999	-999	-999	-999	-999	-999	-999	-999	-999	-999	-999	-999	-999	-999	-999	-999	-999	-999	-999	-999	-999	-999	-999	-999	-999	-999	-999	-999	-999	-999	-999	-999	-999	-999	-999	-999	-999	-999	-999	-999	-999	-999	-999	-999	-999	-999	59.31	-0.45	3.43	
20	6850	0.796	3	138	4.7	0	43	2	0	0	16	1	1	19	9	3	102	0	2	0	6	0	0	0	0	2	20	0	0	0.004	0	1	107	3	2	0	11	350	0.028	0	13.463	19.743	-0.503	0.729	0.026	-0.098	-999	-999	-999	
22	-999	-999	-999	-999	-999	-999	-999	-999	-999	-999	-999	-999	-999	-999	-999	-999	-999	-999	-999	-999	-999	-999	-999	-999	-999	-999	-999	-999	-999	-999	-999	-999	-999	-999	-999	-999	-999	-999	-999	-999	-999	-999	-999	-999	-999	-999	59.37	-0.47	3.73	
26	-999	-999	-999	-999	-999	-999	-999	-999	-999	-999	-999	-999	-999	-999	-999	-999	-999	-999	-999	-999	-999	-999	-999	-999	-999	-999	-999	-999	-999	-999	-999	-999	-999	-999	-999	-999	-999	-999	-999	-999	-999	-999	-999	-999	-999	-999	54.2	-0.33	3.45	
30	10300	0.774	6	133	5.1	0	54	2	0	0	4	0	0	5	3	0	104	0	0	0	2	0	0	0	1	0	23	0	0	0.026	0	4	99	5	0	0	4	310	0.057	0	12.207	18.727	-0.51	0.713	-0.014	-0.041	46.15	-0.76	4.6	
34	-999	-999	-999	-999	-999	-999	-999	-999	-999	-999	-999	-999	-999	-999	-999	-999	-999	-999	-999	-999	-999	-999	-999	-999	-999	-999	-999	-999	-999	-999	-999	-999	-999	-999	-999	-999	-999	-999	-999	-999	-999	-999	-999	-999	-999	-999	47.62	-0.75	4.64	
38	-999	-999	-999	-999	-999	-999	-999	-999	-999	-999	-999	-999	-999	-999	-999	-999	-999	-999	-999	-999	-999	-999	-999	-999	-999	-999	-999	-999	-999	-999	-999	-999	-999	-999	-999	-999	-999	-999	-999	-999	-999	-999	-999	-999	-999	-999	40	-0.42	4.04	
40	13500	0.822	4	96	3.8	0	43	1	0	0	11	0	0	8	12	0	105	0	10	0	1	0	0	0	1	0	16	0	0	0.028	0	1	88	2	1	0	8	308	0.041	0	12.775	19.301	-0.509	0.746	-0.007	-0.058	-999	-999	-999	
42	-999	-999	-999	-999	-999	-999	-999	-999	-999	-999	-999	-999	-999	-999	-999	-999	-999	-999	-999	-999	-999	-999	-999	-999	-999	-999	-999	-999	-999	-999	-999	-999	-999	-999	-999	-999	-999	-999	-999	-999	-999	-999	-999	-999	-999	-999	38.72	-0.93	4.64	
46	-999	-999	-999	-999	-999	-999	-999	-999	-999	-999	-999	-999	-999	-999	-999	-999	-999	-999	-999	-999	-999	-999	-999	-999	-999	-999	-999	-999	-999	-999	-999	-999	-999	-999	-999	-999	-999	-999	-999	-999	-999	-999	-999	-999	-999	-999	30.87	-0.81	4.57	
50	-999	-999	9	180	5.5	0	71	0	0	0	18	0	0	15	11	0	88	0	13	0	1	0	0	0	0	0	22	1	0	-999	0	0	128	1	1	0	20	390	-999	0	-999	-999	-999	-999	-999	-999	35.39	-0.86	4.71	
54	-999	-999	-999	-999	-999	-999	-999	-999	-999	-999	-999	-999	-999	-999	-999	-999	-999	-999	-999	-999	-999	-999	-999	-999	-999	-999	-999	-999	-999	-999	-999	-999	-999	-999	-999	-999	-999	-999	-999	-999	-999	-999	-999	-999	-999	-999	22.96	-0.73	4.83	
55	-999	-999	8	210	6.1	0	88	1	0	0	8	0	0	3	19	0	86	0	17	0	0	0	0	0	1	0	13	0	0	-999	0	4	139	0	0	0	28	407	-999	0	-999	-999	-999	-999	-999	-999	-999	-999	-999	
58	-999	-999	-999	-999	-999	-999	-999	-999	-999	-999	-999	-999	-999	-999	-999	-999	-999	-999	-999	-999	-999	-999	-999	-999	-999	-999	-999	-999	-999	-999	-999	-999	-999	-999	-999	-999	-999	-999	-999	-999	-999	-999	-999	-999	-999	-999	23.02	-0.77	4.53	
62	-999	-999	-999	-999	-999	-999	-999	-999	-999	-999	-999	-999	-999	-999	-999	-999	-999	-999	-999	-999	-999	-999	-999	-999	-999	-999	-999	-999	-999	-999	-999	-999	-999	-999	-999	-999	-999	-999	-999	-999	-999	-999	-999	-999	-999	-999	26.22	-0.75	4.53	
65	-999	-999	5	147	6.5	0	55	0	0	0	0	0	0	4	9	0	51	0	9	0	0	0	0	0	0	0	12	0	0	-999	0	6	102	1	1	0	13	263	-999	0	-999	-999	-999	-999	-999	-999	-999	-999	-999	
66	-999	-999	-999	-999	-999	-999	-999	-999	-999	-999	-999	-999	-999	-999	-999	-999	-999	-999	-999	-999	-999	-999	-999	-999	-999	-999	-999	-999	-999	-999	-999	-999	-999	-999	-999	-999	-999	-999	-999	-999	-999	-999	-999	-999	-999	-999	24.22	-0.7	4.44	
70	25700	0.795	8	127	2.9	0	120	2	0	0	1	0	1	5	23	0	128	0	20	0	0	0	0	0	2	0	25	0	0	0.024	0	11	169	1	1	0	15	524	0.089	0	10.481	16.737	-0.679	0.57	-0.015	0.016	18.93	-0.52	4.63	
74	-999	-999	-999	-999	-999	-999	-999	-999	-999	-999	-999	-999	-999	-999	-999	-999	-999	-999	-999	-999	-999	-999	-999	-999	-999	-999	-999	-999	-999	-999	-999	-999	-999	-999	-999	-999	-999	-999	-999	-999	-999	-999	-999	-999	-999	-999	4.62	-0.86	4.54	
78	-999	-999	-999	-999	-999	-999	-999	-999	-999	-999	-999	-999	-999	-999	-999	-999	-999	-999	-999	-999	-999	-999	-999	-999	-999	-999	-999	-999	-999	-999	-999	-999	-999	-999	-999	-999	-999	-999	-999	-999	-999	-999	-999	-999	-999	-999	0.63	-999	-999	
82	-999	-999	-999	-999	-999	-999	-999	-999	-999	-999	-999	-999	-999	-999	-999	-999	-999	-999	-999	-999	-999	-999	-999	-999	-999	-999	-999	-999	-999	-999	-999	-999	-999	-999	-999	-999	-999	-999	-999	-999	-999	-999	-999	-999	-999	-999	30	-0.71	4.54	
85	28500	0.587	15	94	3.2	0	58	0	0	0	9	0	0	0	8	0	50	0	5	0	0	0	0	0	1	0	9	0	0	-0.019	0	4	196	4	2	0	15	361	0.031	0	11.055	16.038	-0.643	0.347	-0.015	-0.227	-999	-999	-999	
86	-999	-999	-999	-999	-999	-999	-999	-999	-999	-999	-999	-999	-999	-999	-999	-999	-999	-999	-999	-999	-999	-999	-999	-999	-999	-999	-999	-999	-999	-999	-999	-999	-999	-999	-999	-999	-999	-999	-999	-999	-999	-999	-999	-999	-999	-999	35.42	-0.57	4.55	
90	-999	-999	-999	-999	-999	-999	-999	-999	-999	-999	-999	-999	-999	-999	-999	-999	-999	-999	-999	-999	-999	-999	-999	-999	-999	-999	-999	-999	-999	-999	-999	-999	-999	-999	-999	-999	-999	-999	-999	-999	-999	-999	-999	-999	-999	-999	33.31	-0.66	4.33	
94	-999	-999	-999	-999	-999	-999	-999	-999	-999	-999	-999	-999	-999	-999	-999	-999	-999	-999	-999	-999	-999	-999	-999	-999	-999	-999	-999	-999	-999	-999	-999	-999	-999	-999	-999	-999	-999	-999	-999	-999	-999	-999	-999	-999	-999	-999	31.67	-0.55	4.52	
98	-999	-999	-999	-999	-999	-999	-999	-999	-999	-999	-999	-999	-999	-999	-999	-999	-999	-999	-999	-999	-999	-999	-999	-999	-999	-999	-999	-999	-999	-999	-999	-999	-999	-999	-999	-999	-999	-999	-999	-999	-999	-999	-999	-999	-999	-999	40.3	-0.62	4.22	
100	38600	0.808	9	142	4.9	0	79	0	0	0	0	0	0	2	13	0	109	0	10	0	0	0	0	0	2	0	7	0	0	0.039	0	5	101	3	3	0	7	341	0.073	0	11.342	17.878	-0.602	0.661	-0.022	0.023	-999	-999	-999	
102	-999	-999	-999	-999	-999	-999	-999	-999	-999	-999	-999	-999	-999	-999	-999	-999	-999	-999	-999	-999	-999	-999	-999	-999	-999	-999	-999	-999	-999	-999	-999	-999	-999	-999	-999	-999	-999	-999	-999	-999	-999	-999	-999	-999	-999	-999	47.09	-0.62	4.36	
106	-999	-999	-999	-999	-999	-999	-999	-999	-999	-999	-999	-999	-999	-999	-999	-999	-999	-999	-999	-999	-999	-999	-999	-999	-999	-999	-999	-999	-999	-999	-999	-999	-999	-999	-999	-999	-999	-999	-999	-999	-999	-999	-999	-999	-999	-999	49.54	-0.43	4.37	
108	-999	-999	-999	-999	-999	-999	-999	-999	-999	-999	-999	-999	-999	-999	-999	-999	-999	-999	-999	-999	-999	-999	-999	-999	-999	-999	-999	-999	-999	-999	-999	-999	-999	-999	-999	-999	-999	-999	-999	-999	-999	-999	-999	-999	-999	-999	53.61	-0.49	3.96	
110	-999	-999	-999	-999	-999	-999	-999	-999	-999	-999	-999	-999	-999	-999	-999	-999	-999	-999	-999	-999	-999	-999	-999	-999	-999	-999	-999	-999	-999	-999	-999	-999	-999	-999	-999	-999	-999	-999	-999	-999	-999	-999	-999	-999	-999	-999	53.94	-0.48	4.29	
114	-999	-999	-999	-999	-999	-999	-999	-999	-999	-999	-999	-999	-999	-999	-999	-999	-999	-999	-999	-999	-999	-999	-999	-999	-999	-999	-999	-999	-999	-999	-999	-999	-999	-999	-999	-999	-999	-999	-999	-999	-999	-999	-999	-999	-999	-999	52.47	-0.64	4.1	
118	-999	-999	-999	-999	-999	-999	-999	-999	-999	-999	-999	-999	-999	-999	-999	-999	-999	-999	-999	-999	-999	-999	-999	-999	-999	-999	-999	-999	-999	-999	-999	-999	-999	-999	-999	-999	-999	-999	-999	-999	-999	-999	-999	-999	-999	-999	52.92	-0.95	4.19	
120	52300	0.668	0	120	2.8	0	69	0	0	0	0	0	0	0	17	0	108	0	1	0	0	0	0	0	1	0	25	0	0	-0.013	0	8	252	9	2	0	22	514	0.044	0	11.377	17.073	-0.63	0.464	-0.013	-0.231	52.56	-0.79	4.29	
122	-999	-999	-999	-999	-999	-999	-999	-999	-999	-999	-999	-999	-999	-999	-999	-999	-999	-999	-999	-999	-999	-999	-999	-999	-999	-999	-999	-999	-999	-999	-999	-999	-999	-999	-999	-999	-999	-999	-999	-999	-999	-999	-999	-999	-999	-999	53.01	-0.85	4.29	
126	-999	-999	-999	-999	-999	-999	-999	-999	-999	-999	-999	-999	-999	-999	-999	-999	-999	-999	-999	-999	-999	-999	-999	-999	-999	-999	-999	-999	-999	-999	-999	-999	-999	-999	-999	-999	-999	-999	-999	-999	-999	-999	-999	-999	-999	-999	48.19	-0.69	4.39	
130	-999	-999	-999	-999	-999	-999	-999	-999	-999	-999	-999	-999	-999	-999	-999	-999	-999	-999	-999	-999	-999	-999	-999	-999	-999	-999	-999	-999	-999	-999	-999	-999	-999	-999	-999	-999	-999	-999	-999	-999	-999	-999	-999	-999	-999	-999	48.62	-0.63	4.33	
132	-999	-999	-999	-999	-999	-999	-999	-999	-999	-999	-999	-999	-999	-999	-999	-999	-999	-999	-999	-999	-999	-999	-999	-999	-999	-999	-999	-999	-999	-999	-999	-999	-999	-999	-999	-999	-999	-999	-999	-999	-999	-999	-999	-999	-999	-999	42.13	-0.86	4.31	
134	-999	-999	-999	-999	-999	-999	-999	-999	-999	-999	-999	-999	-999	-999	-999	-999	-999	-999	-999	-999	-999	-999	-999	-999	-999	-999	-999	-999	-999	-999	-999	-999	-999	-999	-999	-999	-999	-999	-999	-999	-999	-999	-999	-999	-999	-999	41.35	-1.04	4.4	
138	-999	-999	-999	-999	-999	-999	-999	-999	-999	-999	-999	-999	-999	-999	-999	-999	-999	-999	-999	-999	-999	-999	-999	-999	-999	-999	-999	-999	-999	-999	-999	-999	-999	-999	-999	-999	-999	-999	-999	-999	-999	-999	-999	-999	-999	-999	39.56	-0.91	4.57	
140	65000	0.749	9	117	4.4	0	51	0	0	0	2	0	0	2	21	0	73	0	4	0	0	0	0	0	1	0	15	0	0	0	0	7	126	2	2	0	13	319	0.068	0	11.125	17.328	-0.659	0.535	-0.002	-0.153	-999	-999	-999	
142	-999	-999	-999	-999	-999	-999	-999	-999	-999	-999	-999	-999	-999	-999	-999	-999	-999	-999	-999	-999	-999	-999	-999	-999	-999	-999	-999	-999	-999	-999	-999	-999	-999	-999	-999	-999	-999	-999	-999	-999	-999	-999	-999	-999	-999	-999	40.07	-1.01	4.18	
144	-999	-999	-999	-999	-999	-999	-999	-999	-999	-999	-999	-999	-999	-999	-999	-999	-999	-999	-999	-999	-999	-999	-999	-999	-999	-999	-999	-999	-999	-999	-999	-999	-999	-999	-999	-999	-999	-999	-999	-999	-999	-999	-999	-999	-999	-999	38.05	-1	4.22	
146	-999	-999	-999	-999	-999	-999	-999	-999	-999	-999	-999	-999	-999	-999	-999	-999	-999	-999	-999	-999	-999	-999	-999	-999	-999	-999	-999	-999	-999	-999	-999	-999	-999	-999	-999	-999	-999	-999	-999	-999	-999	-999	-999	-999	-999	-999	38.04	-1.09	4.34	
150	-999	-999	-999	-999	-999	-999	-999	-999	-999	-999	-999	-999	-999	-999	-999	-999	-999	-999	-999	-999	-999	-999	-999	-999	-999	-999	-999	-999	-999	-999	-999	-999	-999	-999	-999	-999	-999	-999	-999	-999	-999	-999	-999	-999	-999	-999	43.03	-0.82	4.11	
154	-999	-999	-999	-999	-999	-999	-999	-999	-999	-999	-999	-999	-999	-999	-999	-999	-999	-999	-999	-999	-999	-999	-999	-999	-999	-999	-999	-999	-999	-999	-999	-999	-999	-999	-999	-999	-999	-999	-999	-999	-999	-999	-999	-999	-999	-999	43.98	-0.68	4.09	
156	-999	-999	-999	-999	-999	-999	-999	-999	-999	-999	-999	-999	-999	-999	-999	-999	-999	-999	-999	-999	-999	-999	-999	-999	-999	-999	-999	-999	-999	-999	-999	-999	-999	-999	-999	-999	-999	-999	-999	-999	-999	-999	-999	-999	-999	-999	50.81	-0.48	4.14	
158	-999	-999	-999	-999	-999	-999	-999	-999	-999	-999	-999	-999	-999	-999	-999	-999	-999	-999	-999	-999	-999	-999	-999	-999	-999	-999	-999	-999	-999	-999	-999	-999	-999	-999	-999	-999	-999	-999	-999	-999	-999	-999	-999	-999	-999	-999	52.18	-0.44	4.04	
160	76500	0.567	12	140	4.2	0	22	0	0	0	0	0	0	1	2	0	70	0	0	0	0	0	0	0	0	0	17	1	0	-0.039	0	4	256	1	3	0	18	395	0.015	0	12.685	16.767	-0.553	0.364	-0.016	-0.356	-999	-999	-999	
162	-999	-999	-999	-999	-999	-999	-999	-999	-999	-999	-999	-999	-999	-999	-999	-999	-999	-999	-999	-999	-999	-999	-999	-999	-999	-999	-999	-999	-999	-999	-999	-999	-999	-999	-999	-999	-999	-999	-999	-999	-999	-999	-999	-999	-999	-999	54.94	-0.49	4	
166	-999	-999	-999	-999	-999	-999	-999	-999	-999	-999	-999	-999	-999	-999	-999	-999	-999	-999	-999	-999	-999	-999	-999	-999	-999	-999	-999	-999	-999	-999	-999	-999	-999	-999	-999	-999	-999	-999	-999	-999	-999	-999	-999	-999	-999	-999	54.45	-0.34	3.94	
168	-999	-999	-999	-999	-999	-999	-999	-999	-999	-999	-999	-999	-999	-999	-999	-999	-999	-999	-999	-999	-999	-999	-999	-999	-999	-999	-999	-999	-999	-999	-999	-999	-999	-999	-999	-999	-999	-999	-999	-999	-999	-999	-999	-999	-999	-999	56.52	-0.44	3.9	
170	-999	-999	-999	-999	-999	-999	-999	-999	-999	-999	-999	-999	-999	-999	-999	-999	-999	-999	-999	-999	-999	-999	-999	-999	-999	-999	-999	-999	-999	-999	-999	-999	-999	-999	-999	-999	-999	-999	-999	-999	-999	-999	-999	-999	-999	-999	55.7	-0.43	3.73	
174	-999	-999	-999	-999	-999	-999	-999	-999	-999	-999	-999	-999	-999	-999	-999	-999	-999	-999	-999	-999	-999	-999	-999	-999	-999	-999	-999	-999	-999	-999	-999	-999	-999	-999	-999	-999	-999	-999	-999	-999	-999	-999	-999	-999	-999	-999	54.98	-0.46	3.8	
178	-999	-999	-999	-999	-999	-999	-999	-999	-999	-999	-999	-999	-999	-999	-999	-999	-999	-999	-999	-999	-999	-999	-999	-999	-999	-999	-999	-999	-999	-999	-999	-999	-999	-999	-999	-999	-999	-999	-999	-999	-999	-999	-999	-999	-999	-999	57.58	-0.71	3.63	
180	86200	0.739	4	145	4.9	0	35	1	0	0	0	0	0	6	11	0	90	0	0	0	5	0	1	0	1	0	10	2	0	-0.016	0	3	157	1	2	0	24	349	0.029	0	12.945	18.7	-0.579	0.567	0.013	-0.283	50.54	-0.5	3.66	
182	-999	-999	-999	-999	-999	-999	-999	-999	-999	-999	-999	-999	-999	-999	-999	-999	-999	-999	-999	-999	-999	-999	-999	-999	-999	-999	-999	-999	-999	-999	-999	-999	-999	-999	-999	-999	-999	-999	-999	-999	-999	-999	-999	-999	-999	-999	52.32	-0.54	4.04	
186	-999	-999	-999	-999	-999	-999	-999	-999	-999	-999	-999	-999	-999	-999	-999	-999	-999	-999	-999	-999	-999	-999	-999	-999	-999	-999	-999	-999	-999	-999	-999	-999	-999	-999	-999	-999	-999	-999	-999	-999	-999	-999	-999	-999	-999	-999	50.08	-0.6	3.88	
190	-999	-999	-999	-999	-999	-999	-999	-999	-999	-999	-999	-999	-999	-999	-999	-999	-999	-999	-999	-999	-999	-999	-999	-999	-999	-999	-999	-999	-999	-999	-999	-999	-999	-999	-999	-999	-999	-999	-999	-999	-999	-999	-999	-999	-999	-999	49.13	-0.53	3.97	
194	-999	-999	-999	-999	-999	-999	-999	-999	-999	-999	-999	-999	-999	-999	-999	-999	-999	-999	-999	-999	-999	-999	-999	-999	-999	-999	-999	-999	-999	-999	-999	-999	-999	-999	-999	-999	-999	-999	-999	-999	-999	-999	-999	-999	-999	-999	48.76	-0.48	3.95	
198	-999	-999	-999	-999	-999	-999	-999	-999	-999	-999	-999	-999	-999	-999	-999	-999	-999	-999	-999	-999	-999	-999	-999	-999	-999	-999	-999	-999	-999	-999	-999	-999	-999	-999	-999	-999	-999	-999	-999	-999	-999	-999	-999	-999	-999	-999	49.95	-0.4	3.85	
200	95900	0.764	9	220	6.5	0	46	1	0	0	0	0	0	4	9	2	130	0	3	0	1	0	0	0	2	0	6	1	0	0.001	0	4	165	1	2	0	19	396	0.037	0	12.684	19.003	-0.528	0.653	-0.015	-0.238	53.71	-0.43	3.77	
204	-999	-999	-999	-999	-999	-999	-999	-999	-999	-999	-999	-999	-999	-999	-999	-999	-999	-999	-999	-999	-999	-999	-999	-999	-999	-999	-999	-999	-999	-999	-999	-999	-999	-999	-999	-999	-999	-999	-999	-999	-999	-999	-999	-999	-999	-999	54.38	-0.51	3.71	
208	-999	-999	-999	-999	-999	-999	-999	-999	-999	-999	-999	-999	-999	-999	-999	-999	-999	-999	-999	-999	-999	-999	-999	-999	-999	-999	-999	-999	-999	-999	-999	-999	-999	-999	-999	-999	-999	-999	-999	-999	-999	-999	-999	-999	-999	-999	54.66	-0.29	3.71	
212	-999	-999	-999	-999	-999	-999	-999	-999	-999	-999	-999	-999	-999	-999	-999	-999	-999	-999	-999	-999	-999	-999	-999	-999	-999	-999	-999	-999	-999	-999	-999	-999	-999	-999	-999	-999	-999	-999	-999	-999	-999	-999	-999	-999	-999	-999	52.71	-0.71	3.7	
216	-999	-999	-999	-999	-999	-999	-999	-999	-999	-999	-999	-999	-999	-999	-999	-999	-999	-999	-999	-999	-999	-999	-999	-999	-999	-999	-999	-999	-999	-999	-999	-999	-999	-999	-999	-999	-999	-999	-999	-999	-999	-999	-999	-999	-999	-999	49.88	-0.54	4.04	
220	105600	0.781	6	205	5.5	0	45	0	0	0	1	0	0	6	7	0	173	0	2	0	5	0	0	0	1	0	15	2	0	0.011	0	2	162	7	2	0	10	440	0.028	0	13.638	19.896	-0.427	0.746	-0.003	-0.203	49.73	-0.61	3.96	
224	-999	-999	-999	-999	-999	-999	-999	-999	-999	-999	-999	-999	-999	-999	-999	-999	-999	-999	-999	-999	-999	-999	-999	-999	-999	-999	-999	-999	-999	-999	-999	-999	-999	-999	-999	-999	-999	-999	-999	-999	-999	-999	-999	-999	-999	-999	49.16	-0.62	3.92	
228	-999	-999	-999	-999	-999	-999	-999	-999	-999	-999	-999	-999	-999	-999	-999	-999	-999	-999	-999	-999	-999	-999	-999	-999	-999	-999	-999	-999	-999	-999	-999	-999	-999	-999	-999	-999	-999	-999	-999	-999	-999	-999	-999	-999	-999	-999	50.28	-0.68	3.93	
232	-999	-999	-999	-999	-999	-999	-999	-999	-999	-999	-999	-999	-999	-999	-999	-999	-999	-999	-999	-999	-999	-999	-999	-999	-999	-999	-999	-999	-999	-999	-999	-999	-999	-999	-999	-999	-999	-999	-999	-999	-999	-999	-999	-999	-999	-999	60.16	-0.55	3.76	
236	-999	-999	-999	-999	-999	-999	-999	-999	-999	-999	-999	-999	-999	-999	-999	-999	-999	-999	-999	-999	-999	-999	-999	-999	-999	-999	-999	-999	-999	-999	-999	-999	-999	-999	-999	-999	-999	-999	-999	-999	-999	-999	-999	-999	-999	-999	55.75	-0.69	4	
240	115300	0.691	10	175	5.5	0	48	0	0	0	0	3	0	8	8	0	108	0	1	0	3	0	0	0	1	0	16	1	0	-0.009	0	2	168	1	0	0	8	376	0.027	0	12.714	18.762	-0.545	0.595	-0.004	-0.201	58.88	-0.55	3.28	
244	-999	-999	-999	-999	-999	-999	-999	-999	-999	-999	-999	-999	-999	-999	-999	-999	-999	-999	-999	-999	-999	-999	-999	-999	-999	-999	-999	-999	-999	-999	-999	-999	-999	-999	-999	-999	-999	-999	-999	-999	-999	-999	-999	-999	-999	-999	59.76	-0.5	3.37	
248	-999	-999	-999	-999	-999	-999	-999	-999	-999	-999	-999	-999	-999	-999	-999	-999	-999	-999	-999	-999	-999	-999	-999	-999	-999	-999	-999	-999	-999	-999	-999	-999	-999	-999	-999	-999	-999	-999	-999	-999	-999	-999	-999	-999	-999	-999	59.56	-0.55	3.38	
252	-999	-999	-999	-999	-999	-999	-999	-999	-999	-999	-999	-999	-999	-999	-999	-999	-999	-999	-999	-999	-999	-999	-999	-999	-999	-999	-999	-999	-999	-999	-999	-999	-999	-999	-999	-999	-999	-999	-999	-999	-999	-999	-999	-999	-999	-999	58.45	-0.61	3.76	
256	-999	-999	-999	-999	-999	-999	-999	-999	-999	-999	-999	-999	-999	-999	-999	-999	-999	-999	-999	-999	-999	-999	-999	-999	-999	-999	-999	-999	-999	-999	-999	-999	-999	-999	-999	-999	-999	-999	-999	-999	-999	-999	-999	-999	-999	-999	62.22	-0.62	3.81	
260	124900	0.855	8	167	6.1	0	44	3	0	0	5	3	0	12	11	2	115	0	0	0	28	0	1	0	2	2	9	4	0	0.024	1	0	60	15	0	0	2	319	0.031	0	15.474	21.494	-0.369	0.829	0.175	0.011	64.81	-0.55	3.86	
264	-999	-999	-999	-999	-999	-999	-999	-999	-999	-999	-999	-999	-999	-999	-999	-999	-999	-999	-999	-999	-999	-999	-999	-999	-999	-999	-999	-999	-999	-999	-999	-999	-999	-999	-999	-999	-999	-999	-999	-999	-999	-999	-999	-999	-999	-999	70.75	-0.6	4.11	
268	-999	-999	-999	-999	-999	-999	-999	-999	-999	-999	-999	-999	-999	-999	-999	-999	-999	-999	-999	-999	-999	-999	-999	-999	-999	-999	-999	-999	-999	-999	-999	-999	-999	-999	-999	-999	-999	-999	-999	-999	-999	-999	-999	-999	-999	-999	68.83	-0.81	4.3	
272	-999	-999	-999	-999	-999	-999	-999	-999	-999	-999	-999	-999	-999	-999	-999	-999	-999	-999	-999	-999	-999	-999	-999	-999	-999	-999	-999	-999	-999	-999	-999	-999	-999	-999	-999	-999	-999	-999	-999	-999	-999	-999	-999	-999	-999	-999	63	-1.12	4.64	
276	-999	-999	-999	-999	-999	-999	-999	-999	-999	-999	-999	-999	-999	-999	-999	-999	-999	-999	-999	-999	-999	-999	-999	-999	-999	-999	-999	-999	-999	-999	-999	-999	-999	-999	-999	-999	-999	-999	-999	-999	-999	-999	-999	-999	-999	-999	60.3	-1.09	4.82	
280	134600	0.743	8	149	3.1	0	137	0	0	0	4	0	0	7	33	0	105	0	5	0	3	0	0	0	1	0	62	0	0	0.015	0	8	196	17	2	0	11	591	0.066	0	10.538	16.385	-0.714	0.472	0.008	0.07	62.35	0.91	4.66	
284	-999	-999	-999	-999	-999	-999	-999	-999	-999	-999	-999	-999	-999	-999	-999	-999	-999	-999	-999	-999	-999	-999	-999	-999	-999	-999	-999	-999	-999	-999	-999	-999	-999	-999	-999	-999	-999	-999	-999	-999	-999	-999	-999	-999	-999	-999	57.74	-1.17	4.85	
288	-999	-999	-999	-999	-999	-999	-999	-999	-999	-999	-999	-999	-999	-999	-999	-999	-999	-999	-999	-999	-999	-999	-999	-999	-999	-999	-999	-999	-999	-999	-999	-999	-999	-999	-999	-999	-999	-999	-999	-999	-999	-999	-999	-999	-999	-999	59.89	-1.11	4.81	
292	-999	-999	-999	-999	-999	-999	-999	-999	-999	-999	-999	-999	-999	-999	-999	-999	-999	-999	-999	-999	-999	-999	-999	-999	-999	-999	-999	-999	-999	-999	-999	-999	-999	-999	-999	-999	-999	-999	-999	-999	-999	-999	-999	-999	-999	-999	58.53	-1.14	4.62	
296	-999	-999	-999	-999	-999	-999	-999	-999	-999	-999	-999	-999	-999	-999	-999	-999	-999	-999	-999	-999	-999	-999	-999	-999	-999	-999	-999	-999	-999	-999	-999	-999	-999	-999	-999	-999	-999	-999	-999	-999	-999	-999	-999	-999	-999	-999	58.63	-1.17	4.66	
300	144300	0.853	2	82	2.8	0	78	0	0	0	2	0	0	5	32	0	52	0	7	0	0	0	0	0	1	0	23	1	0	0.012	0	28	102	2	0	0	20	353	0.221	0	8.803	14.14	-0.781	0.438	0.012	0.044	59.61	-1.26	4.72	
304	-999	-999	-999	-999	-999	-999	-999	-999	-999	-999	-999	-999	-999	-999	-999	-999	-999	-999	-999	-999	-999	-999	-999	-999	-999	-999	-999	-999	-999	-999	-999	-999	-999	-999	-999	-999	-999	-999	-999	-999	-999	-999	-999	-999	-999	-999	60.29	-1.2	4.73	
308	-999	-999	-999	-999	-999	-999	-999	-999	-999	-999	-999	-999	-999	-999	-999	-999	-999	-999	-999	-999	-999	-999	-999	-999	-999	-999	-999	-999	-999	-999	-999	-999	-999	-999	-999	-999	-999	-999	-999	-999	-999	-999	-999	-999	-999	-999	60.17	-1.06	4.68	
312	-999	-999	-999	-999	-999	-999	-999	-999	-999	-999	-999	-999	-999	-999	-999	-999	-999	-999	-999	-999	-999	-999	-999	-999	-999	-999	-999	-999	-999	-999	-999	-999	-999	-999	-999	-999	-999	-999	-999	-999	-999	-999	-999	-999	-999	-999	56.88	-1.23	4.68	
316	-999	-999	-999	-999	-999	-999	-999	-999	-999	-999	-999	-999	-999	-999	-999	-999	-999	-999	-999	-999	-999	-999	-999	-999	-999	-999	-999	-999	-999	-999	-999	-999	-999	-999	-999	-999	-999	-999	-999	-999	-999	-999	-999	-999	-999	-999	58.9	-1.18	4.6	
320	154000	0.615	10	102	2.6	0	79	1	0	0	3	0	0	2	33	0	43	0	2	0	0	0	0	0	2	2	23	0	0	-0.026	0	14	251	6	0	0	13	474	0.067	0	9.674	14.415	-0.714	0.267	0.003	-0.17	58.58	-1.08	4.71	
324	-999	-999	-999	-999	-999	-999	-999	-999	-999	-999	-999	-999	-999	-999	-999	-999	-999	-999	-999	-999	-999	-999	-999	-999	-999	-999	-999	-999	-999	-999	-999	-999	-999	-999	-999	-999	-999	-999	-999	-999	-999	-999	-999	-999	-999	-999	57.8	-1.23	4.64	
328	-999	-999	-999	-999	-999	-999	-999	-999	-999	-999	-999	-999	-999	-999	-999	-999	-999	-999	-999	-999	-999	-999	-999	-999	-999	-999	-999	-999	-999	-999	-999	-999	-999	-999	-999	-999	-999	-999	-999	-999	-999	-999	-999	-999	-999	-999	57.91	-1.11	4.61	
332	-999	-999	-999	-999	-999	-999	-999	-999	-999	-999	-999	-999	-999	-999	-999	-999	-999	-999	-999	-999	-999	-999	-999	-999	-999	-999	-999	-999	-999	-999	-999	-999	-999	-999	-999	-999	-999	-999	-999	-999	-999	-999	-999	-999	-999	-999	56.69	-1.21	4.61	
336	-999	-999	-999	-999	-999	-999	-999	-999	-999	-999	-999	-999	-999	-999	-999	-999	-999	-999	-999	-999	-999	-999	-999	-999	-999	-999	-999	-999	-999	-999	-999	-999	-999	-999	-999	-999	-999	-999	-999	-999	-999	-999	-999	-999	-999	-999	54.72	-1.16	4.8	
340	163700	0.705	4	56	2.1	0	55	0	0	0	1	0	0	0	22	0	56	0	8	0	0	0	0	0	1	0	13	0	0	0	3	4	146	2	2	0	14	327	0.048	0	10.771	16.479	-0.705	0.418	0	-0.174	56.03	-1.4	4.62	
344	-999	-999	-999	-999	-999	-999	-999	-999	-999	-999	-999	-999	-999	-999	-999	-999	-999	-999	-999	-999	-999	-999	-999	-999	-999	-999	-999	-999	-999	-999	-999	-999	-999	-999	-999	-999	-999	-999	-999	-999	-999	-999	-999	-999	-999	-999	54.56	-1.35	4.59	
348	-999	-999	-999	-999	-999	-999	-999	-999	-999	-999	-999	-999	-999	-999	-999	-999	-999	-999	-999	-999	-999	-999	-999	-999	-999	-999	-999	-999	-999	-999	-999	-999	-999	-999	-999	-999	-999	-999	-999	-999	-999	-999	-999	-999	-999	-999	53.78	-1.23	4.81	
352	-999	-999	-999	-999	-999	-999	-999	-999	-999	-999	-999	-999	-999	-999	-999	-999	-999	-999	-999	-999	-999	-999	-999	-999	-999	-999	-999	-999	-999	-999	-999	-999	-999	-999	-999	-999	-999	-999	-999	-999	-999	-999	-999	-999	-999	-999	52.46	-1.39	4.52	
353	170000	0.65	5	126	5	0	47	0	0	0	3	0	0	0	19	0	41	0	11	0	1	0	0	0	1	2	20	0	0	-0.019	0	2	143	0	0	0	9	299	0.039	0	10.639	15.732	-0.706	0.352	0.006	-0.162	-999	-999	-999	
356	-999	-999	-999	-999	-999	-999	-999	-999	-999	-999	-999	-999	-999	-999	-999	-999	-999	-999	-999	-999	-999	-999	-999	-999	-999	-999	-999	-999	-999	-999	-999	-999	-999	-999	-999	-999	-999	-999	-999	-999	-999	-999	-999	-999	-999	-999	52.79	-1.38	4.52	
