# East China Sea, offshore Yangtze River Valley d18O, d13C, and Mg/Ca Data and SST Reconstruction over the last 400,000 years
#----------------------------------------------------
#                World Data Service for Paleoclimatology, Boulder
#                                  and
#                     NOAA Paleoclimatology Program
#             National Centers for Environmental Information (NCEI)
#----------------------------------------------------
# Template Version 4.0
# Encoding: UTF-8
# NOTE: Please cite original publication, NOAA Landing Page URL, dataset and publication DOIs (where available), and date accessed when using downloaded data. If there is no publication information, please cite investigator, study title, NOAA Landing Page URL, and date accessed.
#
# Description/Documentation lines begin with #
# Data lines have no #
#
# NOAA_Landing_Page: https://www.ncei.noaa.gov/access/paleo-search/study/24810
#   Landing_Page_Description: NOAA Landing Page of this file's parent study, which includes all study metadata.
#
# Study_Level_JSON_Metadata: https://www.ncei.noaa.gov/pub/data/metadata/published/paleo/json/noaa-ocean-24810.json
#   Study_Level_JSON_Description: JSON metadata of this data file's parent study, which includes all study metadata.
#
# Data_Type: Paleoceanography
#
# Dataset_DOI: 10.25921/ztxm-pm44
#
# Science_Keywords: 
#--------------------
# Resource_Links
#
# Data_Download_Resource:  https://www.ncei.noaa.gov/pub/data/paleo/contributions_by_author/clemens2018/clemens2018-u1429-uk37sst-noaa.txt
#   Data_Download_Description: NOAA Template File; U1429 Uk'37 SST Data
#
#--------------------
# Contribution_Date
#   Date: 2018-07-30
#--------------------
# File_Last_Modified_Date
#   Date: 2024-08-17
#--------------------
# Title
#   Study_Name: East China Sea, offshore Yangtze River Valley d18O, d13C, and Mg/Ca Data and SST Reconstruction over the last 400,000 years
#--------------------
# Investigators
#   Investigators: Clemens, S.C.(https://orcid.org/0000-0002-1136-7815); Holbourn, A.(https://orcid.org/0000-0002-3167-0862); Kubota, Y.; Lee, K.E.; Liu, Z.(https://orcid.org/0000-0003-4554-2666); Chen, G.; Nelson, A.; Fox-Kemper, B.
#--------------------
# Description_Notes_and_Keywords
#   Description: Seawater d18O reconstruction as a proxy for Asian monsoon rainfall and runoff from the Yangtze River Valley, China. Provided Keywords: Asian Monsoon, paleoclimate paleoceanography, East China Sea, IODP, Site U1429
#--------------------
# Publication
#   Authors: Clemens, S.C., Holbourn, A., Kubota, Y., Lee, K.E., Liu, Z., Chen, G.,Nelson, A., Fox-Kemper, B.
#   Journal_Name: Nature Communications
#   Published_Title: Precession-band Variance Missing from East Asian monsoon Runoff
#   Published_Date_or_Year: 2018
#   Volume: 9
#   Pages: 
#   Issue: 
#   Report_Number: 3364
#   DOI: 10.1038/s41467-018-05814-0
#   Full_Citation:
#   Abstract: Speleothem CaCO3 d18O is a commonly employed paleomonsoon proxy. However, inferring local rainfall amount from speleothem d18O can be complicated due to changing source water d18O, temperature effects, and rainout over the moisture transport path. These complications are addressed using d18O of planktonic foraminiferal CaCO3, offshore from the Yangtze River Valley (YRV). The advantage is that the effects of global seawater d18O and local temperature changes can be quantitatively removed, yielding a record of local seawater d18O, a proxy that responds primarily to dilution by local precipitation and runoff. Whereas YRV speleothem d18O is dominated by precession-band (23-ky) cyclicity, local seawater d18O is dominated by eccentricity (100-ky) and obliquity (41-ky) cycles, with almost no precession-scale variance. These results, consistent with records outside the YRV, suggest that East Asian monsoon rainfall is more sensitive to greenhouse gas and high latitude ice sheet forcing than to direct insolation forcing.
#--------------------
# Funding_Agency
#   Funding_Agency_Name: National Science Foundation of China 
#   Grant: 41690115
#--------------------
# Funding_Agency
#   Funding_Agency_Name: US National Science Foundation
#   Grant: OCE-1435266, OCE-1129408
#--------------------
# Funding_Agency
#   Funding_Agency_Name: Japan Society for the Promotion of Science (JSPS)
#   Grant: JP15K21656
#--------------------
# Funding_Agency
#   Funding_Agency_Name: Office of Naval Research
#   Grant: N00014-17-1-2393
#--------------------
# Funding_Agency
#   Funding_Agency_Name: Korea Meteorological Industry Promotion Agency
#   Grant: 2015-6070
#--------------------
# Funding_Agency
#   Funding_Agency_Name: University of Kiel Institute for Geoscience
#   Grant:
#--------------------
# Site_Information
#   Site_Name: IODP U1429
#   Location: East China Sea
#   Northernmost_Latitude: 31.617333
#   Southernmost_Latitude: 31.617333
#   Easternmost_Longitude: 128.9975
#   Westernmost_Longitude: 128.9975
#   Elevation_m: -732
#--------------------
# Data_Collection
#   Collection_Name: IODP U1429 Uk37-SST Clemens2018
#   First_Year: 
#   Last_Year: 
#   Time_Unit: 
#   Core_Length_m: 181.6
#   Parameter_Keywords: reconstruction
#   Notes: 
#--------------------
# Chronology_Information
# Chronology:
# 
# Chronology established by correlation of U1429 benthic d18O to global Benthic d18O Stack of Lisiecke and Raymo (2005; doi:10.1029/2004PA001071)
# Benthic Chronology
# Splice Depth CCSF-D (mbsf)	Age (cal yr BP)
# 0.82	2.0671
# 3.07	8.944
# 8.65	18.09
# 21.84	37.939
# 27.85	44.999
# 34.55	55
# 43.29	75.049
# 46.75	84.055
# 49.90078773	89.88404638
# 53.12571968	90.04398241
# 56.75077288	96.13328334
# 59.18969254	102.8388645
# 60.81	108.82
# 64.56	122.9
# 70.69	134.97
# 90.6	166.93
# 103.203033	199.4779797
# 106.5190035	210.1559376
# 110.29	216.89
# 119.4	237.05
# 120.86	242.43
# 125.8	242.58
# 130.3	251.96
# 145.25	283.4
# 153.0552774	300.409919
# 160.72	329.06
# 165.29	341.07
# 181.14	393.27
#
# Speleothem Chronology
# Splice Depth CCSF-D (mbsf)	Age (cal yr BP)
# 0.221718095	0.494757347
# 3.820548188	9.635708149
# 5.43423521	12.36450594
# 8.649856182	16.11165295
# 18.09884749	29.14108184
# 18.53910565	30.7924625
# 19.10766661	32.47845211
# 19.53777345	33.72694744
# 20.24101513	35.08544633
# 20.83582709	36.05293109
# 22.03219795	38.38590911
# 22.83326338	39.52734438
# 23.27821033	40.04148456
# 23.84623573	41.22850272
# 24.40401191	42.61512863
# 25.43584431	44.01352333
# 27.32202361	46.45755922
# 28.97516369	48.2264256
# 30.62297287	49.38576626
# 31.80900329	53.0354562
# 33.20619051	55.11499299
# 34.48439539	58.76125059
# 35.7131823	59.92602422
# 37.80192464	65.07772861
# 42.04287848	72.21968879
# 42.99906569	73.33348471
# 43.86317553	76.05162058
# 48.71456255	88.5096199
# 50.08582315	90.56247183
# 53.17034338	91.81444878
# 54.09257839	94.39149169
# 57.31459323	100.4128905
# 58.30231666	105.1365212
# 60.15479929	108.1957783
# 60.75864785	108.6973927
# 62.11931207	115.6166781
# 63.17224106	117.5169418
# 64.07724292	120.3816551
# 64.4564897	121.062658
# 66.64408981	128.4849314
# 67.96511399	130.5885302
# 70.72835299	133.4753083
# 72.20979254	136.1460791
# 80.28123189	147.3842006
# 84.72767581	157.0040038
# 87.48768297	160.8489467
# 88.81313778	164.6892349
# 90.34907666	165.4917173
# 92.2572382	169.8189323
# 96.17489595	175.8167323
# 96.84880203	178.5294442
# 97.52741786	179.6431355
# 101.0347749	191.1454841
# 101.9760854	193.0209983
# 104.4210279	200.5516183
# 105.1672467	208.7713353
# 116.8816099	229.17073
# 117.1946623	232.1474044
# 118.6780308	234.5264574
# 120.226059	242.0700074
# 126.7330252	243.6478637
# 127.806697	249.0744054
# 129.0620409	250.3864207
# 130.8024298	251.6314491
# 137.1094592	263.8543862
# 142.5347196	280.2982904
# 144.6568007	282.5578609
# 145.6733868	286.8859376
# 148.0043367	289.9076893
# 149.7900761	294.5365827
# 153.8045695	302.3231075
# 157.4383559	317.3100677
# 158.528684	323.1295231
# 162.2766043	334.6166386
# 165.7589496	338.6792408
# 173.7897604	366.0365271
# 177.1110735	377.808767
#
#--------------------
# Variables
# PaST_Thesaurus_Download_Resource: https://www.ncei.noaa.gov/access/paleo-search/skos/past-thesaurus.rdf
#   PaST_Thesaurus_Download_Description: Paleoenvironmental Standard Terms (PaST) Thesaurus terms, definitions, and relationships in SKOS format.
#
# Data variables follow that are preceded by '##' in columns one and two.
# Variables list, one per line, shortname-tab-var components: what, material, error, units, seasonality, data type, detail, method, C or N for Character or Numeric data)
#
## Hole	sample identification,,,,,climate reconstructions;paleoceanography,,,C,hole; 10.2204/iodp.proc.346.102.2015
## Core	sample identification,,,,,climate reconstructions;paleoceanography,,,C,core; 10.2204/iodp.proc.346.102.2015
## Section	sample identification,,,,,climate reconstructions;paleoceanography,,,N,section; 10.2204/iodp.proc.346.102.2015
## SectionTop	depth at sample end,,,centimeter,,climate reconstructions;paleoceanography,,,N,top depth within section
## SectionBot	depth at sample start,,,centimeter,,climate reconstructions;paleoceanography,,,N,bottom depth within section
## SectDepth	depth,,,centimeter,,climate reconstructions;paleoceanography,,,N,middle depth within section
## Depth_CSF-A	depth,,,meter,,climate reconstructions;paleoceanography,,,N,core depth below seafloor
## Depth_CCSF-A	depth,,,meter,,climate reconstructions;paleoceanography,,,N,composite depth below seafloor
## SpliceDepth_CCSF-D	depth,,,meter,,climate reconstructions;paleoceanography,,,N,spliced composite depth below seafloor
## Uk37-SST	sea surface temperature,alkenone unsaturation index,,degree Celsius,,climate reconstructions;paleoceanography,,gas chromatography,N,
#--------------------
# Data:
# Data lines follow (have no #)
# Data line format - tab-delimited text, variable short name as header
# Missing_Values: -999
Hole	Core	Section	SectionTop	SectionBot	SectDepth	Depth_CSF-A	Depth_CCSF-A	SpliceDepth_CCSF-D	Uk37-SST
U1429A	1H	1	4	5	4.5	0.05	0.22	0.22	23.4
U1429A	1H	1	14	15	14.5	0.15	0.32	0.32	24.0
U1429A	1H	1	24	25	24.5	0.25	0.42	0.42	23.8
U1429A	1H	1	34	35	34.5	0.35	0.52	0.52	23.5
U1429A	1H	1	44	45	44.5	0.45	0.62	0.62	23.9
U1429A	1H	1	54	55	54.5	0.55	0.72	0.72	24.0
U1429A	1H	1	64	65	64.5	0.65	0.82	0.82	23.7
U1429A	1H	1	74	75	74.5	0.75	0.92	0.92	24.0
U1429A	1H	1	84	85	84.5	0.85	1.02	1.02	23.6
U1429A	1H	1	94	95	94.5	0.95	1.12	1.12	23.7
U1429A	1H	1	104	105	104.5	1.05	1.22	1.22	23.9
U1429A	1H	1	114	115	114.5	1.15	1.32	1.32	23.6
U1429A	1H	1	124	125	124.5	1.25	1.42	1.42	23.6
U1429A	1H	1	134	135	134.5	1.35	1.52	1.52	23.8
U1429A	1H	1	144	145	144.5	1.45	1.62	1.62	23.5
U1429A	1H	2	4	5	4.5	1.55	1.72	1.72	23.2
U1429A	1H	2	14	15	14.5	1.65	1.82	1.82	23.6
U1429A	1H	2	24	25	24.5	1.75	1.92	1.92	23.5
U1429A	1H	2	34	35	34.5	1.85	2.02	2.02	23.6
U1429A	1H	2	44	45	44.5	1.95	2.12	2.12	23.4
U1429A	1H	2	54	55	54.5	2.05	2.22	2.22	23.0
U1429A	1H	2	64	65	64.5	2.15	2.32	2.32	22.7
U1429A	1H	2	74	75	74.5	2.25	2.42	2.42	23.3
U1429A	1H	2	84	85	84.5	2.35	2.52	2.52	23.1
U1429A	1H	2	94	95	94.5	2.45	2.62	2.62	22.7
U1429A	1H	2	104	105	104.5	2.55	2.72	2.72	22.8
U1429A	1H	2	114	115	114.5	2.65	2.82	2.82	22.5
U1429A	1H	2	124	125	124.5	2.75	2.92	2.92	23.2
U1429A	1H	2	134	135	134.5	2.85	3.02	3.02	23.6
U1429A	1H	2	144	145	144.5	2.95	3.12	3.12	23.7
U1429A	1H	3	4	5	4.5	3.05	3.22	3.22	23.8
U1429A	1H	3	14	15	14.5	3.15	3.32	3.32	23.3
U1429A	1H	3	24	25	24.5	3.25	3.42	3.42	23.3
U1429A	1H	3	34	35	34.5	3.35	3.52	3.52	23.4
U1429A	1H	3	44	45	44.5	3.45	3.62	3.62	23.4
U1429A	1H	3	54	55	54.5	3.55	3.72	3.72	23.5
U1429A	1H	3	64	65	64.5	3.65	3.82	3.82	23.2
U1429A	1H	3	74	75	74.5	3.75	3.92	3.92	22.9
U1429A	1H	3	84	85	84.5	3.85	4.02	4.02	23.1
U1429A	1H	3	94	95	94.5	3.95	4.12	4.12	22.9
U1429A	1H	3	104	105	104.5	4.05	4.22	4.22	23.0
U1429A	1H	3	114	115	114.5	4.15	4.32	4.32	22.5
U1429A	1H	3	124	125	124.5	4.25	4.42	4.42	22.5
U1429A	1H	3	134	135	134.5	4.35	4.52	4.52	22.4
U1429A	1H	3	144	145	144.5	4.45	4.62	4.62	22.5
U1429A	1H	4	5	6	5.5	4.56	4.73	4.73	21.9
U1429B	2H	2	14	15	14.5	4.55	4.85	4.85	21.9
U1429B	2H	2	24	25	24.5	4.65	4.95	4.95	21.4
U1429B	2H	2	34	35	34.5	4.75	5.05	5.05	21.5
U1429B	2H	2	44	45	44.5	4.85	5.15	5.15	21.1
U1429B	2H	2	54	55	54.5	4.95	5.25	5.25	21.4
U1429B	2H	2	64	65	64.5	5.05	5.35	5.35	21.3
U1429B	2H	2	74	75	74.5	5.15	5.45	5.45	21.5
U1429B	2H	2	84	85	84.5	5.25	5.55	5.55	21.4
U1429B	2H	2	94	95	94.5	5.35	5.65	5.65	21.4
U1429B	2H	2	104	105	104.5	5.45	5.75	5.75	21.4
U1429B	2H	2	114	115	114.5	5.55	5.85	5.85	21.4
U1429B	2H	2	124	125	124.5	5.65	5.95	5.95	21.6
U1429B	2H	2	134	135	134.5	5.75	6.05	6.05	21.3
U1429B	2H	2	144	145	144.5	5.85	6.15	6.15	21.5
U1429B	2H	3	0	1	0.5	5.91	6.21	6.21	21.3
U1429B	2H	3	10	11	10.5	6.01	6.31	6.31	21.2
U1429B	2H	3	20	21	20.5	6.11	6.41	6.41	21.1
U1429B	2H	3	30	31	30.5	6.21	6.51	6.51	21.2
U1429B	2H	3	40	41	40.5	6.31	6.61	6.61	21.2
U1429B	2H	3	50	51	50.5	6.41	6.71	6.71	21.3
U1429B	2H	3	60	61	60.5	6.51	6.81	6.81	21.2
U1429B	2H	3	70	71	70.5	6.61	6.91	6.91	21.0
U1429B	2H	3	80	81	80.5	6.71	7.01	7.01	20.9
U1429B	2H	3	90	91	90.5	6.81	7.11	7.11	21.0
U1429B	2H	3	100	101	100.5	6.91	7.21	7.21	20.7
U1429B	2H	3	110	111	110.5	7.01	7.31	7.31	20.5
U1429B	2H	3	120	121	120.5	7.11	7.41	7.41	20.5
U1429B	2H	3	132	133	132.5	7.23	7.53	7.53	20.2
U1429B	2H	3	140	141	140.5	7.31	7.61	7.61	20.4
U1429B	2H	4	4	5	4.5	7.45	7.75	7.75	20.3
U1429B	2H	4	14	15	14.5	7.55	7.85	7.85	20.4
U1429B	2H	4	24	25	24.5	7.65	7.95	7.95	20.4
U1429B	2H	4	34	35	34.5	7.75	8.05	8.05	20.2
U1429B	2H	4	44	45	44.5	7.85	8.15	8.15	20.2
U1429B	2H	4	54	55	54.5	7.95	8.25	8.25	20.1
U1429B	2H	4	64	65	64.5	8.05	8.35	8.35	20.1
U1429B	2H	4	74	75	74.5	8.15	8.45	8.45	19.8
U1429B	2H	4	84	85	84.5	8.25	8.55	8.55	20.0
U1429B	2H	4	94	95	94.5	8.35	8.65	8.65	19.9
U1429B	2H	4	104	105	104.5	8.45	8.75	8.75	19.9
U1429B	2H	4	114	115	114.5	8.55	8.85	8.85	19.7
U1429B	2H	4	124	125	124.5	8.65	8.95	8.95	19.8
U1429B	2H	4	134	135	134.5	8.75	9.05	9.05	19.9
U1429B	2H	4	144	145	144.5	8.85	9.15	9.15	19.9
U1429B	2H	5	4	5	4.5	8.95	9.25	9.25	19.8
U1429B	2H	5	14	15	14.5	9.05	9.35	9.35	19.8
U1429B	2H	5	24	25	24.5	9.15	9.45	9.45	19.6
U1429B	2H	5	34	35	34.5	9.25	9.55	9.55	19.9
U1429A	2H	2	124	125	124.5	9.15	9.63	9.63	20.1
U1429A	2H	2	144	145	144.5	9.35	9.83	9.83	20.0
U1429A	2H	3	4	5	4.5	9.45	9.93	9.93	20.0
U1429A	2H	3	14	15	14.5	9.55	10.03	10.03	20.0
U1429A	2H	3	24	25	24.5	9.65	10.13	10.13	20.2
U1429A	2H	3	34	35	34.5	9.75	10.23	10.23	20.3
U1429A	2H	3	44	45	44.5	9.85	10.33	10.33	20.1
U1429A	2H	3	54	55	54.5	9.95	10.43	10.43	20.1
U1429A	2H	3	64	65	64.5	10.05	10.53	10.53	20.2
U1429A	2H	3	74	75	74.5	10.15	10.63	10.63	20.1
U1429A	2H	3	84	85	84.5	10.25	10.73	10.73	20.1
U1429A	2H	3	94	95	94.5	10.35	10.83	10.83	20.3
U1429A	2H	3	104	105	104.5	10.45	10.93	10.93	20.2
U1429A	2H	3	114	115	114.5	10.55	11.03	11.03	20.3
U1429A	2H	3	124	125	124.5	10.65	11.13	11.13	20.4
U1429A	2H	3	134	135	134.5	10.75	11.23	11.23	20.2
U1429A	2H	3	144	145	144.5	10.85	11.33	11.33	20.5
U1429A	2H	4	4	5	4.5	10.95	11.43	11.43	20.6
U1429A	2H	4	14	15	14.5	11.05	11.53	11.53	20.1
U1429A	2H	4	24	25	24.5	11.15	11.63	11.63	20.1
U1429A	2H	4	34	35	34.5	11.25	11.73	11.73	20.0
U1429A	2H	4	44	45	44.5	11.35	11.83	11.83	19.8
U1429A	2H	4	54	55	54.5	11.45	11.93	11.93	19.9
U1429A	2H	4	64	65	64.5	11.55	12.03	12.03	20.1
U1429A	2H	4	74	75	74.5	11.65	12.13	12.13	20.2
U1429A	2H	4	84	85	84.5	11.75	12.23	12.23	20.2
U1429A	2H	4	94	95	94.5	11.85	12.33	12.33	20.1
U1429A	2H	4	104	105	104.5	11.95	12.43	12.43	20.3
U1429A	2H	4	114	115	114.5	12.05	12.53	12.53	20.4
U1429A	2H	4	124	125	124.5	12.15	12.63	12.63	20.1
U1429A	2H	4	134	135	134.5	12.25	12.73	12.73	20.2
U1429A	2H	4	144	145	144.5	12.35	12.83	12.83	20.3
U1429A	2H	5	4	5	4.5	12.45	12.93	12.93	20.2
U1429A	2H	5	14	15	14.5	12.55	13.03	13.03	20.0
U1429A	2H	5	24	25	24.5	12.65	13.13	13.13	20.1
U1429A	2H	5	34	35	34.5	12.75	13.23	13.23	20.4
U1429A	2H	5	44	45	44.5	12.85	13.33	13.33	20.4
U1429A	2H	5	54	55	54.5	12.95	13.43	13.43	20.3
U1429A	2H	5	64	65	64.5	13.05	13.53	13.53	20.4
U1429A	2H	5	74	75	74.5	13.15	13.63	13.63	20.2
U1429A	2H	5	84	85	84.5	13.25	13.73	13.73	20.7
U1429A	2H	5	94	95	94.5	13.35	13.83	13.83	20.9
U1429A	2H	5	104	105	104.5	13.45	13.93	13.93	20.9
U1429A	2H	5	114	115	114.5	13.55	14.03	14.03	20.8
U1429A	2H	5	124	125	124.5	13.65	14.13	14.13	20.9
U1429A	2H	5	134	135	134.5	13.75	14.23	14.23	20.9
U1429A	2H	5	144	145	144.5	13.85	14.33	14.33	20.9
U1429A	2H	6	4	5	4.5	13.95	14.43	14.43	20.7
U1429A	2H	6	14	15	14.5	14.05	14.53	14.53	20.7
U1429A	2H	6	24	25	24.5	14.15	14.63	14.63	20.5
U1429A	2H	6	34	35	34.5	14.25	14.73	14.73	20.3
U1429A	2H	6	44	45	44.5	14.35	14.83	14.83	20.7
U1429A	2H	6	54	55	54.5	14.45	14.93	14.93	21.2
U1429A	2H	6	64	65	64.5	14.55	15.03	15.03	21.0
U1429A	2H	6	74	75	74.5	14.65	15.13	15.13	20.9
U1429A	2H	6	84	85	84.5	14.75	15.23	15.23	20.9
U1429A	2H	6	94	95	94.5	14.85	15.33	15.33	20.8
U1429A	2H	6	104	105	104.5	14.95	15.43	15.43	20.9
U1429A	2H	6	114	115	114.5	15.05	15.53	15.53	20.5
U1429A	2H	6	124	125	124.5	15.15	15.63	15.63	20.7
U1429A	2H	6	134	135	134.5	15.25	15.73	15.73	20.6
U1429A	2H	6	144	145	144.5	15.35	15.83	15.83	20.5
U1429B	3H	2	134	135	134.5	15.25	15.94	15.94	20.6
U1429B	3H	2	144	145	144.5	15.35	16.04	16.04	20.9
U1429B	3H	3	4	5	4.5	15.45	16.14	16.14	20.8
U1429B	3H	3	14	15	14.5	15.55	16.24	16.24	20.7
U1429B	3H	3	24	25	24.5	15.65	16.34	16.34	21.3
U1429B	3H	3	34	35	34.5	15.75	16.44	16.44	21.3
U1429B	3H	3	44	45	44.5	15.85	16.54	16.54	21.4
U1429B	3H	3	54	55	54.5	15.95	16.64	16.64	21.4
U1429B	3H	3	64	65	64.5	16.05	16.74	16.74	21.3
U1429B	3H	3	74	75	74.5	16.15	16.84	16.84	21.4
U1429B	3H	3	84	85	84.5	16.25	16.94	16.94	21.4
U1429B	3H	3	94	95	94.5	16.35	17.04	17.04	21.4
U1429B	3H	3	104	105	104.5	16.45	17.14	17.14	21.6
U1429B	3H	3	114	115	114.5	16.55	17.24	17.24	21.3
U1429B	3H	3	124	125	124.5	16.65	17.34	17.34	21.2
U1429B	3H	3	134	135	134.5	16.75	17.44	17.44	21.1
U1429B	3H	3	144	145	144.5	16.85	17.54	17.54	21.1
U1429B	3H	4	4	5	4.5	16.95	17.64	17.64	21.7
U1429B	3H	4	14	15	14.5	17.05	17.74	17.74	21.5
U1429B	3H	4	24	25	24.5	17.15	17.84	17.84	21.6
U1429B	3H	4	34	35	34.5	17.25	17.94	17.94	21.8
U1429B	3H	4	44	45	44.5	17.35	18.04	18.04	22.2
U1429A	3H	2	14	15	14.5	17.55	18.19	18.19	21.3
U1429A	3H	2	24	25	24.5	17.65	18.29	18.29	21.2
U1429A	3H	2	34	35	34.5	17.75	18.39	18.39	21.5
U1429A	3H	2	44	45	44.5	17.85	18.49	18.49	21.3
U1429A	3H	2	54	55	54.5	17.95	18.59	18.59	21.4
U1429A	3H	2	64	65	64.5	18.05	18.69	18.69	21.4
U1429A	3H	2	74	75	74.5	18.15	18.79	18.79	21.4
U1429A	3H	2	84	85	84.5	18.25	18.89	18.89	21.5
U1429A	3H	2	94	95	94.5	18.35	18.99	18.99	21.9
U1429A	3H	2	104	105	104.5	18.45	19.09	19.09	21.7
U1429A	3H	2	114	115	114.5	18.55	19.19	19.19	21.6
U1429A	3H	2	124	125	124.5	18.65	19.29	19.29	21.6
U1429A	3H	2	134	135	134.5	18.75	19.39	19.39	21.7
U1429A	3H	2	144	145	144.5	18.85	19.49	19.49	21.8
U1429A	3H	3	4	5	4.5	18.95	19.59	19.59	21.7
U1429A	3H	3	14	15	14.5	19.05	19.69	19.69	21.5
U1429A	3H	3	24	25	24.5	19.15	19.79	19.79	21.4
U1429A	3H	3	34	35	34.5	19.25	19.89	19.89	21.4
U1429A	3H	3	44	45	44.5	19.35	19.99	19.99	21.5
U1429A	3H	3	54	55	54.5	19.45	20.09	20.09	21.9
U1429A	3H	3	64	65	64.5	19.55	20.19	20.19	21.7
U1429A	3H	3	74	75	74.5	19.65	20.29	20.29	21.8
U1429A	3H	3	84	85	84.5	19.75	20.39	20.39	21.7
U1429A	3H	3	94	95	94.5	19.85	20.49	20.49	21.4
U1429A	3H	3	104	105	104.5	19.95	20.59	20.59	21.2
U1429A	3H	3	114	115	114.5	20.05	20.69	20.69	21.2
U1429A	3H	3	124	125	124.5	20.15	20.79	20.79	21.1
U1429A	3H	3	134	135	134.5	20.25	20.89	20.89	21.5
U1429A	3H	3	144	145	144.5	20.35	20.99	20.99	21.6
U1429A	3H	4	4	5	4.5	20.45	21.09	21.09	21.8
U1429A	3H	4	14	15	14.5	20.55	21.19	21.19	22.0
U1429A	3H	4	24	25	24.5	20.65	21.29	21.29	21.9
U1429A	3H	4	34	35	34.5	20.75	21.39	21.39	21.9
U1429A	3H	4	44	45	44.5	20.85	21.49	21.49	22.1
U1429A	3H	4	54	55	54.5	20.95	21.59	21.59	22.0
U1429A	3H	4	64	65	64.5	21.05	21.69	21.69	21.8
U1429A	3H	4	74	75	74.5	21.15	21.79	21.79	21.8
U1429A	3H	4	84	85	84.5	21.25	21.89	21.89	21.7
U1429A	3H	4	94	95	94.5	21.35	21.99	21.99	21.8
U1429A	3H	4	104	105	104.5	21.45	22.09	22.09	21.5
U1429A	3H	4	114	115	114.5	21.55	22.19	22.19	21.4
U1429A	3H	4	124	125	124.5	21.65	22.29	22.29	21.4
U1429A	3H	4	134	135	134.5	21.75	22.39	22.39	21.4
U1429A	3H	4	144	145	144.5	21.85	22.49	22.49	21.1
U1429A	3H	5	4	5	4.5	21.95	22.59	22.59	21.1
U1429A	3H	5	14	15	14.5	22.05	22.69	22.69	21.1
U1429A	3H	5	24	25	24.5	22.15	22.79	22.79	21.2
U1429A	3H	5	34	35	34.5	22.25	22.89	22.89	21.2
U1429A	3H	5	44	45	44.5	22.35	22.99	22.99	21.2
U1429A	3H	5	54	55	54.5	22.45	23.09	23.09	21.3
U1429A	3H	5	64	65	64.5	22.55	23.19	23.19	21.3
U1429A	3H	5	74	75	74.5	22.65	23.29	23.29	21.4
U1429A	3H	5	84	85	84.5	22.75	23.39	23.39	21.4
U1429A	3H	5	94	95	94.5	22.85	23.49	23.49	21.1
U1429A	3H	5	104	105	104.5	22.95	23.59	23.59	21.3
U1429A	3H	5	114	115	114.5	23.05	23.69	23.69	21.2
U1429A	3H	5	124	125	124.5	23.15	23.79	23.79	21.2
U1429A	3H	5	134	135	134.5	23.25	23.89	23.89	21.1
U1429A	3H	5	144	145	144.5	23.35	23.99	23.99	21.3
U1429A	3H	6	4	5	4.5	23.45	24.09	24.09	21.0
U1429A	3H	6	14	15	14.5	23.55	24.19	24.19	21.0
U1429A	3H	6	24	25	24.5	23.65	24.29	24.29	20.8
U1429A	3H	6	34	35	34.5	23.75	24.39	24.39	21.1
U1429A	3H	6	44	45	44.5	23.85	24.49	24.49	21.1
U1429A	3H	6	54	55	54.5	23.95	24.59	24.59	20.8
U1429A	3H	6	64	65	64.5	24.05	24.69	24.69	20.8
U1429A	3H	6	74	75	74.5	24.15	24.79	24.79	20.9
U1429A	3H	6	84	85	84.5	24.25	24.89	24.89	20.9
U1429A	3H	6	94	95	94.5	24.35	24.99	24.99	20.7
U1429A	3H	6	104	105	104.5	24.45	25.09	25.09	20.8
U1429A	3H	6	114	115	114.5	24.55	25.19	25.19	20.9
U1429A	3H	6	124	125	124.5	24.65	25.29	25.29	20.7
U1429B	4H	1	134	135	134.5	23.25	25.40	25.40	20.8
U1429B	4H	1	144	145	144.5	23.35	25.50	25.50	20.9
U1429B	4H	2	4	5	4.5	23.45	25.60	25.60	21.0
U1429B	4H	2	14	15	14.5	23.55	25.70	25.70	20.9
U1429B	4H	2	24	25	24.5	23.65	25.80	25.80	20.7
U1429B	4H	2	34	35	34.5	23.75	25.90	25.90	21.2
U1429B	4H	2	44	45	44.5	23.85	26.00	26.00	21.0
U1429B	4H	2	54	55	54.5	23.95	26.10	26.10	20.8
U1429B	4H	2	64	65	64.5	24.05	26.20	26.20	20.6
U1429B	4H	2	74	75	74.5	24.15	26.30	26.30	20.8
U1429B	4H	2	84	85	84.5	24.25	26.40	26.40	20.8
U1429B	4H	2	94	95	94.5	24.35	26.50	26.50	21.0
U1429B	4H	2	104	105	104.5	24.45	26.60	26.60	20.9
U1429B	4H	2	114	115	114.5	24.55	26.70	26.70	20.8
U1429B	4H	2	124	125	124.5	24.65	26.80	26.80	21.4
U1429B	4H	2	134	135	134.5	24.75	26.90	26.90	21.4
U1429B	4H	2	144	145	144.5	24.85	27.00	27.00	21.4
U1429B	4H	3	4	5	4.5	24.95	27.10	27.10	21.4
U1429B	4H	3	14	15	14.5	25.05	27.20	27.20	21.4
U1429B	4H	3	24	25	24.5	25.15	27.30	27.30	21.3
U1429B	4H	3	34	35	34.5	25.25	27.40	27.40	21.0
U1429B	4H	3	44	45	44.5	25.35	27.50	27.50	20.8
U1429B	4H	3	54	55	54.5	25.45	27.60	27.60	20.8
U1429B	4H	3	64	65	64.5	25.55	27.70	27.70	20.7
U1429B	4H	3	74	75	74.5	25.65	27.80	27.80	20.8
U1429B	4H	3	84	85	84.5	25.75	27.90	27.90	20.6
U1429B	4H	3	94	95	94.5	25.85	28.00	28.00	20.6
U1429B	4H	3	104	105	104.5	25.95	28.10	28.10	20.6
U1429B	4H	3	114	115	114.5	26.05	28.20	28.20	20.2
U1429B	4H	3	124	125	124.5	26.15	28.30	28.30	20.4
U1429B	4H	3	134	135	134.5	26.25	28.40	28.40	19.8
U1429B	4H	3	144	145	144.5	26.35	28.50	28.50	19.7
U1429B	4H	4	4	5	4.5	26.45	28.60	28.60	20.2
U1429B	4H	4	14	15	14.5	26.55	28.70	28.70	19.9
U1429B	4H	4	24	25	24.5	26.65	28.80	28.80	20.2
U1429B	4H	4	34	35	34.5	26.75	28.90	28.90	20.3
U1429B	4H	4	44	45	44.5	26.85	29.00	29.00	20.8
U1429B	4H	4	54	55	54.5	26.95	29.10	29.10	20.6
U1429B	4H	4	64	65	64.5	27.05	29.20	29.20	21.2
U1429B	4H	4	74	75	74.5	27.15	29.30	29.30	21.3
U1429B	4H	4	84	85	84.5	27.25	29.40	29.40	21.3
U1429B	4H	4	94	95	94.5	27.35	29.50	29.50	21.2
U1429B	4H	4	104	105	104.5	27.45	29.60	29.60	20.8
U1429B	4H	4	114	115	114.5	27.55	29.70	29.70	20.9
U1429B	4H	4	124	125	124.5	27.65	29.80	29.80	21.1
U1429B	4H	4	134	135	134.5	27.75	29.90	29.90	21.1
U1429B	4H	4	144	145	144.5	27.85	30.00	30.00	21.2
U1429B	4H	5	4	5	4.5	27.95	30.10	30.10	20.9
U1429B	4H	5	14	15	14.5	28.05	30.20	30.20	21.1
U1429B	4H	5	24	25	24.5	28.15	30.30	30.30	21.2
U1429B	4H	5	34	35	34.5	28.25	30.40	30.40	21.6
U1429B	4H	5	44	45	44.5	28.35	30.50	30.50	21.2
U1429B	4H	5	54	55	54.5	28.45	30.60	30.60	21.8
U1429B	4H	5	64	65	64.5	28.55	30.70	30.70	21.5
U1429B	4H	5	74	75	74.5	28.65	30.80	30.80	22.4
U1429B	4H	5	84	85	84.5	28.75	30.90	30.90	22.1
U1429B	4H	5	94	95	94.5	28.85	31.00	31.00	22.3
U1429B	4H	5	104	105	104.5	28.95	31.10	31.10	22.2
U1429B	4H	5	114	115	114.5	29.05	31.20	31.20	22.2
U1429B	4H	5	124	125	124.5	29.15	31.30	31.30	22.1
U1429B	4H	5	134	135	134.5	29.25	31.40	31.40	22.0
U1429B	4H	5	144	145	144.5	29.35	31.50	31.50	21.9
U1429B	4H	6	4	5	4.5	29.45	31.60	31.60	22.1
U1429B	4H	6	14	15	14.5	29.55	31.70	31.70	22.4
U1429B	4H	6	24	25	24.5	29.65	31.80	31.80	21.9
U1429B	4H	6	34	35	34.5	29.75	31.90	31.90	22.2
U1429B	4H	6	44	45	44.5	29.85	32.00	32.00	22.3
U1429B	4H	6	54	55	54.5	29.95	32.10	32.10	22.3
U1429B	4H	6	64	65	64.5	30.05	32.20	32.20	21.8
U1429B	4H	6	74	75	74.5	30.15	32.30	32.30	21.8
U1429B	4H	6	84	85	84.5	30.25	32.40	32.40	21.5
U1429B	4H	6	94	95	94.5	30.35	32.50	32.50	21.6
U1429B	4H	6	104	105	104.5	30.45	32.60	32.60	21.5
U1429B	4H	6	114	115	114.5	30.55	32.70	32.70	21.8
U1429B	4H	6	124	125	124.5	30.65	32.80	32.80	21.5
U1429B	4H	6	134	135	134.5	30.75	32.90	32.90	21.5
U1429B	4H	6	144	145	144.5	30.85	33.00	33.00	21.2
U1429B	4H	7	4	5	4.5	30.95	33.10	33.10	21.5
U1429B	4H	7	14	15	14.5	31.05	33.20	33.20	21.7
U1429B	4H	7	24	25	24.5	31.15	33.30	33.30	21.6
U1429A	4H	4	144	145	144.5	31.35	33.70	33.70	21.4
U1429A	4H	5	4	5	4.5	31.45	33.80	33.80	21.1
U1429A	4H	5	14	15	14.5	31.55	33.90	33.90	21.7
U1429A	4H	5	24	25	24.5	31.65	34.00	34.00	21.9
U1429A	4H	5	34	35	34.5	31.75	34.10	34.10	22.1
U1429A	4H	5	44	45	44.5	31.85	34.20	34.20	21.7
U1429A	4H	5	54	55	54.5	31.95	34.30	34.30	21.7
U1429A	4H	5	64	65	64.5	32.05	34.40	34.40	21.9
U1429A	4H	5	74	75	74.5	32.15	34.50	34.50	21.7
U1429A	4H	5	84	85	84.5	32.25	34.60	34.60	21.9
U1429A	4H	5	94	95	94.5	32.35	34.70	34.70	21.7
U1429A	4H	5	104	105	104.5	32.45	34.80	34.80	21.4
U1429A	4H	5	114	115	114.5	32.55	34.90	34.90	21.3
U1429A	4H	5	124	125	124.5	32.65	35.00	35.00	21.2
U1429A	4H	5	134	135	134.5	32.75	35.10	35.10	20.9
U1429A	4H	5	144	145	144.5	32.85	35.20	35.20	21.0
U1429A	4H	6	4	5	4.5	32.95	35.30	35.30	20.9
U1429A	4H	6	14	15	14.5	33.05	35.40	35.40	21.1
U1429A	4H	6	22	23	22.5	33.13	35.48	35.48	20.9
U1429A	4H	6	34	35	34.5	33.25	35.60	35.60	21.1
U1429A	4H	6	44	45	44.5	33.35	35.70	35.70	21.0
U1429A	4H	6	54	55	54.5	33.45	35.80	35.80	20.7
U1429A	4H	6	64	65	64.5	33.55	35.90	35.90	20.8
U1429A	4H	6	74	75	74.5	33.65	36.00	36.00	20.5
U1429A	4H	6	84	85	84.5	33.75	36.10	36.10	20.7
U1429A	4H	6	94	95	94.5	33.85	36.20	36.20	20.7
U1429A	4H	6	104	105	104.5	33.95	36.30	36.30	20.6
U1429A	4H	6	114	115	114.5	34.05	36.40	36.40	20.4
U1429A	4H	6	124	125	124.5	34.15	36.50	36.50	20.9
U1429A	4H	6	134	135	134.5	34.25	36.60	36.60	20.3
U1429A	4H	6	144	145	144.5	34.35	36.70	36.70	20.4
U1429A	4H	7	4	5	4.5	34.45	36.80	36.80	20.5
U1429B	5H	2	134	135	134.5	34.25	36.91	36.91	20.2
U1429B	5H	2	144	145	144.5	34.35	37.01	37.01	20.5
U1429B	5H	3	4	5	4.5	34.45	37.11	37.11	20.4
U1429B	5H	3	14	15	14.5	34.55	37.21	37.21	20.2
U1429B	5H	3	24	25	24.5	34.65	37.31	37.31	20.4
U1429B	5H	3	34	35	34.5	34.75	37.41	37.41	20.5
U1429B	5H	3	44	45	44.5	34.85	37.51	37.51	20.4
U1429B	5H	3	54	55	54.5	34.95	37.61	37.61	20.4
U1429B	5H	3	64	65	64.5	35.05	37.71	37.71	20.4
U1429B	5H	3	74	75	74.5	35.15	37.81	37.81	20.1
U1429B	5H	3	84	85	84.5	35.25	37.91	37.91	20.4
U1429B	5H	3	94	95	94.5	35.35	38.01	38.01	20.0
U1429B	5H	3	104	105	104.5	35.45	38.11	38.11	20.2
U1429B	5H	3	114	115	114.5	35.55	38.21	38.21	20.2
U1429B	5H	3	124	125	124.5	35.65	38.31	38.31	20.3
U1429B	5H	3	134	135	134.5	35.75	38.41	38.41	20.3
U1429B	5H	3	144	145	144.5	35.85	38.51	38.51	20.3
U1429B	5H	4	4	5	4.5	35.95	38.61	38.61	20.5
U1429B	5H	4	14	15	14.5	36.05	38.71	38.71	20.4
U1429B	5H	4	24	25	24.5	36.15	38.81	38.81	20.0
U1429B	5H	4	34	35	34.5	36.25	38.91	38.91	20.4
U1429B	5H	4	44	45	44.5	36.35	39.01	39.01	20.0
U1429B	5H	4	54	55	54.5	36.45	39.11	39.11	20.3
U1429B	5H	4	64	65	64.5	36.55	39.21	39.21	20.5
U1429B	5H	4	74	75	74.5	36.65	39.31	39.31	20.8
U1429B	5H	4	84	85	84.5	36.75	39.41	39.41	20.5
U1429B	5H	4	94	95	94.5	36.85	39.51	39.51	20.8
U1429B	5H	4	104	105	104.5	36.95	39.61	39.61	20.2
U1429B	5H	4	114	115	114.5	37.05	39.71	39.71	20.6
U1429B	5H	4	124	125	124.5	37.15	39.81	39.81	20.6
U1429B	5H	4	134	135	134.5	37.25	39.91	39.91	20.8
U1429B	5H	4	144	145	144.5	37.35	40.01	40.01	20.8
U1429B	5H	5	4	5	4.5	37.45	40.11	40.11	20.9
U1429B	5H	5	14	15	14.5	37.55	40.21	40.21	20.7
U1429B	5H	5	24	25	24.5	37.65	40.31	40.31	20.8
U1429B	5H	5	34	35	34.5	37.75	40.41	40.41	20.8
U1429B	5H	5	44	45	44.5	37.85	40.51	40.51	20.9
U1429B	5H	5	54	55	54.5	37.95	40.61	40.61	21.1
U1429B	5H	5	64	65	64.5	38.05	40.71	40.71	21.2
U1429B	5H	5	74	75	74.5	38.15	40.81	40.81	21.3
U1429B	5H	5	84	85	84.5	38.25	40.91	40.91	20.7
U1429B	5H	5	94	95	94.5	38.35	41.01	41.01	20.5
U1429B	5H	5	104	105	104.5	38.45	41.11	41.11	20.8
U1429B	5H	5	114	115	114.5	38.55	41.21	41.21	21.0
U1429B	5H	5	124	125	124.5	38.65	41.31	41.31	21.0
U1429B	5H	5	134	135	134.5	38.75	41.41	41.41	21.1
U1429B	5H	5	144	145	144.5	38.85	41.51	41.51	21.3
U1429B	5H	6	4	5	4.5	38.95	41.61	41.61	21.6
U1429B	5H	6	14	15	14.5	39.05	41.71	41.71	22.0
U1429B	5H	6	24	25	24.5	39.15	41.81	41.81	22.1
U1429B	5H	6	34	35	34.5	39.25	41.91	41.91	22.0
U1429B	5H	6	44	45	44.5	39.35	42.01	42.01	22.0
U1429B	5H	6	54	55	54.5	39.45	42.11	42.11	22.0
U1429B	5H	6	64	65	64.5	39.55	42.21	42.21	21.8
U1429B	5H	6	74	75	74.5	39.65	42.31	42.31	21.2
U1429B	5H	6	84	85	84.5	39.75	42.41	42.41	21.3
U1429B	5H	6	94	95	94.5	39.85	42.51	42.51	21.0
U1429B	5H	6	104	105	104.5	39.95	42.61	42.61	21.0
U1429B	5H	6	114	115	114.5	40.05	42.71	42.71	21.3
U1429B	5H	6	124	125	124.5	40.15	42.81	42.81	21.6
U1429A	5H	4	74	75	74.5	40.15	42.94	42.94	21.8
U1429A	5H	4	84	85	84.5	40.25	43.04	43.04	22.0
U1429A	5H	4	94	95	94.5	40.35	43.14	43.14	22.1
U1429A	5H	4	104	105	104.5	40.45	43.24	43.24	22.6
U1429A	5H	4	114	115	114.5	40.55	43.34	43.34	22.7
U1429A	5H	4	124	125	124.5	40.65	43.44	43.44	22.5
U1429A	5H	4	134	135	134.5	40.75	43.54	43.54	22.6
U1429A	5H	4	144	145	144.5	40.85	43.64	43.64	22.8
U1429A	5H	5	3	4	3.5	40.94	43.73	43.73	22.5
U1429A	5H	5	14	15	14.5	41.05	43.84	43.84	22.4
U1429A	5H	5	24	25	24.5	41.15	43.94	43.94	21.8
U1429A	5H	5	34	35	34.5	41.25	44.04	44.04	21.7
U1429A	5H	5	44	45	44.5	41.35	44.14	44.14	21.8
U1429A	5H	5	54	55	54.5	41.45	44.24	44.24	22.1
U1429A	5H	5	64	65	64.5	41.55	44.34	44.34	22.7
U1429A	5H	5	74	75	74.5	41.65	44.44	44.44	22.7
U1429A	5H	5	84	85	84.5	41.75	44.54	44.54	22.4
U1429A	5H	5	94	95	94.5	41.85	44.64	44.64	22.6
U1429A	5H	5	104	105	104.5	41.95	44.74	44.74	22.7
U1429A	5H	5	114	115	114.5	42.05	44.84	44.84	22.5
U1429A	5H	5	124	125	124.5	42.15	44.94	44.94	22.9
U1429A	5H	5	134	135	134.5	42.25	45.04	45.04	22.8
U1429A	5H	5	144	145	144.5	42.35	45.14	45.14	22.9
U1429A	5H	6	4	5	4.5	42.45	45.24	45.24	23.1
U1429A	5H	6	14	15	14.5	42.55	45.34	45.34	23.1
U1429A	5H	6	24	25	24.5	42.65	45.44	45.44	23.9
U1429A	5H	6	34	35	34.5	42.75	45.54	45.54	23.7
U1429A	5H	6	44	45	44.5	42.85	45.64	45.64	23.8
U1429A	5H	6	54	55	54.5	42.95	45.74	45.74	23.8
U1429A	5H	6	64	65	64.5	43.05	45.84	45.84	24.1
U1429A	5H	6	74	75	74.5	43.15	45.94	45.94	24.3
U1429A	5H	6	84	85	84.5	43.25	46.04	46.04	24.4
U1429A	5H	6	94	95	94.5	43.35	46.14	46.14	24.7
U1429A	5H	6	104	105	104.5	43.45	46.24	46.24	24.7
U1429A	5H	6	114	115	114.5	43.55	46.34	46.34	24.8
U1429A	5H	6	124	125	124.5	43.65	46.44	46.44	24.6
U1429B	6H	2	104	105	104.5	43.45	46.55	46.55	24.7
U1429B	6H	2	114	115	114.5	43.55	46.65	46.65	24.6
U1429B	6H	2	124	125	124.5	43.65	46.75	46.75	24.5
U1429B	6H	2	134	135	134.5	43.75	46.85	46.85	23.7
U1429B	6H	2	144	145	144.5	43.85	46.95	46.95	23.8
U1429B	6H	3	4	5	4.5	43.95	47.05	47.05	23.0
U1429B	6H	3	14	15	14.5	44.05	47.15	47.15	23.3
U1429B	6H	3	24	25	24.5	44.15	47.25	47.25	22.8
U1429B	6H	3	34	35	34.5	44.25	47.35	47.35	22.6
U1429B	6H	3	44	45	44.5	44.35	47.45	47.45	22.5
U1429B	6H	3	54	55	54.5	44.45	47.55	47.55	22.4
U1429B	6H	3	64	65	64.5	44.55	47.65	47.65	22.4
U1429B	6H	3	74	75	74.5	44.65	47.75	47.75	22.2
U1429B	6H	3	84	85	84.5	44.75	47.85	47.85	22.6
U1429B	6H	3	94	95	94.5	44.85	47.95	47.95	22.7
U1429B	6H	3	104	105	104.5	44.95	48.05	48.05	22.6
U1429B	6H	3	114	115	114.5	45.05	48.15	48.15	22.6
U1429B	6H	3	124	125	124.5	45.15	48.25	48.25	23.5
U1429B	6H	3	134	135	134.5	45.25	48.35	48.35	23.8
U1429B	6H	3	144	145	144.5	45.35	48.45	48.45	22.1
U1429B	6H	4	4	5	4.5	45.45	48.55	48.55	22.5
U1429B	6H	4	14	15	14.5	45.55	48.65	48.65	23.0
U1429B	6H	4	24	25	24.5	45.65	48.75	48.75	23.1
U1429B	6H	4	34	35	34.5	45.75	48.85	48.85	23.7
U1429B	6H	4	44	45	44.5	45.85	48.95	48.95	23.6
U1429B	6H	4	54	55	54.5	45.95	49.05	49.05	24.0
U1429B	6H	4	64	65	64.5	46.05	49.15	49.15	24.1
U1429B	6H	4	74	75	74.5	46.15	49.25	49.25	23.8
U1429B	6H	4	84	85	84.5	46.25	49.35	49.35	23.9
U1429B	6H	4	94	95	94.5	46.35	49.45	49.45	23.9
U1429B	6H	4	104	105	104.5	46.45	49.55	49.55	24.0
U1429B	6H	4	114	115	114.5	46.55	49.65	49.65	24.2
U1429B	6H	4	124	125	124.5	46.65	49.75	49.75	24.0
U1429B	6H	4	134	135	134.5	46.75	49.85	49.85	24.0
U1429B	6H	4	144	145	144.5	46.85	49.95	49.95	24.2
U1429C	8H	1	4	5	4.5	48.85	53.15	53.15	24.0
U1429C	8H	1	14	15	14.5	48.95	53.25	53.25	24.0
U1429C	8H	1	23	24	23.5	49.04	53.34	53.34	23.9
U1429C	8H	1	34	35	34.5	49.15	53.45	53.45	23.9
U1429C	8H	1	43	44	43.5	49.24	53.54	53.54	23.9
U1429C	8H	1	53	54	53.5	49.34	53.64	53.64	24.1
U1429C	8H	1	63	64	63.5	49.44	53.74	53.74	24.0
U1429C	8H	1	73	74	73.5	49.54	53.84	53.84	23.9
U1429C	8H	1	84	85	84.5	49.65	53.95	53.95	23.7
U1429C	8H	1	94	95	94.5	49.75	54.05	54.05	23.6
U1429C	8H	1	104	105	104.5	49.85	54.15	54.15	23.7
U1429C	8H	1	114	115	114.5	49.95	54.25	54.25	23.8
U1429C	8H	1	124	125	124.5	50.05	54.35	54.35	24.1
U1429C	8H	1	134	135	134.5	50.15	54.45	54.45	24.0
U1429C	8H	1	144	145	144.5	50.25	54.55	54.55	24.1
U1429C	8H	2	4	5	4.5	50.35	54.65	54.65	23.8
U1429C	8H	2	14	15	14.5	50.45	54.75	54.75	23.7
U1429C	8H	2	24	25	24.5	50.55	54.85	54.85	23.8
U1429C	8H	2	34	35	34.5	50.65	54.95	54.95	24.9
U1429C	8H	2	44	45	44.5	50.75	55.05	55.05	23.9
U1429C	8H	2	54	55	54.5	50.85	55.15	55.15	23.3
U1429C	8H	2	64	65	64.5	50.95	55.25	55.25	24.0
U1429C	8H	2	74	75	74.5	51.05	55.35	55.35	24.1
U1429C	8H	2	84	85	84.5	51.15	55.45	55.45	23.9
U1429C	8H	2	94	95	94.5	51.25	55.55	55.55	24.0
U1429C	8H	2	104	105	104.5	51.35	55.65	55.65	23.8
U1429C	8H	2	114	115	114.5	51.45	55.75	55.75	24.0
U1429C	8H	2	124	125	124.5	51.55	55.85	55.85	23.9
U1429C	8H	2	134	135	134.5	51.65	55.95	55.95	22.3
U1429C	8H	2	144	145	144.5	51.75	56.05	56.05	22.9
U1429A	7H	1	34	35	34.5	51.95	56.16	56.16	23.6
U1429A	7H	1	44	45	44.5	52.05	56.26	56.26	24.0
U1429A	7H	1	54	55	54.5	52.15	56.36	56.36	24.2
U1429A	7H	1	64	65	64.5	52.25	56.46	56.46	24.2
U1429A	7H	1	74	75	74.5	52.35	56.56	56.56	24.3
U1429A	7H	1	84	85	84.5	52.45	56.66	56.66	24.3
U1429A	7H	1	94	95	94.5	52.55	56.76	56.76	24.4
U1429A	7H	1	104	105	104.5	52.65	56.86	56.86	24.9
U1429A	7H	1	114	115	114.5	52.75	56.96	56.96	24.4
U1429A	7H	1	124	125	124.5	52.85	57.06	57.06	24.1
U1429A	7H	1	134	135	134.5	52.95	57.16	57.16	23.9
U1429A	7H	1	144	145	144.5	53.05	57.26	57.26	23.8
U1429A	7H	2	4	5	4.5	53.15	57.36	57.36	23.7
U1429A	7H	2	14	15	14.5	53.25	57.46	57.46	23.7
U1429A	7H	2	24	25	24.5	53.35	57.56	57.56	24.0
U1429A	7H	2	34	35	34.5	53.45	57.66	57.66	23.8
U1429A	7H	2	44	45	44.5	53.55	57.76	57.76	23.8
U1429A	7H	2	54	55	54.5	53.65	57.86	57.86	23.4
U1429A	7H	2	64	65	64.5	53.75	57.96	57.96	23.4
U1429A	7H	2	74	75	74.5	53.85	58.06	58.06	23.1
U1429A	7H	2	84	85	84.5	53.95	58.16	58.16	23.2
U1429A	7H	2	94	95	94.5	54.05	58.26	58.26	22.9
U1429A	7H	2	104	105	104.5	54.15	58.36	58.36	22.9
U1429A	7H	2	114	115	114.5	54.25	58.46	58.46	22.8
U1429A	7H	2	124	125	124.5	54.35	58.56	58.56	22.7
U1429A	7H	2	134	135	134.5	54.45	58.66	58.66	22.7
U1429A	7H	2	144	145	144.5	54.55	58.76	58.76	23.3
U1429A	7H	3	4	5	4.5	54.65	58.86	58.86	23.6
U1429A	7H	3	14	15	14.5	54.75	58.96	58.96	23.6
U1429A	7H	3	24	25	24.5	54.85	59.06	59.06	23.3
U1429A	7H	3	34	35	34.5	54.95	59.16	59.16	23.5
U1429A	7H	3	44	45	44.5	55.05	59.26	59.26	23.2
U1429A	7H	3	54	55	54.5	55.15	59.36	59.36	23.2
U1429A	7H	3	64	65	64.5	55.25	59.46	59.46	23.0
U1429A	7H	3	74	75	74.5	55.35	59.56	59.56	22.9
U1429A	7H	3	84	85	84.5	55.45	59.66	59.66	22.9
U1429A	7H	3	94	95	94.5	55.55	59.76	59.76	23.1
U1429A	7H	3	104	105	104.5	55.65	59.86	59.86	23.1
U1429A	7H	3	114	115	114.5	55.75	59.96	59.96	23.0
U1429A	7H	3	124	125	124.5	55.85	60.06	60.06	22.9
U1429A	7H	3	134	135	134.5	55.95	60.16	60.16	22.3
U1429A	7H	3	144	145	144.5	56.05	60.26	60.26	21.8
U1429A	7H	4	4	5	4.5	56.15	60.36	60.36	21.7
U1429A	7H	4	14	15	14.5	56.25	60.46	60.46	21.8
U1429A	7H	4	24	25	24.5	56.35	60.56	60.56	21.6
U1429A	7H	4	34	35	34.5	56.45	60.66	60.66	21.9
U1429A	7H	4	44	45	44.5	56.55	60.76	60.76	21.9
U1429A	7H	4	54	55	54.5	56.65	60.86	60.86	22.5
U1429A	7H	4	64	65	64.5	56.75	60.96	60.96	22.5
U1429A	7H	4	74	75	74.5	56.85	61.06	61.06	22.7
U1429A	7H	4	84	85	84.5	56.95	61.16	61.16	23.1
U1429A	7H	4	94	95	94.5	57.05	61.26	61.26	23.1
U1429A	7H	4	104	105	104.5	57.15	61.36	61.36	23.2
U1429A	7H	4	114	115	114.5	57.25	61.46	61.46	23.2
U1429A	7H	4	124	125	124.5	57.35	61.56	61.56	23.6
U1429A	7H	4	134	135	134.5	57.45	61.66	61.66	23.7
U1429A	7H	4	144	145	144.5	57.55	61.76	61.76	23.8
U1429A	7H	5	4	5	4.5	57.65	61.86	61.86	24.0
U1429A	7H	5	14	15	14.5	57.75	61.96	61.96	23.7
U1429A	7H	5	24	25	24.5	57.85	62.06	62.06	23.8
U1429A	7H	5	34	35	34.5	57.95	62.16	62.16	23.9
U1429A	7H	5	44	45	44.5	58.05	62.26	62.26	23.8
U1429A	7H	5	54	55	54.5	58.15	62.36	62.36	23.9
U1429A	7H	5	64	65	64.5	58.25	62.46	62.46	24.1
U1429A	7H	5	74	75	74.5	58.35	62.56	62.56	24.2
U1429A	7H	5	84	85	84.5	58.45	62.66	62.66	24.2
U1429A	7H	5	94	95	94.5	58.55	62.76	62.76	24.3
U1429A	7H	5	104	105	104.5	58.65	62.86	62.86	24.1
U1429A	7H	5	114	115	114.5	58.75	62.96	62.96	24.5
U1429A	7H	5	124	125	124.5	58.85	63.06	63.06	24.3
U1429A	7H	5	134	135	134.5	58.95	63.16	63.16	24.5
U1429A	7H	5	144	145	144.5	59.05	63.26	63.26	24.5
U1429A	7H	6	4	5	4.5	59.15	63.36	63.36	24.5
U1429A	7H	6	14	15	14.5	59.25	63.46	63.46	24.8
U1429A	7H	6	24	25	24.5	59.35	63.56	63.56	25.0
U1429A	7H	6	34	35	34.5	59.45	63.66	63.66	25.3
U1429A	7H	6	44	45	44.5	59.55	63.76	63.76	25.3
U1429A	7H	6	54	55	54.5	59.65	63.86	63.86	25.2
U1429A	7H	6	64	65	64.5	59.75	63.96	63.96	25.3
U1429A	7H	6	74	75	74.5	59.85	64.06	64.06	25.3
U1429A	7H	6	84	85	84.5	59.95	64.16	64.16	25.5
U1429A	7H	6	94	95	94.5	60.05	64.26	64.26	25.5
U1429A	7H	6	104	105	104.5	60.15	64.36	64.36	25.1
U1429A	7H	6	114	115	114.5	60.25	64.46	64.46	25.3
U1429A	7H	6	124	125	124.5	60.35	64.56	64.56	25.3
U1429A	7H	6	134	135	134.5	60.45	64.66	64.66	25.3
U1429B	8H	2	144	145	144.5	60.35	64.79	64.79	25.1
U1429B	8H	3	4	5	4.5	60.45	64.89	64.89	25.1
U1429B	8H	3	14	15	14.5	60.55	64.99	64.99	25.2
U1429B	8H	3	24	25	24.5	60.65	65.09	65.09	25.1
U1429B	8H	3	34	35	34.5	60.75	65.19	65.19	24.9
U1429B	8H	3	44	45	44.5	60.85	65.29	65.29	25.2
U1429B	8H	3	54	55	54.5	60.95	65.39	65.39	24.9
U1429B	8H	3	64	65	64.5	61.05	65.49	65.49	25.0
U1429B	8H	3	74	75	74.5	61.15	65.59	65.59	25.2
U1429B	8H	3	84	85	84.5	61.25	65.69	65.69	25.1
U1429B	8H	3	94	95	94.5	61.35	65.79	65.79	25.2
U1429B	8H	3	104	105	104.5	61.45	65.89	65.89	25.3
U1429B	8H	3	114	115	114.5	61.55	65.99	65.99	25.0
U1429B	8H	3	124	125	124.5	61.65	66.09	66.09	25.1
U1429B	8H	3	134	135	134.5	61.75	66.19	66.19	24.8
U1429B	8H	3	144	145	144.5	61.85	66.29	66.29	24.7
U1429B	8H	4	4	5	4.5	61.95	66.39	66.39	24.5
U1429B	8H	4	14	15	14.5	62.05	66.49	66.49	24.6
U1429B	8H	4	24	25	24.5	62.15	66.59	66.59	24.9
U1429B	8H	4	34	35	34.5	62.25	66.69	66.69	24.2
U1429B	8H	4	44	45	44.5	62.35	66.79	66.79	24.0
U1429B	8H	4	54	55	54.5	62.45	66.89	66.89	23.6
U1429B	8H	4	64	65	64.5	62.55	66.99	66.99	23.3
U1429B	8H	4	74	75	74.5	62.65	67.09	67.09	22.8
U1429B	8H	4	84	85	84.5	62.75	67.19	67.19	23.1
U1429B	8H	4	94	95	94.5	62.85	67.29	67.29	23.1
U1429B	8H	4	104	105	104.5	62.95	67.39	67.39	23.6
U1429B	8H	4	114	115	114.5	63.05	67.49	67.49	23.1
U1429B	8H	4	124	125	124.5	63.15	67.59	67.59	23.0
U1429B	8H	4	134	135	134.5	63.25	67.69	67.69	22.9
U1429B	8H	4	144	145	144.5	63.35	67.79	67.79	22.9
U1429B	8H	5	4	5	4.5	63.45	67.89	67.89	23.0
U1429B	8H	5	14	15	14.5	63.55	67.99	67.99	22.8
U1429B	8H	5	24	25	24.5	63.65	68.09	68.09	22.5
U1429B	8H	5	34	35	34.5	63.75	68.19	68.19	22.6
U1429B	8H	5	44	45	44.5	63.85	68.29	68.29	22.7
U1429B	8H	5	54	55	54.5	63.95	68.39	68.39	22.7
U1429B	8H	5	64	65	64.5	64.05	68.49	68.49	22.6
U1429B	8H	5	74	75	74.5	64.15	68.59	68.59	22.5
U1429B	8H	5	84	85	84.5	64.25	68.69	68.69	22.3
U1429B	8H	5	94	95	94.5	64.35	68.79	68.79	22.3
U1429B	8H	5	104	105	104.5	64.45	68.89	68.89	22.0
U1429B	8H	5	114	115	114.5	64.55	68.99	68.99	22.0
U1429B	8H	5	124	125	124.5	64.65	69.09	69.09	22.0
U1429B	8H	5	134	135	134.5	64.75	69.19	69.19	21.9
U1429B	8H	5	144	145	144.5	64.85	69.29	69.29	21.7
U1429B	8H	6	4	5	4.5	64.95	69.39	69.39	21.4
U1429B	8H	6	14	15	14.5	65.05	69.49	69.49	21.3
U1429B	8H	6	24	25	24.5	65.15	69.59	69.59	21.5
U1429B	8H	6	34	35	34.5	65.25	69.69	69.69	21.9
U1429B	8H	6	44	45	44.5	65.35	69.79	69.79	20.8
U1429C	10H	2	54	55	54.5	65.05	70.19	70.19	21.6
U1429C	10H	2	64	65	64.5	65.15	70.29	70.29	21.1
U1429C	10H	2	74	75	74.5	65.25	70.39	70.39	21.4
U1429C	10H	2	84	85	84.5	65.35	70.49	70.49	21.4
U1429C	10H	2	94	95	94.5	65.45	70.59	70.59	21.8
U1429C	10H	2	104	105	104.5	65.55	70.69	70.69	20.8
U1429C	10H	2	114	115	114.5	65.65	70.79	70.79	23.0
U1429C	10H	2	124	125	124.5	65.75	70.89	70.89	21.3
U1429C	10H	2	134	135	134.5	65.85	70.99	70.99	21.8
U1429C	10H	2	144	145	144.5	65.95	71.09	71.09	19.8
U1429C	10H	3	4	5	4.5	66.05	71.19	71.19	19.9
U1429C	10H	3	14	15	14.5	66.15	71.29	71.29	20.1
U1429C	10H	3	24	25	24.5	66.25	71.39	71.39	19.9
U1429C	10H	3	34	35	34.5	66.35	71.49	71.49	20.0
U1429C	10H	3	44	45	44.5	66.45	71.59	71.59	20.7
U1429C	10H	3	54	55	54.5	66.55	71.69	71.69	20.0
U1429C	10H	3	64	65	64.5	66.65	71.79	71.79	20.0
U1429C	10H	3	74	75	74.5	66.75	71.89	71.89	20.8
U1429C	10H	3	84	85	84.5	66.85	71.99	71.99	19.9
U1429C	10H	3	94	95	94.5	66.95	72.09	72.09	19.7
U1429C	10H	3	104	105	104.5	67.05	72.19	72.19	19.9
U1429C	10H	3	114	115	114.5	67.15	72.29	72.29	19.8
U1429C	10H	3	124	125	124.5	67.25	72.39	72.39	19.7
U1429C	10H	3	134	135	134.5	67.35	72.49	72.49	19.7
U1429C	10H	3	144	145	144.5	67.45	72.59	72.59	19.8
U1429C	10H	4	4	5	4.5	67.55	72.69	72.69	20.0
U1429C	10H	4	14	15	14.5	67.65	72.79	72.79	19.8
U1429C	10H	4	24	25	24.5	67.75	72.89	72.89	20.0
U1429C	10H	4	34	35	34.5	67.85	72.99	72.99	19.9
U1429C	10H	4	44	45	44.5	67.95	73.09	73.09	19.7
U1429C	10H	4	54	55	54.5	68.05	73.19	73.19	19.8
U1429C	10H	4	64	65	64.5	68.15	73.29	73.29	19.7
U1429C	10H	4	74	75	74.5	68.25	73.39	73.39	20.0
U1429C	10H	4	84	85	84.5	68.35	73.49	73.49	19.7
U1429C	10H	4	94	95	94.5	68.45	73.59	73.59	19.9
U1429C	10H	4	104	105	104.5	68.55	73.69	73.69	19.9
U1429C	10H	4	114	115	114.5	68.65	73.79	73.79	19.8
U1429C	10H	4	124	125	124.5	68.75	73.89	73.89	19.5
U1429C	10H	4	134	135	134.5	68.85	73.99	73.99	19.5
U1429C	10H	4	144	145	144.5	68.95	74.09	74.09	19.7
U1429C	10H	5	4	5	4.5	69.05	74.19	74.19	19.3
U1429C	10H	5	14	15	14.5	69.15	74.29	74.29	19.2
U1429C	10H	5	24	25	24.5	69.25	74.39	74.39	19.3
U1429C	10H	5	34	35	34.5	69.35	74.49	74.49	19.6
U1429C	10H	5	44	45	44.5	69.45	74.59	74.59	20.4
U1429C	10H	5	54	55	54.5	69.55	74.69	74.69	19.5
U1429C	10H	5	64	65	64.5	69.65	74.79	74.79	19.8
U1429C	10H	5	74	75	74.5	69.75	74.89	74.89	19.6
U1429C	10H	5	84	85	84.5	69.85	74.99	74.99	20.2
U1429C	10H	5	94	95	94.5	69.95	75.09	75.09	19.4
U1429C	10H	5	104	105	104.5	70.05	75.19	75.19	19.4
U1429C	10H	5	114	115	114.5	70.15	75.29	75.29	19.3
U1429C	10H	5	124	125	124.5	70.25	75.39	75.39	19.4
U1429C	10H	5	134	135	134.5	70.35	75.49	75.49	19.3
U1429C	10H	5	144	145	144.5	70.45	75.59	75.59	19.5
U1429C	10H	6	4	5	4.5	70.55	75.69	75.69	19.3
U1429C	10H	6	14	15	14.5	70.65	75.79	75.79	19.4
U1429C	10H	6	24	25	24.5	70.75	75.89	75.89	19.3
U1429C	10H	6	34	35	34.5	70.85	75.99	75.99	19.3
U1429C	10H	6	44	45	44.5	70.95	76.09	76.09	19.6
U1429C	10H	6	54	55	54.5	71.05	76.19	76.19	19.3
U1429C	10H	6	64	65	64.5	71.15	76.29	76.29	19.2
U1429C	10H	6	74	75	74.5	71.25	76.39	76.39	19.5
U1429C	10H	6	84	85	84.5	71.35	76.49	76.49	19.3
U1429C	10H	6	94	95	94.5	71.45	76.59	76.59	19.4
U1429C	10H	6	104	105	104.5	71.55	76.69	76.69	19.8
U1429C	10H	6	114	115	114.5	71.65	76.79	76.79	19.7
U1429C	10H	6	124	125	124.5	71.75	76.89	76.89	20.1
U1429C	10H	6	134	135	134.5	71.85	76.99	76.99	19.7
U1429A	9H	1	104	105	104.5	71.65	77.06	77.06	19.7
U1429A	9H	1	114	115	114.5	71.75	77.16	77.16	19.8
U1429A	9H	1	124	125	124.5	71.85	77.26	77.26	19.6
U1429A	9H	1	134	135	134.5	71.95	77.36	77.36	19.6
U1429A	9H	1	144	145	144.5	72.05	77.46	77.46	20.0
U1429A	9H	2	4	5	4.5	72.15	77.56	77.56	19.9
U1429A	9H	2	14	15	14.5	72.25	77.66	77.66	19.8
U1429A	9H	2	24	25	24.5	72.35	77.76	77.76	19.7
U1429A	9H	2	34	35	34.5	72.45	77.86	77.86	19.8
U1429A	9H	2	44	45	44.5	72.55	77.96	77.96	19.7
U1429A	9H	2	54	55	54.5	72.65	78.06	78.06	20.1
U1429A	9H	2	64	65	64.5	72.75	78.16	78.16	20.3
U1429A	9H	2	74	75	74.5	72.85	78.26	78.26	20.3
U1429A	9H	2	84	85	84.5	72.95	78.36	78.36	19.7
U1429A	9H	2	94	95	94.5	73.05	78.46	78.46	20.1
U1429A	9H	2	104	105	104.5	73.15	78.56	78.56	19.7
U1429A	9H	2	114	115	114.5	73.25	78.66	78.66	19.8
U1429A	9H	2	124	125	124.5	73.35	78.76	78.76	20.1
U1429A	9H	2	134	135	134.5	73.45	78.86	78.86	20.2
U1429A	9H	2	144	145	144.5	73.55	78.96	78.96	19.7
U1429A	9H	3	4	5	4.5	73.65	79.06	79.06	19.3
U1429A	9H	3	14	15	14.5	73.75	79.16	79.16	19.2
U1429A	9H	3	24	25	24.5	73.85	79.26	79.26	19.2
U1429A	9H	3	34	35	34.5	73.95	79.36	79.36	19.2
U1429A	9H	3	44	45	44.5	74.05	79.46	79.46	19.3
U1429A	9H	3	54	55	54.5	74.15	79.56	79.56	19.4
U1429A	9H	3	64	65	64.5	74.25	79.66	79.66	19.3
U1429A	9H	3	74	75	74.5	74.35	79.76	79.76	19.5
U1429A	9H	3	84	85	84.5	74.45	79.86	79.86	19.5
U1429A	9H	3	94	95	94.5	74.55	79.96	79.96	20.0
U1429A	9H	3	104	105	104.5	74.65	80.06	80.06	19.8
U1429A	9H	3	114	115	114.5	74.75	80.16	80.16	22.9
U1429A	9H	3	124	125	124.5	74.85	80.26	80.26	20.0
U1429A	9H	3	134	135	134.5	74.95	80.36	80.36	20.7
U1429A	9H	3	144	145	144.5	75.05	80.46	80.46	21.2
U1429A	9H	4	4	5	4.5	75.15	80.56	80.56	19.9
U1429A	9H	4	14	15	14.5	75.25	80.66	80.66	19.2
U1429A	9H	4	24	25	24.5	75.35	80.76	80.76	19.2
U1429A	9H	4	34	35	34.5	75.45	80.86	80.86	19.2
U1429A	9H	4	43	44	43.5	75.54	80.95	80.95	19.4
U1429A	9H	4	53	54	53.5	75.64	81.05	81.05	19.4
U1429A	9H	4	63	64	63.5	75.74	81.15	81.15	19.5
U1429A	9H	4	74	75	74.5	75.85	81.26	81.26	20.0
U1429A	9H	4	84	85	84.5	75.95	81.36	81.36	19.8
U1429A	9H	4	94	95	94.5	76.05	81.46	81.46	19.7
U1429A	9H	4	104	105	104.5	76.15	81.56	81.56	19.3
U1429A	9H	4	114	115	114.5	76.25	81.66	81.66	19.3
U1429A	9H	4	124	125	124.5	76.35	81.76	81.76	19.2
U1429A	9H	4	134	135	134.5	76.45	81.86	81.86	19.0
U1429A	9H	4	144	145	144.5	76.55	81.96	81.96	19.1
U1429A	9H	5	4	5	4.5	76.65	82.06	82.06	19.1
U1429A	9H	5	14	15	14.5	76.75	82.16	82.16	19.4
U1429A	9H	5	24	25	24.5	76.85	82.26	82.26	19.3
U1429A	9H	5	34	35	34.5	76.95	82.36	82.36	19.6
U1429A	9H	5	44	45	44.5	77.05	82.46	82.46	19.4
U1429A	9H	5	54	55	54.5	77.15	82.56	82.56	18.9
U1429A	9H	5	64	65	64.5	77.25	82.66	82.66	19.0
U1429A	9H	5	74	75	74.5	77.35	82.76	82.76	18.9
U1429A	9H	5	84	85	84.5	77.45	82.86	82.86	18.9
U1429A	9H	5	94	95	94.5	77.55	82.96	82.96	18.9
U1429A	9H	5	104	105	104.5	77.65	83.06	83.06	18.8
U1429A	9H	5	114	115	114.5	77.75	83.16	83.16	19.0
U1429A	9H	5	124	125	124.5	77.85	83.26	83.26	18.8
U1429A	9H	5	134	135	134.5	77.95	83.36	83.36	19.4
U1429A	9H	5	144	145	144.5	78.05	83.46	83.46	19.6
U1429A	9H	6	4	5	4.5	78.15	83.56	83.56	19.3
U1429A	9H	6	14	15	14.5	78.25	83.66	83.66	19.3
U1429A	9H	6	24	25	24.5	78.35	83.76	83.76	19.2
U1429A	9H	6	34	35	34.5	78.45	83.86	83.86	19.2
U1429A	9H	6	54	55	54.5	78.65	84.06	84.06	18.8
U1429A	9H	6	64	65	64.5	78.75	84.16	84.16	18.9
U1429A	9H	6	74	75	74.5	78.85	84.26	84.26	18.6
U1429B	10H	3	94	95	94.5	80.38	84.37	84.36	18.5
U1429B	10H	3	104	105	104.5	80.48	84.47	84.46	18.4
U1429B	10H	3	114	115	114.5	80.58	84.57	84.56	18.2
U1429B	10H	3	124	125	124.5	80.68	84.67	84.66	18.3
U1429B	10H	3	134	135	134.5	80.78	84.77	84.76	18.1
U1429B	10H	3	144	145	144.5	80.88	84.87	84.86	17.8
U1429B	10H	3	153	154	153.5	80.97	84.96	84.95	17.6
U1429B	10H	4	14	15	14.5	81.13	85.11	85.11	18.1
U1429B	10H	4	24	25	24.5	81.23	85.21	85.21	18.2
U1429B	10H	4	34	35	34.5	81.33	85.31	85.31	18.0
U1429B	10H	4	44	45	44.5	81.43	85.41	85.41	18.2
U1429B	10H	4	54	55	54.5	81.53	85.51	85.51	18.4
U1429B	10H	4	64	65	64.5	81.63	85.61	85.61	18.3
U1429B	10H	4	74	75	74.5	81.73	85.71	85.71	18.1
U1429B	10H	4	84	85	84.5	81.83	85.81	85.81	18.4
U1429B	10H	4	94	95	94.5	81.93	85.91	85.91	18.8
U1429B	10H	4	104	105	104.5	82.03	86.01	86.01	18.7
U1429B	10H	4	114	115	114.5	82.13	86.11	86.11	18.3
U1429B	10H	4	124	125	124.5	82.23	86.21	86.21	18.7
U1429B	10H	4	134	135	134.5	82.33	86.31	86.31	18.5
U1429B	10H	4	144	145	144.5	82.43	86.41	86.41	18.8
U1429B	10H	5	14	15	14.5	82.65	86.63	86.64	19.7
U1429B	10H	5	24	25	24.5	82.75	86.73	86.74	20.2
U1429B	10H	5	34	35	34.5	82.85	86.83	86.84	19.9
U1429B	10H	5	44	45	44.5	82.95	86.93	86.94	20.0
U1429B	10H	5	54	55	54.5	83.05	87.03	87.04	19.5
U1429B	10H	5	64	65	64.5	83.15	87.13	87.14	19.4
U1429B	10H	5	74	75	74.5	83.25	87.23	87.24	19.3
U1429B	10H	5	84	85	84.5	83.35	87.33	87.34	19.1
U1429B	10H	5	94	95	94.5	83.45	87.43	87.44	19.1
U1429B	10H	5	104	105	104.5	83.55	87.53	87.54	18.8
U1429B	10H	5	114	115	114.5	83.65	87.63	87.64	18.9
U1429B	10H	5	124	125	124.5	83.75	87.73	87.74	19.1
U1429B	10H	5	134	135	134.5	83.85	87.83	87.84	19.1
U1429B	10H	5	144	145	144.5	83.95	87.93	87.94	19.2
U1429B	10H	6	14	15	14.5	84.16	88.15	88.14	20.9
U1429B	10H	6	24	25	24.5	84.26	88.25	88.24	21.0
U1429B	10H	6	34	35	34.5	84.36	88.35	88.34	20.7
U1429B	10H	6	44	45	44.5	84.46	88.45	88.44	20.0
U1429B	10H	6	54	55	54.5	84.56	88.55	88.54	19.7
U1429B	10H	6	64	65	64.5	84.66	88.65	88.64	19.4
U1429B	10H	6	74	75	74.5	84.76	88.75	88.74	19.2
U1429B	10H	6	84	85	84.5	84.86	88.85	88.84	19.0
U1429B	10H	6	94	95	94.5	84.96	88.95	88.94	19.0
U1429B	10H	6	104	105	104.5	85.06	89.05	89.04	19.1
U1429B	10H	6	114	115	114.5	85.16	89.15	89.14	19.2
U1429B	10H	6	124	125	124.5	85.26	89.25	89.24	19.0
U1429A	10H	3	14	15	14.5	83.25	89.35	89.35	19.9
U1429A	10H	3	24	25	24.5	83.35	89.45	89.45	20.1
U1429A	10H	3	34	35	34.5	83.45	89.55	89.55	20.5
U1429A	10H	3	44	45	44.5	83.55	89.65	89.65	20.6
U1429A	10H	3	54	55	54.5	83.65	89.75	89.75	20.5
U1429A	10H	3	64	65	64.5	83.75	89.85	89.85	20.4
U1429A	10H	3	74	75	74.5	83.85	89.95	89.95	20.5
U1429A	10H	3	84	85	84.5	83.95	90.05	90.05	20.5
U1429A	10H	3	94	95	94.5	84.05	90.15	90.15	20.7
U1429A	10H	3	104	105	104.5	84.15	90.25	90.25	21.0
U1429A	10H	3	114	115	114.5	84.25	90.35	90.35	21.0
U1429A	10H	3	124	125	124.5	84.35	90.45	90.45	20.9
U1429A	10H	3	134	135	134.5	84.45	90.55	90.55	21.1
U1429A	10H	3	144	145	144.5	84.55	90.65	90.65	21.6
U1429A	10H	4	4	5	4.5	84.65	90.75	90.75	21.7
U1429A	10H	4	14	15	14.5	84.75	90.85	90.85	22.0
U1429A	10H	4	24	25	24.5	84.85	90.95	90.95	21.8
U1429A	10H	4	34	35	34.5	84.95	91.05	91.05	21.5
U1429A	10H	4	44	45	44.5	85.05	91.15	91.15	21.9
U1429A	10H	4	54	55	54.5	85.15	91.25	91.25	22.0
U1429A	10H	4	64	65	64.5	85.25	91.35	91.35	22.0
U1429A	10H	4	74	75	74.5	85.35	91.45	91.45	22.1
U1429A	10H	4	84	85	84.5	85.45	91.55	91.55	21.8
U1429A	10H	4	94	95	94.5	85.55	91.65	91.65	21.4
U1429A	10H	4	104	105	104.5	85.65	91.75	91.75	20.9
U1429A	10H	4	114	115	114.5	85.75	91.85	91.85	20.8
U1429A	10H	4	124	125	124.5	85.85	91.95	91.95	21.7
U1429A	10H	4	134	135	134.5	85.95	92.05	92.05	21.3
U1429A	10H	4	144	145	144.5	86.05	92.15	92.15	21.0
U1429A	10H	5	4	5	4.5	86.15	92.25	92.26	21.1
U1429A	10H	5	14	15	14.5	86.25	92.35	92.36	21.7
U1429A	10H	5	24	25	24.5	86.35	92.45	92.46	22.5
U1429A	10H	5	34	35	34.5	86.45	92.55	92.56	21.9
U1429A	10H	5	44	45	44.5	86.55	92.65	92.66	22.1
U1429A	10H	5	54	55	54.5	86.65	92.75	92.76	21.6
U1429A	10H	5	64	65	64.5	86.75	92.85	92.86	21.9
U1429A	10H	5	74	75	74.5	86.85	92.95	92.96	22.0
U1429A	10H	5	84	85	84.5	86.95	93.05	93.06	21.8
U1429A	10H	5	94	95	94.5	87.05	93.15	93.16	21.9
U1429A	10H	5	104	105	104.5	87.15	93.25	93.26	21.8
U1429A	10H	5	114	115	114.5	87.25	93.35	93.36	21.6
U1429A	10H	5	124	125	124.5	87.35	93.45	93.46	21.1
U1429B	11H	2	94	95	94.5	88.35	93.56	93.56	20.7
U1429B	11H	2	104	105	104.5	88.45	93.66	93.66	20.9
U1429B	11H	2	114	115	114.5	88.55	93.76	93.76	21.2
U1429B	11H	2	124	125	124.5	88.65	93.86	93.86	20.7
U1429B	11H	2	134	135	134.5	88.75	93.96	93.96	20.5
U1429B	11H	2	144	145	144.5	88.85	94.06	94.06	20.6
U1429B	11H	3	14	15	14.5	89.07	94.28	94.28	20.9
U1429B	11H	3	24	25	24.5	89.17	94.38	94.38	20.9
U1429B	11H	3	34	35	34.5	89.27	94.48	94.48	20.9
U1429B	11H	3	44	45	44.5	89.37	94.58	94.58	20.9
U1429B	11H	3	54	55	54.5	89.47	94.68	94.68	21.0
U1429B	11H	3	64	65	64.5	89.57	94.78	94.78	20.6
U1429B	11H	3	74	75	74.5	89.67	94.88	94.88	20.2
U1429B	11H	3	84	85	84.5	89.77	94.98	94.98	20.4
U1429B	11H	3	94	95	94.5	89.87	95.08	95.08	20.3
U1429B	11H	3	104	105	104.5	89.97	95.18	95.18	20.7
U1429B	11H	3	114	115	114.5	90.07	95.28	95.28	20.8
U1429B	11H	3	124	125	124.5	90.17	95.38	95.38	21.3
U1429B	11H	3	134	135	134.5	90.27	95.48	95.48	21.6
U1429B	11H	3	144	145	144.5	90.37	95.58	95.58	21.6
U1429B	11H	4	14	15	14.5	90.58	95.79	95.79	22.1
U1429B	11H	4	24	25	24.5	90.68	95.89	95.89	22.0
U1429B	11H	4	34	35	34.5	90.78	95.99	95.99	22.1
U1429B	11H	4	44	45	44.5	90.88	96.09	96.09	22.1
U1429B	11H	4	54	55	54.5	90.98	96.19	96.19	22.0
U1429B	11H	4	64	65	64.5	91.08	96.29	96.29	21.7
U1429B	11H	4	74	75	74.5	91.18	96.39	96.39	21.1
U1429B	11H	4	84	85	84.5	91.28	96.49	96.49	21.3
U1429B	11H	4	94	95	94.5	91.38	96.59	96.59	21.4
U1429B	11H	4	104	105	104.5	91.48	96.69	96.69	21.6
U1429B	11H	4	124	125	124.5	91.68	96.89	96.89	21.0
U1429B	11H	4	134	135	134.5	91.78	96.99	96.99	21.0
U1429B	11H	4	144	145	144.5	91.88	97.09	97.09	20.6
U1429B	11H	5	4	5	4.5	91.98	97.19	97.19	20.8
U1429B	11H	5	14	15	14.5	92.08	97.29	97.29	21.0
U1429B	11H	5	24	25	24.5	92.18	97.39	97.39	20.8
U1429B	11H	5	34	35	34.5	92.28	97.49	97.49	20.7
U1429B	11H	5	44	45	44.5	92.38	97.59	97.59	21.1
U1429B	11H	5	54	55	54.5	92.48	97.69	97.69	21.1
U1429B	11H	5	64	65	64.5	92.58	97.79	97.79	21.1
U1429B	11H	5	74	75	74.5	92.68	97.89	97.89	21.4
U1429B	11H	5	84	85	84.5	92.78	97.99	97.99	21.4
U1429B	11H	5	94	95	94.5	92.88	98.09	98.09	21.4
U1429B	11H	5	104	105	104.5	92.98	98.19	98.19	21.5
U1429B	11H	5	114	115	114.5	93.08	98.29	98.29	21.4
U1429B	11H	5	124	125	124.5	93.18	98.39	98.39	21.2
U1429B	11H	5	134	135	134.5	93.28	98.49	98.49	21.2
U1429B	11H	5	144	145	144.5	93.38	98.59	98.59	21.0
U1429B	11H	6	4	5	4.5	93.48	98.69	98.69	21.1
U1429B	11H	6	14	15	14.5	93.58	98.79	98.79	21.1
U1429B	11H	6	24	25	24.5	93.68	98.89	98.89	21.2
U1429B	11H	6	34	35	34.5	93.78	98.99	98.99	21.3
U1429B	11H	6	44	45	44.5	93.88	99.09	99.09	21.3
U1429B	11H	6	54	55	54.5	93.98	99.19	99.19	21.3
U1429B	11H	6	64	65	64.5	94.08	99.29	99.29	21.5
U1429B	11H	6	74	75	74.5	94.18	99.39	99.39	21.2
U1429B	11H	6	84	85	84.5	94.28	99.49	99.49	21.3
U1429B	11H	6	94	95	94.5	94.38	99.59	99.59	21.2
U1429B	11H	6	104	105	104.5	94.48	99.69	99.69	21.1
U1429B	11H	6	114	115	114.5	94.58	99.79	99.79	21.3
U1429B	11H	6	124	125	124.5	94.68	99.89	99.89	21.3
U1429B	11H	6	134	135	134.5	94.78	99.99	99.99	21.5
U1429C	13H	2	44	45	44.5	93.45	100.11	100.11	21.7
U1429C	13H	2	54	55	54.5	93.55	100.21	100.21	22.5
U1429C	13H	2	64	65	64.5	93.65	100.31	100.31	22.9
U1429C	13H	2	74	75	74.5	93.75	100.41	100.41	22.6
U1429C	13H	2	84	85	84.5	93.85	100.51	100.51	22.3
U1429C	13H	2	94	95	94.5	93.95	100.61	100.61	23.0
U1429C	13H	2	104	105	104.5	94.05	100.71	100.71	23.9
U1429C	13H	2	114	115	114.5	94.15	100.81	100.81	22.0
U1429C	13H	2	124	125	124.5	94.25	100.91	100.91	21.9
U1429C	13H	2	134	135	134.5	94.35	101.01	101.01	22.5
U1429C	13H	2	144	145	144.5	94.45	101.11	101.11	22.4
U1429C	13H	3	4	5	4.5	94.55	101.21	101.21	22.1
U1429C	13H	3	14	15	14.5	94.65	101.31	101.31	22.4
U1429C	13H	3	24	25	24.5	94.75	101.41	101.41	22.9
U1429C	13H	3	34	35	34.5	94.85	101.51	101.51	23.2
U1429C	13H	3	44	45	44.5	94.95	101.61	101.61	24.2
U1429C	13H	3	54	55	54.5	95.05	101.71	101.71	24.0
U1429C	13H	3	64	65	64.5	95.15	101.81	101.81	23.7
U1429C	13H	3	74	75	74.5	95.25	101.91	101.91	23.2
U1429C	13H	3	84	85	84.5	95.35	102.01	102.01	23.0
U1429C	13H	3	94	95	94.5	95.45	102.11	102.11	22.9
U1429C	13H	3	104	105	104.5	95.55	102.21	102.21	24.0
U1429C	13H	3	114	115	114.5	95.65	102.31	102.31	23.6
U1429C	13H	3	124	125	124.5	95.75	102.41	102.41	24.1
U1429C	13H	3	134	135	134.5	95.85	102.51	102.51	23.8
U1429C	13H	3	144	145	144.5	95.95	102.61	102.61	24.0
U1429C	13H	4	4	5	4.5	96.05	102.71	102.71	24.0
U1429C	13H	4	14	15	14.5	96.15	102.81	102.81	24.5
U1429C	13H	4	24	25	24.5	96.25	102.91	102.91	24.2
U1429C	13H	4	34	35	34.5	96.35	103.01	103.01	24.1
U1429C	13H	4	44	45	44.5	96.45	103.11	103.11	23.2
U1429C	13H	4	54	55	54.5	96.55	103.21	103.21	23.0
U1429C	13H	4	64	65	64.5	96.65	103.31	103.31	23.0
U1429C	13H	4	74	75	74.5	96.75	103.41	103.41	23.1
U1429C	13H	4	84	85	84.5	96.85	103.51	103.51	23.2
U1429C	13H	4	94	95	94.5	96.95	103.61	103.61	23.1
U1429C	13H	4	104	105	104.5	97.05	103.71	103.71	22.8
U1429C	13H	4	114	115	114.5	97.15	103.81	103.81	22.4
U1429C	13H	4	124	125	124.5	97.25	103.91	103.91	21.7
U1429C	13H	4	134	135	134.5	97.35	104.01	104.01	22.0
U1429C	13H	4	144	145	144.5	97.45	104.11	104.11	21.5
U1429C	13H	5	4	5	4.5	97.55	104.21	104.21	21.8
U1429C	13H	5	14	15	14.5	97.65	104.31	104.31	21.7
U1429C	13H	5	24	25	24.5	97.75	104.41	104.41	22.1
U1429C	13H	5	34	35	34.5	97.85	104.51	104.51	22.6
U1429C	13H	5	44	45	44.5	97.95	104.61	104.61	22.6
U1429C	13H	5	54	55	54.5	98.05	104.71	104.71	22.7
U1429C	13H	5	64	65	64.5	98.15	104.81	104.81	22.7
U1429C	13H	5	74	75	74.5	98.25	104.91	104.91	22.8
U1429C	13H	5	84	85	84.5	98.35	105.01	105.01	22.6
U1429C	13H	5	94	95	94.5	98.45	105.11	105.11	23.5
U1429C	13H	5	104	105	104.5	98.55	105.21	105.21	23.7
U1429C	13H	5	114	115	114.5	98.65	105.31	105.31	23.6
U1429C	13H	5	124	125	124.5	98.75	105.41	105.41	24.0
U1429C	13H	5	134	135	134.5	98.85	105.51	105.51	23.7
U1429C	13H	5	144	145	144.5	98.95	105.61	105.61	23.6
U1429C	13H	6	4	5	4.5	99.05	105.71	105.71	23.6
U1429C	13H	6	14	15	14.5	99.15	105.81	105.81	23.2
U1429C	13H	6	24	25	24.5	99.25	105.91	105.91	23.7
U1429C	13H	6	34	35	34.5	99.35	106.01	106.01	23.7
U1429C	13H	6	44	45	44.5	99.45	106.11	106.11	24.0
U1429C	13H	6	54	55	54.5	99.55	106.21	106.21	23.8
U1429C	13H	6	64	65	64.5	99.65	106.31	106.31	23.9
U1429C	13H	6	74	75	74.5	99.75	106.41	106.41	23.7
U1429C	13H	6	84	85	84.5	99.85	106.51	106.51	23.6
U1429C	13H	6	94	95	94.5	99.95	106.61	106.61	24.2
U1429C	13H	6	104	105	104.5	100.05	106.71	106.71	24.1
U1429A	12H	1	44	45	44.5	99.55	106.79	106.79	23.9
U1429A	12H	1	54	55	54.5	99.65	106.89	106.89	24.0
U1429A	12H	1	64	65	64.5	99.75	106.99	106.99	24.1
U1429A	12H	1	74	75	74.5	99.85	107.09	107.09	23.9
U1429A	12H	1	84	85	84.5	99.95	107.19	107.19	24.0
U1429A	12H	1	94	95	94.5	100.05	107.29	107.29	23.8
U1429A	12H	1	104	105	104.5	100.15	107.39	107.39	23.6
U1429A	12H	1	114	115	114.5	100.25	107.49	107.49	24.3
U1429A	12H	1	124	125	124.5	100.35	107.59	107.59	24.6
U1429A	12H	2	4	5	4.5	100.65	107.89	107.89	24.4
U1429A	12H	2	14	15	14.5	100.75	107.99	107.99	24.3
U1429A	12H	2	24	25	24.5	100.85	108.09	108.09	24.6
U1429A	12H	2	34	35	34.5	100.95	108.19	108.19	24.2
U1429A	12H	2	44	45	44.5	101.05	108.29	108.29	24.2
U1429A	12H	2	54	55	54.5	101.15	108.39	108.39	24.1
U1429A	12H	2	64	65	64.5	101.25	108.49	108.49	24.6
U1429A	12H	2	74	75	74.5	101.35	108.59	108.59	24.4
U1429A	12H	2	84	85	84.5	101.45	108.69	108.69	23.0
U1429A	12H	2	94	95	94.5	101.55	108.79	108.79	23.3
U1429A	12H	2	104	105	104.5	101.65	108.89	108.89	23.8
U1429A	12H	2	114	115	114.5	101.75	108.99	108.99	23.7
U1429A	12H	2	124	125	124.5	101.85	109.09	109.09	22.6
U1429A	12H	2	134	135	134.5	101.95	109.19	109.19	23.7
U1429A	12H	2	144	145	144.5	102.05	109.29	109.29	23.7
U1429A	12H	3	4	5	4.5	102.15	109.39	109.39	23.8
U1429A	12H	3	14	15	14.5	102.25	109.49	109.49	23.7
U1429A	12H	3	24	25	24.5	102.35	109.59	109.59	23.7
U1429A	12H	3	34	35	34.5	102.45	109.69	109.69	23.7
U1429A	12H	3	44	45	44.5	102.55	109.79	109.79	23.8
U1429A	12H	3	54	55	54.5	102.65	109.89	109.89	23.5
U1429A	12H	3	64	65	64.5	102.75	109.99	109.99	23.4
U1429A	12H	3	74	75	74.5	102.85	110.09	110.09	23.3
U1429A	12H	3	84	85	84.5	102.95	110.19	110.19	23.1
U1429A	12H	3	94	95	94.5	103.05	110.29	110.29	23.2
U1429A	12H	3	104	105	104.5	103.15	110.39	110.39	22.9
U1429A	12H	3	114	115	114.5	103.25	110.49	110.49	23.1
U1429A	12H	3	124	125	124.5	103.35	110.59	110.59	23.1
U1429A	12H	3	134	135	134.5	103.45	110.69	110.69	22.8
U1429A	12H	3	144	145	144.5	103.55	110.79	110.79	22.9
U1429A	12H	4	4	5	4.5	103.65	110.89	110.89	23.0
U1429A	12H	4	14	15	14.5	103.75	110.99	110.99	22.8
U1429A	12H	4	24	25	24.5	103.85	111.09	111.09	22.7
U1429A	12H	4	34	35	34.5	103.95	111.19	111.19	22.5
U1429A	12H	4	44	45	44.5	104.05	111.29	111.29	22.2
U1429A	12H	4	54	55	54.5	104.15	111.39	111.39	22.2
U1429A	12H	4	64	65	64.5	104.25	111.49	111.49	22.2
U1429A	12H	4	74	75	74.5	104.35	111.59	111.59	22.5
U1429A	12H	4	84	85	84.5	104.45	111.69	111.69	22.0
U1429A	12H	4	94	95	94.5	104.55	111.79	111.79	22.0
U1429A	12H	4	104	105	104.5	104.65	111.89	111.89	22.0
U1429A	12H	4	114	115	114.5	104.75	111.99	111.99	22.1
U1429A	12H	4	124	125	124.5	104.85	112.09	112.09	22.3
U1429A	12H	4	134	135	134.5	104.95	112.19	112.19	22.2
U1429A	12H	4	144	145	144.5	105.05	112.29	112.29	22.3
U1429A	12H	5	4	5	4.5	105.15	112.39	112.38	22.5
U1429A	12H	5	14	15	14.5	105.25	112.49	112.48	22.4
U1429A	12H	5	24	25	24.5	105.35	112.59	112.58	22.4
U1429A	12H	5	34	35	34.5	105.45	112.69	112.68	22.3
U1429A	12H	5	44	45	44.5	105.55	112.79	112.78	22.3
U1429A	12H	5	54	55	54.5	105.65	112.89	112.88	22.3
U1429A	12H	5	64	65	64.5	105.75	112.99	112.98	22.2
U1429A	12H	5	74	75	74.5	105.85	113.09	113.08	21.9
U1429A	12H	5	84	85	84.5	105.95	113.19	113.18	21.5
U1429A	12H	5	94	95	94.5	106.05	113.29	113.28	21.4
U1429A	12H	5	104	105	104.5	106.15	113.39	113.38	21.5
U1429A	12H	5	114	115	114.5	106.25	113.49	113.48	21.5
U1429A	12H	5	124	125	124.5	106.35	113.59	113.58	21.4
U1429A	12H	5	134	135	134.5	106.45	113.69	113.68	21.7
U1429A	12H	5	144	145	144.5	106.55	113.79	113.78	22.0
U1429A	12H	6	4	5	4.5	106.60	113.83	113.83	22.2
U1429A	12H	6	14	15	14.5	106.70	113.93	113.93	22.1
U1429A	12H	6	24	25	24.5	106.80	114.03	114.03	21.6
U1429B	13H	4	44	45	44.5	107.58	114.24	114.24	21.7
U1429B	13H	4	54	55	54.5	107.68	114.34	114.34	21.6
U1429B	13H	4	64	65	64.5	107.78	114.44	114.44	21.6
U1429B	13H	4	74	75	74.5	107.88	114.54	114.54	21.3
U1429B	13H	4	84	85	84.5	107.98	114.64	114.64	21.4
U1429B	13H	4	94	95	94.5	108.08	114.74	114.74	21.9
U1429B	13H	4	104	105	104.5	108.18	114.84	114.84	21.3
U1429B	13H	4	114	115	114.5	108.28	114.94	114.94	21.9
U1429B	13H	4	124	125	124.5	108.38	115.04	115.04	22.0
U1429B	13H	4	134	135	134.5	108.48	115.14	115.14	22.3
U1429B	13H	4	143	144	143.5	108.57	115.23	115.23	22.8
U1429B	13H	5	4	5	4.5	108.68	115.34	115.34	22.4
U1429B	13H	5	14	15	14.5	108.78	115.44	115.44	22.7
U1429B	13H	5	24	25	24.5	108.88	115.54	115.54	22.6
U1429B	13H	5	34	35	34.5	108.98	115.64	115.64	22.1
U1429B	13H	5	44	45	44.5	109.08	115.74	115.74	22.7
U1429B	13H	5	54	55	54.5	109.18	115.84	115.84	22.4
U1429B	13H	5	64	65	64.5	109.28	115.94	115.94	21.9
U1429B	13H	5	74	75	74.5	109.38	116.04	116.04	21.4
U1429B	13H	5	84	85	84.5	109.48	116.14	116.14	21.6
U1429B	13H	5	94	95	94.5	109.58	116.24	116.24	21.8
U1429B	13H	5	104	105	104.5	109.68	116.34	116.34	22.0
U1429B	13H	5	114	115	114.5	109.78	116.44	116.44	21.1
U1429B	13H	5	124	125	124.5	109.88	116.54	116.54	22.3
U1429B	13H	5	134	135	134.5	109.98	116.64	116.64	22.0
U1429B	13H	5	144	145	144.5	110.08	116.74	116.74	21.5
U1429B	13H	6	4	5	4.5	110.18	116.84	116.84	22.5
U1429B	13H	6	14	15	14.5	110.28	116.94	116.94	21.6
U1429B	13H	6	23	24	23.5	110.37	117.03	117.03	21.1
U1429B	13H	6	33	34	33.5	110.47	117.13	117.13	21.4
U1429B	13H	6	44	45	44.5	110.58	117.24	117.24	20.9
U1429B	13H	6	54	55	54.5	110.68	117.34	117.34	21.7
U1429B	13H	6	64	65	64.5	110.78	117.44	117.44	22.3
U1429B	13H	6	74	75	74.5	110.88	117.54	117.54	22.2
U1429B	13H	6	83	84	83.5	110.97	117.63	117.63	22.8
U1429B	13H	6	93	94	93.5	111.07	117.73	117.73	23.2
U1429B	13H	6	103	104	103.5	111.17	117.83	117.83	23.1
U1429B	13H	6	114	115	114.5	111.28	117.94	117.94	22.9
U1429B	13H	6	124	125	124.5	111.38	118.04	118.04	23.4
U1429B	13H	6	134	135	134.5	111.48	118.14	118.14	23.2
U1429B	13H	6	144	145	144.5	111.58	118.24	118.24	22.6
U1429B	13H	7	4	5	4.5	111.69	118.35	118.35	22.7
U1429B	13H	7	14	15	14.5	111.79	118.45	118.45	22.9
U1429B	13H	7	24	25	24.5	111.89	118.55	118.55	22.6
U1429B	13H	7	34	35	34.5	111.99	118.65	118.65	22.8
U1429B	13H	7	44	45	44.5	112.09	118.75	118.75	23.4
U1429B	13H	7	54	55	54.5	112.19	118.85	118.85	23.4
U1429B	13H	7	64	65	64.5	112.29	118.95	118.95	24.0
U1429B	13H	7	74	75	74.5	112.39	119.05	119.05	24.2
U1429B	13H	7	84	85	84.5	112.49	119.15	119.15	23.9
U1429B	13H	7	94	95	94.5	112.59	119.25	119.25	23.9
U1429B	13H	7	104	105	104.5	112.69	119.35	119.35	24.1
U1429A	13H	3	14	15	14.5	111.77	119.48	119.48	23.2
U1429A	13H	3	24	25	24.5	111.87	119.58	119.58	23.2
U1429A	13H	3	34	35	34.5	111.97	119.68	119.68	23.2
U1429A	13H	3	44	45	44.5	112.07	119.78	119.78	23.5
U1429A	13H	3	54	55	54.5	112.17	119.88	119.88	23.5
U1429A	13H	3	64	65	64.5	112.27	119.98	119.98	23.6
U1429A	13H	3	74	75	74.5	112.37	120.08	120.08	23.3
U1429A	13H	3	84	85	84.5	112.47	120.18	120.18	23.4
U1429A	13H	3	94	95	94.5	112.57	120.28	120.28	22.9
U1429A	13H	3	104	105	104.5	112.67	120.38	120.38	22.8
U1429A	13H	3	114	115	114.5	112.77	120.48	120.48	23.0
U1429A	13H	3	124	125	124.5	112.87	120.58	120.58	21.7
U1429A	13H	3	134	135	134.5	112.97	120.68	120.68	22.2
U1429A	13H	3	142	143	142.5	113.05	120.76	120.76	21.7
U1429A	13H	4	4	5	4.5	113.13	120.84	120.84	21.7
U1429A	13H	4	14	15	14.5	113.23	120.94	120.94	22.4
U1429A	13H	4	24	25	24.5	113.33	121.04	121.04	22.2
U1429A	13H	4	34	35	34.5	113.43	121.14	121.14	22.1
U1429A	13H	4	44	45	44.5	113.53	121.24	121.24	22.0
U1429A	13H	4	54	55	54.5	113.63	121.34	121.34	21.9
U1429A	13H	4	64	65	64.5	113.73	121.44	121.44	21.9
U1429A	13H	4	74	75	74.5	113.83	121.54	121.54	21.7
U1429A	13H	4	84	85	84.5	113.93	121.64	121.64	21.7
U1429A	13H	4	94	95	94.5	114.03	121.74	121.74	21.8
U1429A	13H	4	104	105	104.5	114.13	121.84	121.84	21.5
U1429A	13H	4	114	115	114.5	114.23	121.94	121.94	21.9
U1429A	13H	4	124	125	124.5	114.33	122.04	122.04	21.6
U1429A	13H	4	134	135	134.5	114.43	122.14	122.14	21.6
U1429A	13H	4	144	145	144.5	114.53	122.24	122.24	21.5
U1429A	13H	5	4	5	4.5	114.63	122.34	122.34	21.6
U1429A	13H	5	14	15	14.5	114.73	122.44	122.44	21.5
U1429A	13H	5	24	25	24.5	114.83	122.54	122.54	21.9
U1429A	13H	5	34	35	34.5	114.93	122.64	122.64	21.6
U1429A	13H	5	44	45	44.5	115.03	122.74	122.74	21.9
U1429A	13H	5	54	55	54.5	115.13	122.84	122.84	21.7
U1429A	13H	5	64	65	64.5	115.23	122.94	122.94	21.8
U1429A	15H	1	4	5	4.5	118.15	125.80	125.80	22.2
U1429A	15H	1	14	15	14.5	118.25	125.90	125.90	22.3
U1429A	15H	1	24	25	24.5	118.35	126.00	126.00	22.6
U1429A	15H	1	34	35	34.5	118.45	126.10	126.10	20.0
U1429A	15H	1	44	45	44.5	118.55	126.20	126.20	22.1
U1429A	15H	1	54	55	54.5	118.65	126.30	126.30	21.9
U1429A	15H	1	64	65	64.5	118.75	126.40	126.40	21.2
U1429A	15H	1	74	75	74.5	118.85	126.50	126.50	21.1
U1429A	15H	1	84	85	84.5	118.95	126.60	126.60	21.2
U1429A	15H	1	94	95	94.5	119.05	126.70	126.70	21.0
U1429A	15H	1	104	105	104.5	119.15	126.80	126.80	21.1
U1429A	15H	1	114	115	114.5	119.25	126.90	126.90	21.5
U1429A	15H	1	124	125	124.5	119.35	127.00	127.00	21.4
U1429A	15H	1	134	135	134.5	119.45	127.10	127.10	21.7
U1429A	15H	1	144	145	144.5	119.55	127.20	127.20	21.3
U1429A	15H	2	4	5	4.5	119.65	127.30	127.30	21.5
U1429A	15H	2	14	15	14.5	119.75	127.40	127.40	21.3
U1429A	15H	2	24	25	24.5	119.85	127.50	127.50	21.6
U1429A	15H	2	34	35	34.5	119.95	127.60	127.60	22.1
U1429A	15H	2	44	45	44.5	120.05	127.70	127.70	21.7
U1429A	15H	2	54	55	54.5	120.15	127.80	127.80	21.9
U1429A	15H	2	74	75	74.5	120.35	128.00	128.00	21.5
U1429A	15H	2	84	85	84.5	120.45	128.10	128.10	21.3
U1429A	15H	2	94	95	94.5	120.55	128.20	128.20	21.4
U1429A	15H	2	104	105	104.5	120.65	128.30	128.30	21.3
U1429A	15H	2	114	115	114.5	120.75	128.40	128.40	21.2
U1429A	15H	2	124	125	124.5	120.85	128.50	128.50	21.2
U1429A	15H	2	134	135	134.5	120.95	128.60	128.60	21.8
U1429A	15H	2	144	145	144.5	121.05	128.70	128.70	21.6
U1429A	15H	3	4	5	4.5	121.15	128.80	128.80	21.9
U1429A	15H	3	14	15	14.5	121.25	128.90	128.90	21.7
U1429A	15H	3	24	25	24.5	121.35	129.00	129.00	21.9
U1429A	15H	3	34	35	34.5	121.45	129.10	129.10	21.8
U1429A	15H	3	44	45	44.5	121.55	129.20	129.20	21.9
U1429A	15H	3	54	55	54.5	121.65	129.30	129.30	21.7
U1429A	15H	3	64	65	64.5	121.75	129.40	129.40	21.7
U1429A	15H	3	74	75	74.5	121.85	129.50	129.50	21.4
U1429A	15H	3	84	85	84.5	121.95	129.60	129.60	21.5
U1429A	15H	3	94	95	94.5	122.05	129.70	129.70	20.9
U1429A	15H	3	104	105	104.5	122.15	129.80	129.80	20.5
U1429A	15H	3	114	115	114.5	122.25	129.90	129.90	20.8
U1429A	15H	3	124	125	124.5	122.35	130.00	130.00	20.6
U1429A	15H	3	134	135	134.5	122.45	130.10	130.10	20.2
U1429A	15H	3	144	145	144.5	122.55	130.20	130.20	20.5
U1429A	15H	4	4	5	4.5	122.65	130.30	130.30	20.5
U1429B	16H	2	54	55	54.5	124.06	130.36	130.36	20.2
U1429B	16H	2	64	65	64.5	124.16	130.46	130.46	20.3
U1429B	16H	2	74	75	74.5	124.26	130.56	130.56	21.0
U1429B	16H	2	83	84	83.5	124.35	130.65	130.65	20.8
U1429B	16H	2	93	94	93.5	124.45	130.75	130.75	21.0
U1429B	16H	2	103	104	103.5	124.55	130.85	130.85	20.3
U1429B	16H	2	114	115	114.5	124.66	130.96	130.96	20.2
U1429B	16H	2	123	124	123.5	124.75	131.05	131.05	20.7
U1429B	16H	3	4	5	4.5	124.88	131.18	131.18	20.6
U1429B	16H	3	14	15	14.5	124.98	131.28	131.28	20.4
U1429B	16H	3	24	25	24.5	125.08	131.38	131.38	20.0
U1429B	16H	3	34	35	34.5	125.18	131.48	131.48	20.0
U1429B	16H	3	44	45	44.5	125.28	131.58	131.58	19.9
U1429B	16H	3	54	55	54.5	125.38	131.68	131.68	21.0
U1429B	16H	3	64	65	64.5	125.48	131.78	131.78	20.9
U1429B	16H	3	74	75	74.5	125.58	131.88	131.88	20.7
U1429B	16H	3	84	85	84.5	125.68	131.98	131.98	20.4
U1429B	16H	3	94	95	94.5	125.78	132.08	132.08	21.3
U1429B	16H	3	104	105	104.5	125.88	132.18	132.18	21.2
U1429B	16H	3	114	115	114.5	125.98	132.28	132.28	20.4
U1429B	16H	3	124	125	124.5	126.08	132.38	132.38	20.6
U1429B	16H	3	134	135	134.5	126.18	132.48	132.48	21.1
U1429B	16H	3	139	140	139.5	126.23	132.53	132.53	20.7
U1429B	16H	4	4	5	4.5	126.38	132.68	132.68	21.3
U1429B	16H	4	13	14	13.5	126.47	132.77	132.77	21.3
U1429B	16H	4	24	25	24.5	126.58	132.88	132.88	20.9
U1429B	16H	4	34	35	34.5	126.68	132.98	132.98	20.6
U1429B	16H	4	44	45	44.5	126.78	133.08	133.08	21.8
U1429B	16H	4	53	54	53.5	126.87	133.17	133.17	21.8
U1429B	16H	4	64	65	64.5	126.98	133.28	133.28	22.2
U1429B	16H	4	74	75	74.5	127.08	133.38	133.38	21.5
U1429B	16H	4	84	85	84.5	127.18	133.48	133.48	21.8
U1429B	16H	4	94	95	94.5	127.28	133.58	133.58	21.3
U1429B	16H	4	104	105	104.5	127.38	133.68	133.68	21.5
U1429B	16H	4	114	115	114.5	127.48	133.78	133.78	21.5
U1429B	16H	4	124	125	124.5	127.58	133.88	133.88	20.5
U1429B	16H	4	134	135	134.5	127.68	133.98	133.98	20.7
U1429B	16H	4	144	145	144.5	127.78	134.08	134.08	20.5
U1429B	16H	5	4	5	4.5	127.88	134.18	134.18	21.4
U1429B	16H	5	14	15	14.5	127.98	134.28	134.28	21.3
U1429B	16H	5	24	25	24.5	128.08	134.38	134.38	22.5
U1429B	16H	5	34	35	34.5	128.18	134.48	134.48	21.4
U1429B	16H	5	44	45	44.5	128.28	134.58	134.58	20.1
U1429B	16H	5	58	59	58.5	128.42	134.72	134.72	20.8
U1429B	16H	5	64	65	64.5	128.48	134.78	134.78	20.2
U1429B	16H	5	74	75	74.5	128.58	134.88	134.88	20.9
U1429B	16H	5	86	87	86.5	128.70	135.00	135.00	21.8
U1429B	16H	5	94	95	94.5	128.78	135.08	135.08	21.3
U1429B	16H	5	107	108	107.5	128.91	135.21	135.21	20.8
U1429B	16H	5	113	114	113.5	128.97	135.27	135.27	21.7
U1429B	16H	5	124	125	124.5	129.08	135.38	135.38	22.1
U1429B	16H	5	134	135	134.5	129.18	135.48	135.48	21.2
U1429B	16H	5	144	145	144.5	129.28	135.58	135.58	21.4
U1429B	16H	6	4	5	4.5	129.38	135.68	135.68	21.3
U1429B	16H	6	14	15	14.5	129.48	135.78	135.78	20.8
U1429B	16H	6	24	25	24.5	129.58	135.88	135.88	20.7
U1429B	16H	6	34	35	34.5	129.68	135.98	135.98	20.5
U1429B	16H	6	44	45	44.5	129.78	136.08	136.08	21.4
U1429B	16H	6	58	59	58.5	129.92	136.22	136.22	20.8
U1429B	16H	6	64	65	64.5	129.98	136.28	136.28	21.2
U1429B	16H	6	74	75	74.5	130.08	136.38	136.38	21.2
U1429B	16H	6	84	85	84.5	130.18	136.48	136.48	21.2
U1429B	16H	6	94	95	94.5	130.28	136.58	136.58	20.1
U1429B	16H	6	104	105	104.5	130.38	136.68	136.68	20.3
U1429B	16H	6	114	115	114.5	130.48	136.78	136.78	20.2
U1429B	16H	6	124	125	124.5	130.58	136.88	136.88	20.0
U1429B	16H	6	134	135	134.5	130.68	136.98	136.98	20.1
U1429B	16H	7	4	5	4.5	130.79	137.09	137.09	20.0
U1429B	16H	7	14	15	14.5	130.89	137.19	137.19	19.7
U1429B	16H	7	24	25	24.5	130.99	137.29	137.29	19.8
U1429B	16H	7	34	35	34.5	131.09	137.39	137.39	19.5
U1429B	16H	7	44	45	44.5	131.19	137.49	137.49	19.8
U1429B	16H	7	58	59	58.5	131.33	137.63	137.63	19.5
U1429B	16H	7	64	65	64.5	131.39	137.69	137.69	19.3
U1429C	18H	4	64	65	64.5	129.85	137.78	137.78	20.6
U1429C	18H	4	74	75	74.5	129.95	137.88	137.88	20.5
U1429C	18H	4	84	85	84.5	130.05	137.98	137.98	19.7
U1429C	18H	4	94	95	94.5	130.15	138.08	138.08	19.9
U1429C	18H	4	104	105	104.5	130.25	138.18	138.18	19.6
U1429C	18H	4	114	115	114.5	130.35	138.28	138.28	18.9
U1429C	18H	4	124	125	124.5	130.45	138.38	138.38	19.6
U1429C	18H	4	134	135	134.5	130.55	138.48	138.48	18.8
U1429C	18H	4	144	145	144.5	130.65	138.58	138.58	19.0
U1429C	18H	5	4	5	4.5	130.75	138.68	138.68	18.3
U1429C	18H	5	14	15	14.5	130.85	138.78	138.78	18.6
U1429C	18H	5	24	25	24.5	130.95	138.88	138.88	18.6
U1429C	18H	5	34	35	34.5	131.05	138.98	138.98	18.9
U1429C	18H	5	44	45	44.5	131.15	139.08	139.08	18.7
U1429C	18H	5	58	59	58.5	131.29	139.22	139.22	19.2
U1429C	18H	5	64	65	64.5	131.35	139.28	139.28	19.2
U1429C	18H	5	74	75	74.5	131.45	139.38	139.38	18.1
U1429C	18H	5	84	85	84.5	131.55	139.48	139.48	18.9
U1429C	18H	5	94	95	94.5	131.65	139.58	139.58	19.0
U1429C	18H	5	104	105	104.5	131.75	139.68	139.68	19.5
U1429C	18H	5	114	115	114.5	131.85	139.78	139.78	19.5
U1429C	18H	5	124	125	124.5	131.95	139.88	139.88	19.2
U1429C	18H	5	134	135	134.5	132.05	139.98	139.98	19.1
U1429C	18H	5	139	140	139.5	132.10	140.03	140.03	19.2
U1429B	17H	1	58	59	58.5	132.09	140.24	140.24	18.9
U1429B	17H	1	64	65	64.5	132.15	140.30	140.30	19.2
U1429B	17H	1	77	78	77.5	132.28	140.43	140.43	19.6
U1429B	17H	1	84	85	84.5	132.35	140.50	140.50	19.4
U1429B	17H	1	94	95	94.5	132.45	140.60	140.60	19.7
U1429B	17H	1	104	105	104.5	132.55	140.70	140.70	20.3
U1429B	17H	1	114	115	114.5	132.65	140.80	140.80	19.4
U1429B	17H	1	128	129	128.5	132.79	140.94	140.94	19.9
U1429B	17H	1	134	135	134.5	132.85	141.00	141.00	20.0
U1429B	17H	1	144	145	144.5	132.95	141.10	141.10	19.8
U1429B	17H	2	4	5	4.5	133.05	141.20	141.20	20.2
U1429B	17H	2	14	15	14.5	133.15	141.30	141.30	20.5
U1429B	17H	2	24	25	24.5	133.25	141.40	141.40	20.2
U1429B	17H	2	34	35	34.5	133.35	141.50	141.50	20.3
U1429B	17H	2	44	45	44.5	133.45	141.60	141.60	20.6
U1429B	17H	2	58	59	58.5	133.59	141.74	141.74	20.8
U1429B	17H	2	64	65	64.5	133.65	141.80	141.80	20.7
U1429B	17H	2	74	75	74.5	133.75	141.90	141.90	20.4
U1429B	17H	2	84	85	84.5	133.85	142.00	142.00	20.8
U1429B	17H	2	94	95	94.5	133.95	142.10	142.10	21.3
U1429B	17H	2	104	105	104.5	134.05	142.20	142.20	20.7
U1429B	17H	2	114	115	114.5	134.15	142.30	142.30	20.6
U1429B	17H	2	129	130	129.5	134.30	142.45	142.45	20.9
U1429B	17H	2	134	135	134.5	134.35	142.50	142.50	20.8
U1429B	17H	2	139	140	139.5	134.40	142.55	142.55	21.0
U1429B	17H	3	4	5	4.5	134.55	142.70	142.70	21.1
U1429B	17H	3	9	10	9.5	134.60	142.75	142.75	21.1
U1429B	17H	3	24	25	24.5	134.75	142.90	142.90	21.0
U1429B	17H	3	37	38	37.5	134.88	143.03	143.03	21.1
U1429B	17H	3	44	45	44.5	134.95	143.10	143.10	20.5
U1429B	17H	3	58	59	58.5	135.09	143.24	143.24	21.8
U1429B	17H	3	64	65	64.5	135.15	143.30	143.30	21.1
U1429B	17H	3	74	75	74.5	135.25	143.40	143.40	21.4
U1429B	17H	3	84	85	84.5	135.35	143.50	143.50	21.7
U1429B	17H	3	94	95	94.5	135.45	143.60	143.60	22.7
U1429B	17H	3	104	105	104.5	135.55	143.70	143.70	22.6
U1429B	17H	3	114	115	114.5	135.65	143.80	143.80	23.1
U1429B	17H	3	124	125	124.5	135.75	143.90	143.90	22.1
U1429B	17H	3	134	135	134.5	135.85	144.00	144.00	22.0
U1429B	17H	3	144	145	144.5	135.95	144.10	144.10	21.9
U1429B	17H	4	4	5	4.5	136.05	144.20	144.20	22.1
U1429B	17H	4	14	15	14.5	136.15	144.30	144.30	22.0
U1429B	17H	4	24	25	24.5	136.25	144.40	144.40	22.7
U1429B	17H	4	34	35	34.5	136.35	144.50	144.50	23.1
U1429B	17H	4	44	45	44.5	136.45	144.60	144.60	22.9
U1429B	17H	4	59	60	59.5	136.60	144.75	144.75	23.1
U1429B	17H	4	67	68	67.5	136.68	144.83	144.83	23.1
U1429B	17H	4	74	75	74.5	136.75	144.90	144.90	23.1
U1429B	17H	4	84	85	84.5	136.85	145.00	145.00	23.2
U1429B	17H	4	94	95	94.5	136.95	145.10	145.10	23.2
U1429B	17H	4	104	105	104.5	137.05	145.20	145.20	22.9
U1429B	17H	4	114	115	114.5	137.15	145.30	145.30	23.9
U1429B	17H	4	120	121	120.5	137.21	145.36	145.36	23.4
U1429B	17H	4	134	135	134.5	137.35	145.50	145.50	23.3
U1429B	17H	4	139	140	139.5	137.40	145.55	145.55	23.4
U1429B	17H	5	4	5	4.5	137.55	145.70	145.70	23.6
U1429B	17H	5	14	15	14.5	137.65	145.80	145.80	23.4
U1429B	17H	5	24	25	24.5	137.75	145.90	145.90	24.4
U1429B	17H	5	34	35	34.5	137.85	146.00	146.00	23.5
U1429B	17H	5	44	45	44.5	137.95	146.10	146.10	23.4
U1429B	17H	5	58	59	58.5	138.09	146.24	146.24	23.4
U1429B	17H	5	64	65	64.5	138.15	146.30	146.30	23.2
U1429B	17H	5	74	75	74.5	138.25	146.40	146.40	23.0
U1429B	17H	5	84	85	84.5	138.35	146.50	146.50	23.1
U1429B	17H	5	94	95	94.5	138.45	146.60	146.60	24.0
U1429C	19H	3	24	25	24.5	137.40	146.67	146.67	23.6
U1429C	19H	3	34	35	34.5	137.50	146.77	146.77	23.6
U1429C	19H	3	47	48	47.5	137.63	146.90	146.90	23.7
U1429C	19H	3	58	59	58.5	137.74	147.01	147.01	23.4
U1429C	19H	3	64	65	64.5	137.80	147.07	147.07	23.6
U1429C	19H	3	74	75	74.5	137.90	147.17	147.17	23.6
U1429C	19H	3	84	85	84.5	138.00	147.27	147.27	23.0
U1429C	19H	3	94	95	94.5	138.10	147.37	147.37	22.7
U1429C	19H	3	104	105	104.5	138.20	147.47	147.47	22.5
U1429C	19H	3	114	115	114.5	138.30	147.57	147.57	22.5
U1429C	19H	3	128	129	128.5	138.44	147.71	147.71	22.3
U1429C	19H	3	134	135	134.5	138.50	147.77	147.77	22.4
U1429C	19H	3	144	145	144.5	138.60	147.87	147.87	22.1
U1429C	19H	4	7	8	7.5	138.73	148.00	148.00	22.0
U1429C	19H	4	14	15	14.5	138.80	148.07	148.07	21.6
U1429C	19H	4	24	25	24.5	138.90	148.17	148.17	21.5
U1429C	19H	4	34	35	34.5	139.00	148.27	148.27	21.9
U1429C	19H	4	47	48	47.5	139.13	148.40	148.40	21.5
U1429C	19H	4	54	55	54.5	139.20	148.47	148.47	21.5
U1429C	19H	4	64	65	64.5	139.30	148.57	148.57	22.5
U1429C	19H	4	74	75	74.5	139.40	148.67	148.67	22.2
U1429C	19H	4	84	85	84.5	139.50	148.77	148.77	22.0
U1429C	19H	4	94	95	94.5	139.60	148.87	148.87	22.1
U1429C	19H	4	104	105	104.5	139.70	148.97	148.97	22.4
U1429C	19H	4	114	115	114.5	139.80	149.07	149.07	22.4
U1429C	19H	4	124	125	124.5	139.90	149.17	149.17	22.1
U1429C	19H	4	134	135	134.5	140.00	149.27	149.27	22.2
U1429C	19H	4	144	145	144.5	140.10	149.37	149.37	21.6
U1429C	19H	5	4	5	4.5	140.23	149.50	149.50	22.0
U1429C	19H	5	14	15	14.5	140.33	149.60	149.60	22.0
U1429C	19H	5	24	25	24.5	140.43	149.70	149.70	21.3
U1429C	19H	5	34	35	34.5	140.53	149.80	149.80	22.2
U1429C	19H	5	44	45	44.5	140.63	149.90	149.90	22.2
U1429C	19H	5	58	59	58.5	140.77	150.04	150.04	22.8
U1429C	19H	5	64	65	64.5	140.83	150.10	150.10	22.6
U1429C	19H	5	74	75	74.5	140.93	150.20	150.20	22.4
U1429C	19H	5	84	85	84.5	141.03	150.30	150.30	23.5
U1429C	19H	5	94	95	94.5	141.13	150.40	150.40	23.5
U1429C	19H	5	104	105	104.5	141.23	150.50	150.50	23.3
U1429C	19H	5	114	115	114.5	141.33	150.60	150.60	23.5
U1429C	19H	5	124	125	124.5	141.43	150.70	150.70	23.7
U1429C	19H	5	134	135	134.5	141.53	150.80	150.80	22.3
U1429C	19H	5	144	145	144.5	141.63	150.90	150.90	23.2
U1429C	19H	6	4	5	4.5	141.73	151.00	151.00	22.5
U1429C	19H	6	14	15	14.5	141.83	151.10	151.10	22.3
U1429C	19H	6	24	25	24.5	141.93	151.20	151.20	22.1
U1429C	19H	6	34	35	34.5	142.03	151.30	151.30	22.6
U1429C	19H	6	44	45	44.5	142.13	151.40	151.40	22.8
U1429B	18H	1	144	145	144.5	142.45	151.62	151.62	23.1
U1429B	18H	2	4	5	4.5	142.55	151.72	151.72	23.3
U1429B	18H	2	14	15	14.5	142.65	151.82	151.82	23.4
U1429B	18H	2	24	25	24.5	142.75	151.92	151.92	23.2
U1429B	18H	2	34	35	34.5	142.85	152.02	152.02	23.1
U1429B	18H	2	44	45	44.5	142.95	152.12	152.12	23.4
U1429B	18H	2	59	60	59.5	143.10	152.27	152.27	23.8
U1429B	18H	2	64	65	64.5	143.15	152.32	152.32	23.8
U1429B	18H	2	74	75	74.5	143.25	152.42	152.42	23.5
U1429B	18H	2	84	85	84.5	143.35	152.52	152.52	23.7
U1429B	18H	2	94	95	94.5	143.45	152.62	152.62	23.5
U1429B	18H	2	104	105	104.5	143.55	152.72	152.72	23.5
U1429B	18H	2	114	115	114.5	143.65	152.82	152.82	23.4
U1429B	18H	2	124	125	124.5	143.75	152.92	152.92	23.4
U1429B	18H	2	134	135	134.5	143.85	153.02	153.02	23.6
U1429B	18H	2	144	145	144.5	143.95	153.12	153.12	23.9
U1429B	18H	3	7	8	7.5	144.08	153.25	153.25	23.7
U1429B	18H	3	14	15	14.5	144.15	153.32	153.32	23.8
U1429B	18H	3	24	25	24.5	144.25	153.42	153.42	23.5
U1429B	18H	3	34	35	34.5	144.35	153.52	153.52	23.2
U1429B	18H	3	44	45	44.5	144.45	153.62	153.62	22.2
U1429B	18H	3	58	59	58.5	144.59	153.76	153.76	22.2
U1429B	18H	3	64	65	64.5	144.65	153.82	153.82	22.6
U1429B	18H	3	74	75	74.5	144.75	153.92	153.92	22.7
U1429B	18H	3	87	88	87.5	144.88	154.05	154.05	23.6
U1429B	18H	3	94	95	94.5	144.95	154.12	154.12	23.3
U1429B	18H	3	104	105	104.5	145.05	154.22	154.22	23.4
U1429B	18H	3	113	114	113.5	145.14	154.31	154.31	23.5
U1429B	18H	3	124	125	124.5	145.25	154.42	154.42	23.4
U1429B	18H	3	134	135	134.5	145.35	154.52	154.52	23.3
U1429B	18H	3	144	145	144.5	145.45	154.62	154.62	24.0
U1429B	18H	4	4	5	4.5	145.55	154.72	154.72	23.8
U1429B	18H	4	9	10	9.5	145.60	154.77	154.77	23.8
U1429B	18H	4	24	25	24.5	145.75	154.92	154.92	23.4
U1429B	18H	4	34	35	34.5	145.85	155.02	155.02	23.7
U1429B	18H	4	44	45	44.5	145.95	155.12	155.12	23.9
U1429B	18H	4	58	59	58.5	146.09	155.26	155.26	24.3
U1429B	18H	4	64	65	64.5	146.15	155.32	155.32	23.7
U1429B	18H	4	74	75	74.5	146.25	155.42	155.42	24.0
U1429B	18H	4	84	85	84.5	146.35	155.52	155.52	24.0
U1429B	18H	4	94	95	94.5	146.45	155.62	155.62	24.0
U1429B	18H	4	104	105	104.5	146.55	155.72	155.72	23.9
U1429B	18H	4	114	115	114.5	146.65	155.82	155.82	23.9
U1429B	18H	4	124	125	124.5	146.75	155.92	155.92	23.8
U1429B	18H	4	134	135	134.5	146.85	156.02	156.02	24.0
U1429B	18H	4	144	145	144.5	146.95	156.12	156.12	24.0
U1429B	18H	5	4	5	4.5	147.05	156.22	156.22	23.7
U1429B	18H	5	14	15	14.5	147.15	156.32	156.32	23.5
U1429B	18H	5	24	25	24.5	147.25	156.42	156.42	22.9
U1429B	18H	5	34	35	34.5	147.35	156.52	156.52	23.8
U1429B	18H	5	44	45	44.5	147.45	156.62	156.62	23.2
U1429B	18H	5	58	59	58.5	147.59	156.76	156.76	23.6
U1429B	18H	5	64	65	64.5	147.65	156.82	156.82	23.7
U1429B	18H	5	74	75	74.5	147.75	156.92	156.92	23.4
U1429B	18H	5	79	80	79.5	147.80	156.97	156.97	23.8
U1429B	18H	5	94	95	94.5	147.95	157.12	157.12	23.8
U1429C	20H	3	24	25	24.5	146.04	157.15	157.15	23.5
U1429C	20H	3	34	35	34.5	146.14	157.25	157.25	23.6
U1429C	20H	3	44	45	44.5	146.24	157.35	157.35	23.9
U1429C	20H	3	50	51	50.5	146.30	157.41	157.41	24.1
U1429C	20H	3	65	66	65.5	146.45	157.56	157.56	22.8
U1429C	20H	3	75	76	75.5	146.55	157.66	157.66	22.6
U1429C	20H	3	85	86	85.5	146.65	157.76	157.76	23.6
U1429C	20H	3	95	96	95.5	146.75	157.86	157.86	24.7
U1429C	20H	3	105	106	105.5	146.85	157.96	157.96	23.9
U1429C	20H	3	115	116	115.5	146.95	158.06	158.06	24.6
U1429C	20H	3	125	126	125.5	147.05	158.16	158.16	24.1
U1429C	20H	3	134	135	134.5	147.14	158.25	158.25	24.1
U1429C	20H	3	144	145	144.5	147.24	158.35	158.35	24.2
U1429C	20H	4	4	5	4.5	147.34	158.45	158.46	24.2
U1429C	20H	4	14	15	14.5	147.44	158.55	158.56	23.7
U1429C	20H	4	24	25	24.5	147.54	158.65	158.66	24.4
U1429C	20H	4	34	35	34.5	147.64	158.75	158.76	24.4
U1429C	20H	4	44	45	44.5	147.74	158.85	158.86	24.5
U1429C	20H	4	58	59	58.5	147.88	158.99	159.00	25.0
U1429C	20H	4	65	66	65.5	147.95	159.06	159.07	24.9
U1429C	20H	4	75	76	75.5	148.05	159.16	159.17	24.6
U1429C	20H	4	85	86	85.5	148.15	159.26	159.27	25.1
U1429C	20H	4	95	96	95.5	148.25	159.36	159.37	24.9
U1429C	20H	4	105	106	105.5	148.35	159.46	159.47	25.2
U1429C	20H	4	114	115	114.5	148.44	159.55	159.56	25.2
U1429C	20H	4	129	130	129.5	148.59	159.70	159.71	25.0
U1429C	20H	4	134	135	134.5	148.64	159.75	159.76	25.3
U1429A	18H	2	94	95	94.5	149.05	159.87	159.87	25.0
U1429A	18H	2	104	105	104.5	149.15	159.97	159.97	24.0
U1429A	18H	2	114	115	114.5	149.25	160.07	160.07	25.1
U1429A	18H	3	4	5	4.5	149.30	160.12	160.12	24.5
U1429A	18H	3	14	15	14.5	149.40	160.22	160.22	23.4
U1429A	18H	3	24	25	24.5	149.50	160.32	160.32	24.1
U1429A	18H	3	34	35	34.5	149.60	160.42	160.42	24.3
U1429A	18H	3	44	45	44.5	149.70	160.52	160.52	23.8
U1429A	18H	3	54	55	54.5	149.80	160.62	160.62	24.8
U1429A	18H	3	64	65	64.5	149.90	160.72	160.72	24.7
U1429A	18H	3	74	75	74.5	150.00	160.82	160.82	24.7
U1429A	18H	3	84	85	84.5	150.10	160.92	160.92	25.1
U1429A	18H	3	94	95	94.5	150.20	161.02	161.02	25.0
U1429A	18H	3	104	105	104.5	150.30	161.12	161.12	24.8
U1429A	18H	3	114	115	114.5	150.40	161.22	161.22	24.9
U1429A	18H	3	124	125	124.5	150.50	161.32	161.32	24.6
U1429A	18H	3	134	135	134.5	150.60	161.42	161.42	24.8
U1429A	18H	4	14	15	14.5	150.75	161.57	161.57	24.7
U1429B	19H	1	14	15	14.5	150.65	161.64	161.64	24.5
U1429B	19H	1	23	24	23.5	150.74	161.73	161.73	24.4
U1429B	19H	1	34	35	34.5	150.85	161.84	161.84	24.1
U1429B	19H	1	43	44	43.5	150.94	161.93	161.93	23.6
U1429B	19H	1	58	59	58.5	151.09	162.08	162.08	23.3
U1429B	19H	1	64	65	64.5	151.15	162.14	162.14	23.7
U1429B	19H	1	74	75	74.5	151.25	162.24	162.24	23.0
U1429B	19H	1	84	85	84.5	151.35	162.34	162.34	23.4
U1429B	19H	1	93	94	93.5	151.44	162.43	162.43	23.0
U1429B	19H	1	104	105	104.5	151.55	162.54	162.54	23.0
U1429B	19H	1	113	114	113.5	151.64	162.63	162.63	23.1
U1429B	19H	1	127	128	127.5	151.78	162.77	162.77	23.9
U1429B	19H	1	134	135	134.5	151.85	162.84	162.84	24.0
U1429B	19H	1	139	140	139.5	151.90	162.89	162.89	23.3
U1429B	19H	2	4	5	4.5	152.05	163.04	163.04	23.4
U1429B	19H	2	14	15	14.5	152.15	163.14	163.14	23.1
U1429B	19H	2	24	25	24.5	152.25	163.24	163.24	22.9
U1429B	19H	2	34	35	34.5	152.35	163.34	163.34	22.9
U1429B	19H	2	44	45	44.5	152.45	163.44	163.44	22.5
U1429B	19H	2	58	59	58.5	152.59	163.58	163.58	23.1
U1429B	19H	2	64	65	64.5	152.65	163.64	163.64	23.1
U1429B	19H	2	74	75	74.5	152.75	163.74	163.74	22.8
U1429B	19H	2	84	85	84.5	152.85	163.84	163.84	22.6
U1429B	19H	2	94	95	94.5	152.95	163.94	163.94	22.8
U1429B	19H	2	104	105	104.5	153.05	164.04	164.04	23.1
U1429B	19H	2	115	116	115.5	153.16	164.15	164.15	23.4
U1429B	19H	2	124	125	124.5	153.25	164.24	164.24	23.4
U1429B	19H	2	134	135	134.5	153.35	164.34	164.34	22.6
U1429B	19H	2	144	145	144.5	153.45	164.44	164.44	23.9
U1429B	19H	3	4	5	4.5	153.55	164.54	164.54	23.5
U1429B	19H	3	14	15	14.5	153.65	164.64	164.64	21.9
U1429B	19H	3	24	25	24.5	153.75	164.74	164.74	23.1
U1429B	19H	3	34	35	34.5	153.85	164.84	164.84	22.5
U1429B	19H	3	44	45	44.5	153.95	164.94	164.94	22.2
U1429B	19H	3	58	59	58.5	154.09	165.08	165.08	22.4
U1429B	19H	3	63	64	63.5	154.14	165.13	165.13	22.6
U1429B	19H	3	74	75	74.5	154.25	165.24	165.24	21.5
U1429B	19H	3	84	85	84.5	154.35	165.34	165.34	23.4
U1429B	19H	3	94	95	94.5	154.45	165.44	165.44	22.4
U1429B	19H	3	104	105	104.5	154.55	165.54	165.54	22.5
U1429B	19H	3	115	116	115.5	154.66	165.65	165.65	22.6
U1429B	19H	3	124	125	124.5	154.75	165.74	165.74	22.9
U1429B	19H	3	134	135	134.5	154.85	165.84	165.84	22.3
U1429B	19H	3	144	145	144.5	154.95	165.94	165.94	22.0
U1429B	19H	4	4	5	4.5	155.05	166.04	166.04	21.7
U1429B	19H	4	14	15	14.5	155.15	166.14	166.14	21.7
U1429B	19H	4	19	20	19.5	155.20	166.19	166.19	21.8
U1429B	19H	4	34	35	34.5	155.35	166.34	166.34	21.4
U1429B	19H	4	44	45	44.5	155.45	166.44	166.44	21.3
U1429B	19H	4	58	59	58.5	155.59	166.58	166.58	21.4
U1429B	19H	4	64	65	64.5	155.65	166.64	166.64	21.2
U1429B	19H	4	74	75	74.5	155.75	166.74	166.74	20.8
U1429B	19H	4	84	85	84.5	155.85	166.84	166.84	21.0
U1429B	19H	4	97	98	97.5	155.98	166.97	166.97	21.1
U1429B	19H	4	104	105	104.5	156.05	167.04	167.04	20.9
U1429B	19H	4	114	115	114.5	156.15	167.14	167.14	22.6
U1429B	19H	4	124	125	124.5	156.25	167.24	167.24	21.2
U1429B	19H	4	134	135	134.5	156.35	167.34	167.34	21.8
U1429B	19H	4	144	145	144.5	156.45	167.44	167.44	21.8
U1429B	19H	5	4	5	4.5	156.55	167.54	167.54	21.3
U1429B	19H	5	14	15	14.5	156.65	167.64	167.64	22.0
U1429B	19H	5	24	25	24.5	156.75	167.74	167.74	22.6
U1429B	19H	5	34	35	34.5	156.85	167.84	167.84	21.8
U1429B	19H	5	44	45	44.5	156.95	167.94	167.94	22.1
U1429B	19H	5	58	59	58.5	157.09	168.08	168.08	22.4
U1429B	19H	5	64	65	64.5	157.15	168.14	168.14	22.2
U1429B	19H	5	74	75	74.5	157.25	168.24	168.24	21.7
U1429B	19H	5	84	85	84.5	157.35	168.34	168.34	21.8
U1429B	19H	5	94	95	94.5	157.45	168.44	168.44	21.6
U1429B	19H	5	108	109	108.5	157.59	168.58	168.58	22.9
U1429B	19H	5	114	115	114.5	157.65	168.64	168.64	22.3
U1429B	19H	5	124	125	124.5	157.75	168.74	168.74	21.5
U1429B	19H	5	134	135	134.5	157.85	168.84	168.84	21.3
U1429B	19H	5	144	145	144.5	157.95	168.94	168.94	21.5
U1429B	19H	6	4	5	4.5	158.05	169.04	169.04	21.7
U1429B	19H	6	14	15	14.5	158.15	169.14	169.14	21.4
U1429B	19H	6	24	25	24.5	158.25	169.24	169.24	21.1
U1429B	19H	6	34	35	34.5	158.35	169.34	169.34	20.9
U1429B	19H	6	44	45	44.5	158.45	169.44	169.44	21.8
U1429B	19H	6	54	55	54.5	158.55	169.54	169.54	22.1
U1429B	19H	6	64	65	64.5	158.65	169.64	169.64	21.9
U1429B	19H	6	74	75	74.5	158.75	169.74	169.74	21.2
U1429B	19H	6	84	85	84.5	158.85	169.84	169.84	21.7
U1429B	19H	6	94	95	94.5	158.95	169.94	169.94	22.6
U1429A	20H	2	34	35	34.5	157.95	170.08	170.08	22.6
U1429A	20H	2	44	45	44.5	158.05	170.18	170.18	21.7
U1429A	20H	2	54	55	54.5	158.15	170.28	170.28	22.3
U1429A	20H	2	64	65	64.5	158.25	170.38	170.38	22.2
U1429A	20H	2	74	75	74.5	158.35	170.48	170.48	20.0
U1429A	20H	2	84	85	84.5	158.45	170.58	170.58	21.2
U1429A	20H	2	94	95	94.5	158.55	170.68	170.68	21.7
U1429A	20H	2	104	105	104.5	158.65	170.78	170.78	21.5
U1429A	20H	2	114	115	114.5	158.75	170.88	170.88	21.5
U1429A	20H	2	124	125	124.5	158.85	170.98	170.98	21.6
U1429A	20H	2	134	135	134.5	158.95	171.08	171.08	21.6
U1429A	20H	2	144	145	144.5	159.05	171.18	171.18	21.1
U1429A	20H	3	4	5	4.5	159.15	171.28	171.28	21.6
U1429A	20H	3	14	15	14.5	159.25	171.38	171.38	20.7
U1429A	20H	3	24	25	24.5	159.35	171.48	171.48	20.5
U1429A	20H	3	34	35	34.5	159.45	171.58	171.58	20.3
U1429A	20H	3	44	45	44.5	159.55	171.68	171.68	20.3
U1429A	20H	3	54	55	54.5	159.65	171.78	171.78	20.3
U1429A	20H	3	64	65	64.5	159.75	171.88	171.88	20.7
U1429A	20H	3	74	75	74.5	159.85	171.98	171.98	20.8
U1429A	20H	3	84	85	84.5	159.95	172.08	172.08	20.8
U1429A	20H	3	94	95	94.5	160.05	172.18	172.18	21.1
U1429A	20H	3	104	105	104.5	160.15	172.28	172.28	20.9
U1429A	20H	3	114	115	114.5	160.25	172.38	172.38	20.7
U1429A	20H	3	124	125	124.5	160.35	172.48	172.48	20.6
U1429A	20H	3	134	135	134.5	160.45	172.58	172.58	20.6
U1429A	20H	3	144	145	144.5	160.55	172.68	172.68	20.4
U1429A	20H	4	4	5	4.5	160.65	172.78	172.78	20.5
U1429A	20H	4	14	15	14.5	160.75	172.88	172.88	20.2
U1429A	20H	4	24	25	24.5	160.85	172.98	172.98	19.7
U1429A	20H	4	34	35	34.5	160.95	173.08	173.08	19.5
U1429A	20H	4	44	45	44.5	161.05	173.18	173.18	19.7
U1429A	20H	4	54	55	54.5	161.15	173.28	173.28	19.9
U1429A	20H	4	64	65	64.5	161.25	173.38	173.38	19.9
U1429A	20H	4	74	75	74.5	161.35	173.48	173.48	20.1
U1429A	20H	4	84	85	84.5	161.45	173.58	173.58	19.7
U1429A	20H	4	94	95	94.5	161.55	173.68	173.68	20.0
U1429A	20H	4	104	105	104.5	161.65	173.78	173.78	20.2
U1429A	20H	4	114	115	114.5	161.75	173.88	173.88	20.1
U1429A	20H	4	124	125	124.5	161.85	173.98	173.98	20.2
U1429A	20H	4	134	135	134.5	161.95	174.08	174.08	20.5
U1429A	20H	4	144	145	144.5	162.05	174.18	174.18	20.4
U1429A	20H	5	4	5	4.5	162.13	174.26	174.26	20.0
U1429A	20H	5	14	15	14.5	162.23	174.36	174.36	20.2
U1429A	20H	5	24	25	24.5	162.33	174.46	174.46	20.3
U1429A	20H	5	34	35	34.5	162.43	174.56	174.56	20.3
U1429A	20H	5	44	45	44.5	162.53	174.66	174.66	19.9
U1429A	20H	5	54	55	54.5	162.63	174.76	174.76	20.2
U1429A	20H	5	64	65	64.5	162.73	174.86	174.86	20.4
U1429B	20H	3	14	15	14.5	163.15	175.01	175.01	21.1
U1429B	20H	3	24	25	24.5	163.25	175.11	175.11	21.3
U1429B	20H	3	34	35	34.5	163.35	175.21	175.21	21.8
U1429B	20H	3	44	45	44.5	163.45	175.31	175.31	21.7
U1429B	20H	3	54	55	54.5	163.55	175.41	175.41	20.7
U1429B	20H	3	64	65	64.5	163.65	175.51	175.51	22.0
U1429B	20H	3	74	75	74.5	163.75	175.61	175.61	21.8
U1429B	20H	3	84	85	84.5	163.85	175.71	175.71	21.2
U1429B	20H	3	94	95	94.5	163.95	175.81	175.81	20.3
U1429B	20H	3	104	105	104.5	164.05	175.91	175.91	20.3
U1429B	20H	3	114	115	114.5	164.15	176.01	176.01	21.4
U1429B	20H	3	124	125	124.5	164.25	176.11	176.11	20.7
U1429B	20H	3	134	135	134.5	164.35	176.21	176.21	21.7
U1429B	20H	3	144	145	144.5	164.45	176.31	176.31	21.9
U1429B	20H	4	4	5	4.5	164.55	176.41	176.41	20.6
U1429B	20H	4	14	15	14.5	164.65	176.51	176.51	20.7
U1429B	20H	4	24	25	24.5	164.75	176.61	176.61	20.9
U1429B	20H	4	34	35	34.5	164.85	176.71	176.71	22.6
U1429B	20H	4	43	44	43.5	164.94	176.80	176.80	22.2
U1429B	20H	4	54	55	54.5	165.05	176.91	176.91	21.7
U1429B	20H	4	64	65	64.5	165.15	177.01	177.01	21.2
U1429B	20H	4	74	75	74.5	165.25	177.11	177.11	21.0
U1429B	20H	4	84	85	84.5	165.35	177.21	177.21	21.7
U1429B	20H	4	94	95	94.5	165.45	177.31	177.31	22.4
U1429B	20H	4	104	105	104.5	165.55	177.41	177.41	22.8
U1429B	20H	4	114	115	114.5	165.65	177.51	177.51	22.1
U1429B	20H	4	124	125	124.5	165.75	177.61	177.61	22.6
U1429B	20H	4	134	135	134.5	165.85	177.71	177.71	23.2
U1429B	20H	4	144	145	144.5	165.95	177.81	177.81	23.1
U1429B	20H	5	4	5	4.5	166.05	177.91	177.91	23.4
U1429B	20H	5	14	15	14.5	166.15	178.01	178.01	23.9
U1429B	20H	5	24	25	24.5	166.25	178.11	178.11	23.2
U1429B	20H	5	34	35	34.5	166.35	178.21	178.21	21.3
U1429B	20H	5	44	45	44.5	166.45	178.31	178.31	21.1
U1429B	20H	5	54	55	54.5	166.55	178.41	178.41	21.1
U1429B	20H	5	64	65	64.5	166.65	178.51	178.51	20.9
U1429B	20H	5	74	75	74.5	166.75	178.61	178.61	21.7
U1429B	20H	5	84	85	84.5	166.85	178.71	178.71	21.7
U1429B	20H	5	94	95	94.5	166.95	178.81	178.81	22.1
U1429B	20H	5	104	105	104.5	167.05	178.91	178.91	22.9
U1429B	20H	5	114	115	114.5	167.15	179.01	179.01	23.0
U1429B	20H	5	124	125	124.5	167.25	179.11	179.11	22.9
U1429B	20H	5	134	135	134.5	167.35	179.21	179.21	23.3
U1429B	20H	5	144	145	144.5	167.45	179.31	179.31	23.7
U1429B	20H	6	4	5	4.5	167.55	179.41	179.41	24.0
U1429A	21H	1	134	135	134.5	166.95	179.59	179.59	23.3
U1429A	21H	1	144	145	144.5	167.05	179.69	179.69	23.3
U1429A	21H	2	4	5	4.5	167.15	179.79	179.79	22.9
U1429A	21H	2	14	15	14.5	167.25	179.89	179.89	23.1
U1429A	21H	2	24	25	24.5	167.35	179.99	179.99	23.3
U1429A	21H	2	34	35	34.5	167.45	180.09	180.09	23.3
U1429A	21H	2	44	45	44.5	167.55	180.19	180.19	23.6
U1429A	21H	2	54	55	54.5	167.65	180.29	180.29	23.8
U1429A	21H	2	64	65	64.5	167.75	180.39	180.39	23.7
U1429A	21H	2	74	75	74.5	167.85	180.49	180.49	23.6
U1429A	21H	2	84	85	84.5	167.95	180.59	180.59	23.7
U1429A	21H	2	94	95	94.5	168.05	180.69	180.69	23.7
U1429A	21H	2	104	105	104.5	168.15	180.79	180.79	23.6
U1429A	21H	2	114	115	114.5	168.25	180.89	180.89	23.7
U1429A	21H	2	124	125	124.5	168.35	180.99	180.99	23.8
U1429A	21H	2	134	135	134.5	168.45	181.09	181.09	23.2
U1429A	21H	2	144	145	144.5	168.55	181.19	181.19	23.5
U1429A	21H	3	4	5	4.5	168.65	181.29	181.29	23.0
U1429A	21H	3	14	15	14.5	168.75	181.39	181.39	21.9
U1429A	21H	3	24	25	24.5	168.85	181.49	181.49	21.6
U1429A	21H	3	34	35	34.5	168.95	181.59	181.59	22.0
