# Eastern Equatorial Pacific SST Reconstrucition covering the last 1.5 Million Years
#-----------------------------------------------------------------------
#               World Data Center for Paleoclimatology, Boulder
#                                   and
#                      NOAA Paleoclimatology Program
#-----------------------------------------------------------------------
# NOTE: Please cite original publication, online resource and date accessed when using this data.
# If there is no publication information, please cite Investigator, title, online resource and date accessed.
#
# Description/Documentation lines begin with #
# Data lines have no #
#
# Online_Resource: https://www.ncdc.noaa.gov/paleo/study/20630
# Online_Resource: http://www1.ncdc.noaa.gov/pub/data/paleo/paleocean/by_contributor/dyez2016/dyez2016-sst.txt
#
# Archive: Paleoceanography
#
# Parameter_Keywords: biomarkers, oxygen isotopes
#---------------------------------------
# Contribution_Date
#    Date: 2016-10-24
#---------------------------------------
# Title
#    Study_Name: Eastern Equatorial Pacific SST Reconstrucition covering the last 1.5 Million Years
#---------------------------------------
# Investigators
#      Investigators: Dyez, Kelsey; Ravelo, A. Christina; Mix, Alan C.
#---------------------------------------
# Description and Notes
#        Description: Alkenone-based sea surface temperatures and age model based on benthic oxygen isotopes. Study covers 1.5 Ma to present.
#---------------------------------------
# Publication
# Authors: Dyez, K.A., A.C. Ravelo, and A.C. Mix
# Published_Date_or_Year: 2016
# Published_Title: Evaluating drivers of Pleistocene eastern tropical Pacific sea surface temperature
# Journal_Name: Paleoceanography
# Volume: 31
# Edition: 
# Issue: 
# Pages: 
# Report Number: 
# DOI: 10.1002/2015PA002873
# Online_Resource: 
# Full_Citation: 
# Abstract: Sea surface temperature (SST) of the eastern equatorial Pacific is a key component of tropical oceanic and atmospheric circulation with global teleconnections. Forcing factors such as local and high-latitude insolation changes, ice sheet size and albedo feedbacks, and greenhouse gas radiation have been proposed as controls of long-term eastern tropical Pacific SST, though the precise role each mechanism plays is not fully known on glacial-interglacial or longer timescales. Here proposed mechanisms are evaluated by comparing orbital-scale records of eastern Pacific SST with forcing variability over the past 1.5 Ma. The primary SST records are a compilation of new and existing data from Ocean Drilling Program Site 1239 at the northeastern margin of the modern eastern Pacific cold tongue and Site 846 SST within the cold tongue. Using time series analysis, we test previously proposed mechanisms for control of long-term tropical SST change and SST gradients in the eastern Pacific. We find that within statistical uncertainties, in the precession band eastern Pacific SST is consistent with direct forcing by equatorial radiation changes in the tropical cold season (summer-fall) rather than inversely correlated as previously suggested. In the obliquity band high-latitude solar forcing leads or is in phase with eastern equatorial Pacific SST, while in the eccentricity band atmospheric greenhouse gas concentrations are closely associated with cold tongue SST. Pleistocene eastern Pacific SST gradients indicate that the gradient on the northern margin of the cold tongue strengthened through the mid-Pleistocene transition, a result compatible with the cold tongue becoming more focused at ~900–650 ka
#---------------------------------------
# Funding_Agency
#    Funding_Agency_Name: Consortium for Ocean Leadership
#    Grant: 
#---------------------------------------
# Funding_Agency
#    Funding_Agency_Name: National Science Foundation
#    Grant: OCE-623419
#---------------------------------------
# Site Information
# Site_Name: ODP 1239
# Location: Eastern Equatorial Pacific
# Country: 
# Northernmost_Latitude: -0.672
# Southernmost_Latitude: -0.672
# Easternmost_Longitude: -82.081
# Westernmost_Longitude: -82.081
# Elevation: -1414
#---------------------------------------
# Data_Collection
#   Collection_Name: ODP1239 SST Dyez16
#   First_Year: 715770
#   Last_Year: 2020
#   Time_Unit: cal yr BP
#   Core_Length: 77.61
#   Notes: 
#---------------------------------------
# Chronology_Information 
# Chronology: 
# Ages found by aligning benthic d18O with LR04 stack and creating tie points, using Analyseries (Paillard et al., 2005)
#
# depth_tie	Depth of tie point	mcd	
# age_tie	Age of tie point	kya	
#
# depth_tie	age_tie	  
# 0	0	  
# 0.63	15	  
# 0.95	18	  
# 1.47	40	  
# 2.1	59	  
# 2.34	75	  
# 2.58	84	  
# 2.82	96	  
# 3.06	108	  
# 3.69	125	  
# 4.49	156	  
# 4.81	174	  
# 5.04	185	  
# 5.36	200	  
# 6.16	215	  
# 6.47	223	  
# 7.19	239	  
# 7.67	252	  
# 8.66	285	  
# 9	295	  
# 9.87	317	  
# 10.35	327	  
# 11.06	341	  
# 12.97	390	  
# 13.53	402	  
# 14.76	432	  
# 15.88	474	  
# 17.12	490	  
# 17.9	513	  
# 18.63	526	  
# 18.95	547	  
# 19.76	566	  
# 20.37	575	  
# 20.93	583	  
# 21.41	595	  
# 22.12	612	  
# 22.93	630	  
# 24.63	673	  
# 25.6	687	  
# 26.61	705	  
# 27.95	718	  
# 28.66	732	  
# 29.82	746	  
# 30.32	762	  
# 31.89	782	  
# 32.84	800	  
# 35.28	840	  
# 35.75	846	  
# 36.47	858	  
# 37.34	874	  
# 39.73	922	  
# 41.3	952	  
# 52.01	1098	  
# 52.72	1108	  
# 54.43	1126	  
# 57.15	1172	  
# 63.67	1280	  
# 65.29	1316	  
# 72.97	1436	  
# 74.48	1456	  
# 75.89	1476  
# 
#---------------------------------------
# Variables
# Data variables follow that are preceded by "##" in columns one and two.
# Variables list, one per line, shortname-tab-longname components (9 components: what, material, error, units, seasonality, archive, detail, method, C or N for Character or Numeric data)
## leg	cruise leg,,,,,paleoceanography,,,C
## site	drill site,,,,,paleoceanography,,,C
## hole	drill hole,,,,,paleoceanography,,,C
## core	core number,,,,,paleoceanography,,,C
## type	core type,,,,,paleoceanography,,,C
## section	core section,,,,,paleoceanography,,,C
## depth_top_cm	depth,top of sample,,cm,,paleoceanography,,,N
## depth_bot_cm	depth,bottom of sample,,cm,,paleoceanography,,,N
## depth_mid	depth,midpoint,,cm,,paleoceanography,,,N
## depth_mbsf	depth,,,m,,paleoceanography,mbsf,,N
## depth_mcd	depth,,,m,,paleoceanography,mcd,,N
## age_stack_ka	age,,,calendar ka BP,,paleoceanography,derived from alignment of benthic d18O with global LR04 stack,,N
## sst-Uk37	sea surface temperature,,,degrees Celsius,,reconstruction,derived from Uk'37 using Müller et al., 1998 calibration SST = (Uk'37 - 0.044) / 0.033,,N
#------------------------
# Data
# Data lines follow (have no #)
# Data line format - tab-delimited text, variable short name as header
# Missing Value: NA
leg	site	hole	core	type	section	depth_top_cm	depth_bot_cm	depth_mid	depth_mbsf	depth_mcd	age_stack_ka	sst-Uk37	
202	1239	A	1	H	1	7	10	8.5	0.085	0.085	2.02	25.55	
202	1239	A	1	H	1	15	18	16.5	0.165	0.165	3.93	25.2	
202	1239	A	1	H	1	23	26	24.5	0.245	0.245	5.83	25.07	
202	1239	A	1	H	1	32	35	33.5	0.335	0.335	7.98	24.69	
202	1239	A	1	H	1	39	42	40.5	0.405	0.405	9.64	25.19	
202	1239	A	1	H	1	47	50	48.5	0.485	0.485	11.55	24.4	
202	1239	A	1	H	1	55	58	56.5	0.565	0.565	13.45	23.83	
202	1239	A	1	H	1	63	66	64.5	0.645	0.645	15.14	23.61	
202	1239	A	1	H	1	71	74	72.5	0.725	0.725	15.89	23.49	
202	1239	A	1	H	1	79	82	80.5	0.805	0.805	16.64	22.88	
202	1239	A	1	H	1	87	90	88.5	0.885	0.885	17.39	23.21	
202	1239	A	1	H	1	95	98	96.5	0.965	0.965	18.63	23.16	
202	1239	A	1	H	1	103	106	104.5	1.045	1.045	22.02	23.42	
202	1239	A	1	H	1	111	114	112.5	1.125	1.125	25.40	23.36	
202	1239	C	1	H	1	80	83	81.5	2.115	1.165	27.10	24.13	
202	1239	A	1	H	1	119	122	120.5	1.205	1.205	28.79	23.12	
202	1239	C	1	H	1	88	91	89.5	2.195	1.245	30.48	24.47	
202	1239	C	1	H	1	96	99	97.5	2.275	1.325	33.87	24.28	
202	1239	C	1	H	1	112	115	113.5	2.435	1.485	40.45	24.24	
202	1239	C	1	H	1	120	123	121.5	2.515	1.565	42.87	23.61	
202	1239	C	1	H	1	128	131	129.5	2.595	1.645	45.28	23.99	
202	1239	C	1	H	1	136	139	137.5	2.675	1.725	47.69	23.03	
202	1239	C	1	H	1	144	147	145.5	2.755	1.805	50.10	23.25	
202	1239	C	1	H	2	8	11	9.5	2.905	1.955	54.63	23.96	
202	1239	C	1	H	2	16	19	17.5	2.985	2.035	57.04	24.39	
202	1239	C	1	H	2	24	27	25.5	3.065	2.115	60.00	24.09	
202	1239	C	1	H	2	32	35	33.5	3.145	2.195	65.33	23.92	
202	1239	C	1	H	2	40	43	41.5	3.225	2.275	70.67	24.62	
202	1239	C	1	H	2	48	51	49.5	3.305	2.355	75.56	25.59	
202	1239	C	1	H	2	56	59	57.5	3.385	2.435	78.56	24.74	
202	1239	C	1	H	2	64	67	65.5	3.465	2.515	81.56	25.92	
202	1239	C	1	H	2	72	75	73.5	3.545	2.595	84.75	25.9	
202	1239	C	1	H	2	80	83	81.5	3.625	2.675	88.75	25.93	
202	1239	C	1	H	2	88	91	89.5	3.705	2.755	92.75	25.76	
202	1239	C	1	H	2	96	99	97.5	3.785	2.835	96.75	25.66	
202	1239	C	1	H	2	104	107	105.5	3.865	2.915	100.75	25.6	
202	1239	C	1	H	2	112	115	113.5	3.945	2.995	104.75	25.35	
202	1239	C	1	H	2	120	123	121.5	4.025	3.075	108.40	25.69	
202	1239	C	1	H	2	128	131	129.5	4.105	3.155	110.56	25.96	
202	1239	C	1	H	2	136	139	137.5	4.185	3.235	112.72	25.93	
202	1239	C	1	H	2	144	147	145.5	4.265	3.315	114.88	26.27	
202	1239	C	1	H	3	8	11	9.5	4.415	3.465	118.93	25.35	
202	1239	C	1	H	3	16	19	17.5	4.495	3.545	121.09	25.72	
202	1239	C	1	H	3	24	27	25.5	4.575	3.625	123.25	26.15	
202	1239	C	1	H	3	32	35	33.5	4.655	3.705	125.58	26.1	
202	1239	C	1	H	3	40	43	41.5	4.735	3.785	128.68	26.2	
202	1239	C	1	H	3	48	51	49.5	4.815	3.865	131.78	26.54	
202	1239	C	1	H	3	64	67	65.5	4.975	4.025	137.98	25.14	
202	1239	C	1	H	3	72	75	73.5	5.055	4.105	141.08	25.41	
202	1239	C	1	H	3	80	83	81.5	5.135	4.185	144.18	24.8	
202	1239	C	1	H	3	88	91	89.5	5.215	4.265	147.28	25.29	
202	1239	C	1	H	3	96	99	97.5	5.295	4.345	150.38	25.29	
202	1239	C	1	H	3	104	107	105.5	5.375	4.425	153.48	25.25	
202	1239	C	1	H	3	112	115	113.5	5.455	4.505	156.84	24.84	
202	1239	C	1	H	3	120	123	121.5	5.535	4.585	161.34	25.1	
202	1239	C	1	H	3	128	131	129.5	5.615	4.665	165.84	25.27	
202	1239	C	1	H	3	136	139	137.5	5.695	4.745	170.34	25.15	
202	1239	C	1	H	3	144	147	145.5	5.775	4.825	174.72	25.43	
202	1239	C	1	H	4	8	11	9.5	5.925	4.975	181.89	25.68	
202	1239	C	1	H	4	16	19	17.5	6.005	5.055	185.70	26.12	
202	1239	C	1	H	4	24	27	25.5	6.085	5.135	189.45	25.78	
202	1239	C	1	H	4	32	35	33.5	6.165	5.215	193.20	25.7	
202	1239	C	1	H	4	40	43	41.5	6.245	5.295	196.95	25.85	
202	1239	C	1	H	4	48	51	49.5	6.325	5.375	200.28	26.33	
202	1239	C	1	H	4	56	59	57.5	6.405	5.455	201.78	26.22	
202	1239	C	1	H	4	64	67	65.5	6.485	5.535	203.28	26.03	
202	1239	C	1	H	4	72	75	73.5	6.565	5.615	204.78	25.65	
202	1239	C	1	H	4	80	83	81.5	6.645	5.695	206.28	25.39	
202	1239	C	1	H	4	88	91	89.5	6.725	5.775	207.78	25.97	
202	1239	C	1	H	4	96	99	97.5	6.805	5.855	209.28	25.91	
202	1239	C	1	H	4	104	107	105.5	6.885	5.935	210.78	25.95	
202	1239	C	1	H	4	112	115	113.5	6.965	6.015	212.28	25.72	
202	1239	C	1	H	4	120	123	121.5	7.045	6.095	213.78	25.58	
202	1239	C	1	H	4	128	131	129.5	7.125	6.175	215.39	25.55	
202	1239	C	1	H	4	136	139	137.5	7.205	6.255	217.45	25.44	
202	1239	C	1	H	4	144	147	145.5	7.285	6.335	219.52	25.03	
202	1239	C	1	H	5	8	11	9.5	7.435	6.485	223.33	24.85	
202	1239	C	1	H	5	16	19	17.5	7.515	6.565	225.11	25.14	
202	1239	C	1	H	5	24	27	25.5	7.595	6.645	226.89	25.27	
202	1239	C	1	H	5	48	51	49.5	7.835	6.885	232.22	25.23	
202	1239	C	1	H	5	56	59	57.5	7.915	6.965	234.00	25.38	
202	1239	C	1	H	5	64	67	65.5	7.995	7.045	235.78	25.38	
202	1239	C	1	H	5	72	75	73.5	8.075	7.125	237.56	25.53	
202	1239	C	1	H	5	80	83	81.5	8.155	7.205	239.41	25.52	
202	1239	C	1	H	5	88	91	89.5	8.235	7.285	241.57	26.35	
202	1239	C	1	H	5	96	99	97.5	8.315	7.365	243.74	24.77	
202	1239	C	1	H	5	104	107	105.5	8.395	7.445	245.91	24.78	
202	1239	C	1	H	5	112	115	113.5	8.475	7.525	248.07	24.85	
202	1239	C	1	H	5	120	123	121.5	8.555	7.605	250.24	24.13	
202	1239	C	1	H	5	128	131	129.5	8.635	7.685	252.50	24.57	
202	1239	C	1	H	5	136	139	137.5	8.715	7.765	255.17	23.57	
202	1239	C	1	H	5	144	147	145.5	8.795	7.845	257.83	23.79	
202	1239	C	1	H	6	8	11	9.5	8.945	7.995	262.83	23.69	
202	1239	C	1	H	6	16	19	17.5	9.025	8.075	265.50	23.74	
202	1239	C	1	H	6	24	27	25.5	9.105	8.155	268.17	23.59	
202	1239	C	1	H	6	32	35	33.5	9.185	8.235	270.83	23.61	
202	1239	C	1	H	6	40	43	41.5	9.265	8.315	273.50	23.61	
202	1239	C	1	H	6	48	51	49.5	9.345	8.395	276.17	23.61	
202	1239	C	1	H	6	56	59	57.5	9.425	8.475	278.83	24.6	
202	1239	C	1	H	6	64	67	65.5	9.505	8.555	281.50	24.9	
202	1239	C	1	H	6	72	75	73.5	9.585	8.635	284.17	24.88	
202	1239	B	2	H	1	86	89	87.5	8.675	8.675	285.44	24.53	
202	1239	C	1	H	6	80	83	81.5	9.665	8.715	286.62	24.6	
202	1239	B	2	H	1	96	99	97.5	8.775	8.775	288.38	24.6	
202	1239	B	2	H	1	104	107	105.5	8.855	8.855	290.74	24.83	
202	1239	B	2	H	1	112	115	113.5	8.935	8.935	293.09	24.89	
202	1239	B	2	H	1	120	123	121.5	9.015	9.015	295.38	25.07	
202	1239	B	2	H	1	128	131	129.5	9.095	9.095	297.40	25.11	
202	1239	B	2	H	1	136	139	137.5	9.175	9.175	299.43	24.97	
202	1239	B	2	H	1	144	147	145.5	9.255	9.255	301.45	25.14	
202	1239	B	2	H	2	8	11	9.5	9.405	9.405	305.24	25.28	
202	1239	B	2	H	2	16	19	17.5	9.485	9.485	307.26	25.06	
202	1239	B	2	H	2	24	27	25.5	9.565	9.565	309.29	25.29	
202	1239	B	2	H	2	32	35	33.5	9.645	9.645	311.31	25.91	
202	1239	B	2	H	2	40	43	41.5	9.725	9.725	313.33	26.16	
202	1239	B	2	H	2	48	51	49.5	9.805	9.805	315.36	26.04	
202	1239	B	2	H	2	56	59	57.5	9.885	9.885	317.31	25.65	
202	1239	B	2	H	2	64	67	65.5	9.965	9.965	318.98	25.9	
202	1239	B	2	H	2	72	75	73.5	10.045	10.045	320.65	25.9	
202	1239	B	2	H	2	80	83	81.5	10.125	10.125	322.31	26.42	
202	1239	B	2	H	2	88	91	89.5	10.205	10.205	323.98	26.49	
202	1239	B	2	H	2	96	99	97.5	10.285	10.285	325.65	26.66	
202	1239	B	2	H	2	104	107	105.5	10.365	10.365	327.30	26.66	
202	1239	B	2	H	2	112	115	113.5	10.445	10.445	328.87	26.65	
202	1239	B	2	H	2	120	123	121.5	10.525	10.525	330.45	26.54	
202	1239	B	2	H	2	128	131	129.5	10.605	10.605	332.03	25.79	
202	1239	B	2	H	2	136	139	137.5	10.685	10.685	333.61	26.58	
202	1239	B	2	H	2	144	147	145.5	10.765	10.765	335.18	26.04	
202	1239	B	2	H	3	8	11	9.5	10.915	10.915	338.14	25.63	
202	1239	B	2	H	3	16	19	17.5	10.995	10.995	339.72	25.02	
202	1239	B	2	H	3	24	27	25.5	11.075	11.075	341.38	25.03	
202	1239	B	2	H	3	32	35	33.5	11.155	11.155	343.44	24.47	
202	1239	B	2	H	3	40	43	41.5	11.235	11.235	345.49	24.66	
202	1239	B	2	H	3	48	51	49.5	11.315	11.315	347.54	24.15	
202	1239	B	2	H	3	56	59	57.5	11.395	11.395	349.59	24.22	
202	1239	B	2	H	3	64	67	65.5	11.475	11.475	351.65	23.82	
202	1239	B	2	H	3	72	75	73.5	11.555	11.555	353.70	23.5	
202	1239	B	2	H	3	80	83	81.5	11.635	11.635	355.75	23.74	
202	1239	B	2	H	3	88	91	89.5	11.715	11.715	357.80	23.77	
202	1239	B	2	H	3	104	107	105.5	11.875	11.875	361.91	23.47	
202	1239	B	2	H	3	112	115	113.5	11.955	11.955	363.96	23.3	
202	1239	B	2	H	3	120	123	121.5	12.035	12.035	366.01	23.91	
202	1239	B	2	H	3	128	131	129.5	12.115	12.115	368.07	23.97	
202	1239	B	2	H	3	136	139	137.5	12.195	12.195	370.12	23.97	
202	1239	B	2	H	3	144	147	145.5	12.275	12.275	372.17	24.3	
202	1239	B	2	H	4	8	11	9.5	12.425	12.425	376.02	24.42	
202	1239	B	2	H	4	16	19	17.5	12.505	12.505	378.07	24.78	
202	1239	B	2	H	4	24	27	25.5	12.585	12.585	380.12	25.48	
202	1239	B	2	H	4	32	35	33.5	12.665	12.665	382.18	25.42	
202	1239	B	2	H	4	40	43	41.5	12.745	12.745	384.23	25.54	
202	1239	B	2	H	4	48	51	49.5	12.825	12.825	386.28	25.3	
202	1239	B	2	H	4	56	59	57.5	12.905	12.905	388.33	25.59	
202	1239	B	2	H	4	64	67	65.5	12.985	12.985	390.32	25.77	
202	1239	B	2	H	4	72	75	73.5	13.065	13.065	392.04	24.92	
202	1239	B	2	H	4	80	83	81.5	13.145	13.145	393.75	24.95	
202	1239	B	2	H	4	88	91	89.5	13.225	13.225	395.46	25.44	
202	1239	B	2	H	4	96	99	97.5	13.305	13.305	397.18	25.78	
202	1239	B	2	H	4	104	107	105.5	13.385	13.385	398.89	23.88	
202	1239	B	2	H	4	112	115	113.5	13.465	13.465	400.61	25.89	
202	1239	B	2	H	4	120	123	121.5	13.545	13.545	402.37	25.9	
202	1239	B	2	H	4	128	131	129.5	13.625	13.625	404.32	25.97	
202	1239	B	2	H	4	136	139	137.5	13.705	13.705	406.27	24.87	
202	1239	C	2	H	3	40	43	41.5	14.235	13.735	407.00	25.72	
202	1239	B	2	H	4	144	147	145.5	13.785	13.785	408.22	25.61	
202	1239	C	2	H	3	48	51	49.5	14.315	13.815	408.95	25.63	
202	1239	C	2	H	3	56	59	57.5	14.395	13.895	410.90	25.87	
202	1239	C	2	H	3	64	67	65.5	14.475	13.975	412.85	25.97	
202	1239	C	2	H	3	72	75	73.5	14.555	14.055	414.80	26.19	
202	1239	C	2	H	3	80	83	81.5	14.635	14.135	416.76	26.29	
202	1239	C	2	H	3	88	91	89.5	14.715	14.215	418.71	25.87	
202	1239	C	2	H	3	96	99	97.5	14.795	14.295	420.66	25.66	
202	1239	C	2	H	3	104	107	105.5	14.875	14.375	422.61	25.24	
202	1239	C	2	H	3	112	115	113.5	14.955	14.455	424.56	25.29	
202	1239	C	2	H	3	120	123	121.5	15.035	14.535	426.51	24.42	
202	1239	C	2	H	3	128	131	129.5	15.115	14.615	428.46	24.04	
202	1239	C	2	H	3	136	139	137.5	15.195	14.695	430.41	24.33	
202	1239	C	2	H	3	144	147	145.5	15.275	14.775	432.56	23.94	
202	1239	C	2	H	4	8	11	9.5	15.415	14.915	437.81	24.18	
202	1239	C	2	H	4	16	19	17.5	15.495	14.995	440.81	24.33	
202	1239	C	2	H	4	24	27	25.5	15.575	15.075	443.81	24.1	
202	1239	C	2	H	4	32	35	33.5	15.655	15.155	446.81	24.22	
202	1239	C	2	H	4	40	43	41.5	15.735	15.235	449.81	25.04	
202	1239	C	2	H	4	48	51	49.5	15.815	15.315	452.81	24.72	
202	1239	C	2	H	4	56	59	57.5	15.895	15.395	455.81	24.83	
202	1239	C	2	H	4	64	67	65.5	15.975	15.475	458.81	23.66	
202	1239	C	2	H	4	72	75	73.5	16.055	15.555	461.81	24.63	
202	1239	C	2	H	4	80	83	81.5	16.135	15.635	464.81	24.78	
202	1239	C	2	H	4	88	91	89.5	16.215	15.715	467.81	24.96	
202	1239	C	2	H	4	96	99	97.5	16.295	15.795	470.81	24.95	
202	1239	C	2	H	4	104	107	105.5	16.375	15.875	473.81	25.13	
202	1239	C	2	H	4	112	115	113.5	16.455	15.955	474.97	25.29	
202	1239	C	2	H	4	120	123	121.5	16.535	16.035	476.00	24.89	
202	1239	C	2	H	4	136	139	137.5	16.695	16.195	478.06	24.84	
202	1239	C	2	H	4	144	147	145.5	16.775	16.275	479.10	25.59	
202	1239	C	2	H	5	8	10	9	16.910	16.410	480.84	25.46	
202	1239	C	2	H	5	16	18	17	16.990	16.490	481.87	25.41	
202	1239	C	2	H	5	24	26	25	17.070	16.570	482.90	25.74	
202	1239	C	2	H	5	32	34	33	17.150	16.650	483.94	25.64	
202	1239	C	2	H	5	40	42	41	17.230	16.730	484.97	25.83	
202	1239	C	2	H	5	48	50	49	17.310	16.810	486.00	26.38	
202	1239	C	2	H	5	56	58	57	17.390	16.890	487.03	26.42	
202	1239	C	2	H	5	64	66	65	17.470	16.970	488.06	26.27	
202	1239	C	2	H	5	72	74	73	17.550	17.050	489.10	26.57	
202	1239	C	2	H	5	80	82	81	17.630	17.130	490.29	26.56	
202	1239	C	2	H	5	88	90	89	17.710	17.210	492.65	26.53	
202	1239	C	2	H	5	96	98	97	17.790	17.290	495.01	26.22	
202	1239	C	2	H	5	104	106	105	17.870	17.370	497.37	26.03	
202	1239	C	2	H	5	112	114	113	17.950	17.450	499.73	26.07	
202	1239	C	2	H	5	120	122	121	18.030	17.530	502.09	26.38	
202	1239	C	2	H	5	128	130	129	18.110	17.610	504.45	26.78	
202	1239	C	2	H	5	136	138	137	18.190	17.690	506.81	26.51	
202	1239	C	2	H	5	144	146	145	18.270	17.770	509.17	26.46	
202	1239	C	2	H	6	8	11	9.5	18.425	17.925	513.45	25.03	
202	1239	C	2	H	6	16	19	17.5	18.505	18.005	514.87	25.08	
202	1239	C	2	H	6	24	27	25.5	18.585	18.085	516.29	25.26	
202	1239	C	2	H	6	32	35	33.5	18.665	18.165	517.72	25.18	
202	1239	C	2	H	6	40	43	41.5	18.745	18.245	519.14	25.1	
202	1239	C	2	H	6	48	51	49.5	18.825	18.325	520.57	25.08	
202	1239	C	2	H	6	56	59	57.5	18.905	18.405	521.99	24.99	
202	1239	C	2	H	6	64	67	65.5	18.985	18.485	523.42	24.75	
202	1239	C	2	H	6	72	75	73.5	19.065	18.565	524.84	24.95	
202	1239	C	2	H	6	80	83	81.5	19.145	18.645	526.98	25.06	
202	1239	C	2	H	6	88	91	89.5	19.225	18.725	532.23	25	
202	1239	C	2	H	6	96	99	97.5	19.305	18.805	537.48	24.27	
202	1239	C	2	H	6	104	107	105.5	19.385	18.885	542.73	24.31	
202	1239	C	2	H	6	112	115	113.5	19.465	18.965	547.35	24.41	
202	1239	A	3	H	4	16	19	17.5	17.595	18.995	548.06	25.12	
202	1239	C	2	H	6	120	123	121.5	19.545	19.045	549.23	24.73	
202	1239	A	3	H	4	24	27	25.5	17.675	19.075	549.93	24.96	
202	1239	A	3	H	4	32	35	33.5	17.755	19.155	551.81	25.23	
202	1239	A	3	H	4	40	43	41.5	17.835	19.235	553.69	25.35	
202	1239	A	3	H	4	48	51	49.5	17.915	19.315	555.56	25.52	
202	1239	A	3	H	4	56	59	57.5	17.995	19.395	557.44	25.77	
202	1239	A	3	H	4	64	67	65.5	18.075	19.475	559.31	25.77	
202	1239	A	3	H	4	72	75	73.5	18.155	19.555	561.19	26.09	
202	1239	A	3	H	4	80	83	81.5	18.235	19.635	563.07	26.38	
202	1239	A	3	H	4	88	91	89.5	18.315	19.715	564.94	26.26	
202	1239	A	3	H	4	96	99	97.5	18.395	19.795	566.52	26.08	
202	1239	A	3	H	4	104	107	105.5	18.475	19.875	567.70	25.71	
202	1239	A	3	H	4	112	115	113.5	18.555	19.955	568.88	25.38	
202	1239	A	3	H	4	120	123	121.5	18.635	20.035	570.06	25.5	
202	1239	B	3	H	1	80	83	81.5	18.115	20.065	570.50	25.65	
202	1239	A	3	H	4	128	131	129.5	18.715	20.115	571.24	25.39	
202	1239	B	3	H	1	88	91	89.5	18.195	20.145	571.68	25.63	
202	1239	B	3	H	1	96	99	97.5	18.275	20.225	572.86	25.54	
202	1239	B	3	H	1	104	107	105.5	18.355	20.305	574.04	25.56	
202	1239	B	3	H	1	112	115	113.5	18.435	20.385	575.21	25.8	
202	1239	B	3	H	1	120	123	121.5	18.515	20.465	576.36	26.03	
202	1239	B	3	H	1	128	131	129.5	18.595	20.545	577.50	25.68	
202	1239	B	3	H	1	136	139	137.5	18.675	20.625	578.64	25.79	
202	1239	B	3	H	1	144	147	145.5	18.755	20.705	579.79	25.27	
202	1239	B	3	H	2	8	11	9.5	18.915	20.865	582.07	25.46	
202	1239	B	3	H	2	16	19	17.5	18.995	20.945	583.38	25.37	
202	1239	B	3	H	2	24	27	25.5	19.075	21.025	585.38	25.58	
202	1239	B	3	H	2	32	34	33	19.150	21.100	587.25	26.08	
202	1239	B	3	H	2	40	42	41	19.230	21.180	589.25	26.18	
202	1239	B	3	H	2	48	50	49	19.310	21.260	591.25	25.76	
202	1239	B	3	H	2	56	58	57	19.390	21.340	593.25	26.22	
202	1239	B	3	H	2	64	66	65	19.470	21.420	595.24	26.25	
202	1239	B	3	H	2	72	74	73	19.550	21.500	597.15	25.74	
202	1239	B	3	H	2	80	82	81	19.630	21.580	599.07	25.66	
202	1239	B	3	H	2	88	90	89	19.710	21.660	600.99	26.31	
202	1239	B	3	H	2	96	98	97	19.790	21.740	602.90	26.7	
202	1239	B	3	H	2	104	106	105	19.870	21.820	604.82	26.56	
202	1239	B	3	H	2	112	114	113	19.950	21.900	606.73	26.78	
202	1239	B	3	H	2	120	122	121	20.030	21.980	608.65	27.09	
202	1239	B	3	H	2	128	130	129	20.110	22.060	610.56	27.16	
202	1239	B	3	H	2	136	138	137	20.190	22.140	612.44	27.12	
202	1239	B	3	H	2	144	146	145	20.270	22.220	614.22	27.27	
202	1239	B	3	H	3	8	10	9	20.410	22.360	617.33	26.84	
202	1239	B	3	H	3	16	18	17	20.490	22.440	619.11	26.54	
202	1239	B	3	H	3	24	26	25	20.570	22.520	620.89	26.3	
202	1239	B	3	H	3	32	34	33	20.650	22.600	622.67	26.29	
202	1239	B	3	H	3	40	42	41	20.730	22.680	624.44	25.93	
202	1239	B	3	H	3	48	50	49	20.810	22.760	626.22	25.31	
202	1239	B	3	H	3	56	58	57	20.890	22.840	628.00	24.62	
202	1239	B	3	H	3	64	66	65	20.970	22.920	629.78	24.56	
202	1239	B	3	H	3	72	74	73	21.050	23.000	631.77	25.22	
202	1239	B	3	H	3	80	82	81	21.130	23.080	633.79	25.12	
202	1239	B	3	H	3	88	90	89	21.210	23.160	635.82	25.47	
202	1239	B	3	H	3	96	98	97	21.290	23.240	637.84	25.01	
202	1239	B	3	H	3	104	106	105	21.370	23.320	639.86	25.31	
202	1239	B	3	H	3	112	114	113	21.450	23.400	641.89	25.41	
202	1239	B	3	H	3	120	122	121	21.530	23.480	643.91	25.46	
202	1239	B	3	H	3	128	130	129	21.610	23.560	645.94	25.48	
202	1239	B	3	H	3	136	138	137	21.690	23.640	647.96	25.75	
202	1239	B	3	H	3	144	146	145	21.770	23.720	649.98	25.45	
202	1239	B	3	H	4	8	10	9	21.920	23.870	653.78	25.56	
202	1239	B	3	H	4	16	18	17	22.000	23.950	655.80	25.58	
202	1239	B	3	H	4	24	26	25	22.080	24.030	657.82	25.58	
202	1239	B	3	H	4	32	34	33	22.160	24.110	659.85	25.56	
202	1239	B	3	H	4	40	42	41	22.240	24.190	661.87	25.63	
202	1239	B	3	H	4	48	50	49	22.320	24.270	663.89	25.56	
202	1239	B	3	H	4	56	58	57	22.400	24.350	665.92	25.87	
202	1239	B	3	H	4	64	66	65	22.480	24.430	667.94	25.91	
202	1239	B	3	H	4	72	74	73	22.560	24.510	669.96	25.98	
202	1239	B	3	H	4	80	82	81	22.640	24.590	671.99	25.88	
202	1239	B	3	H	4	88	90	89	22.720	24.670	673.58	26.15	
202	1239	B	3	H	4	96	98	97	22.800	24.750	674.73	26.08	
202	1239	B	3	H	4	104	106	105	22.880	24.830	675.89	27.09	
202	1239	B	3	H	4	112	114	113	22.960	24.910	677.04	27.27	
202	1239	B	3	H	4	128	130	129	23.120	25.070	679.35	27.19	
202	1239	B	3	H	4	136	138	137	23.200	25.150	680.51	26.99	
202	1239	C	3	H	3	112	114	113	24.440	25.190	681.08	26.57	
202	1239	C	3	H	3	120	122	121	24.520	25.270	682.24	26.76	
202	1239	C	3	H	3	128	130	129	24.600	25.350	683.39	26.54	
202	1239	C	3	H	3	136	138	137	24.680	25.430	684.55	26.46	
202	1239	C	3	H	3	144	146	145	24.760	25.510	685.70	26.14	
202	1239	C	3	H	4	8	10	9	24.910	25.660	688.07	26.54	
202	1239	C	3	H	4	16	18	17	24.990	25.740	689.50	26.98	
202	1239	C	3	H	4	24	26	25	25.070	25.820	690.92	27.1	
202	1239	C	3	H	4	32	34	33	25.150	25.900	692.35	27.3	
202	1239	C	3	H	4	40	42	41	25.230	25.980	693.77	27.5	
202	1239	C	3	H	4	48	50	49	25.310	26.060	695.20	27.2	
202	1239	C	3	H	4	56	58	57	25.390	26.140	696.62	27.05	
202	1239	C	3	H	4	64	66	65	25.470	26.220	698.05	26.67	
202	1239	C	3	H	4	72	74	73	25.550	26.300	699.48	26.58	
202	1239	C	3	H	4	80	82	81	25.630	26.380	700.90	27	
202	1239	C	3	H	4	88	90	89	25.710	26.460	702.33	27.32	
202	1239	C	3	H	4	96	98	97	25.790	26.540	703.75	26.81	
202	1239	C	3	H	4	104	106	105	25.870	26.620	705.10	27.27	
202	1239	C	3	H	4	112	114	113	25.950	26.700	705.87	27.31	
202	1239	C	3	H	4	120	122	121	26.030	26.780	706.65	26.91	
202	1239	C	3	H	4	128	130	129	26.110	26.860	707.43	26.69	
202	1239	C	3	H	4	136	138	137	26.190	26.940	708.20	26.61	
202	1239	C	3	H	4	144	146	145	26.270	27.020	708.98	26.62	
202	1239	C	3	H	5	8	10	9	26.410	27.160	710.34	26.25	
202	1239	C	3	H	5	16	18	17	26.490	27.240	711.11	26.18	
202	1239	C	3	H	5	24	26	25	26.570	27.320	711.89	26.2	
202	1239	C	3	H	5	32	34	33	26.650	27.400	712.66	25.57	
202	1239	C	3	H	5	40	42	41	26.730	27.480	713.44	25.8	
202	1239	C	3	H	5	48	50	49	26.810	27.560	714.22	25.69	
202	1239	C	3	H	5	56	58	57	26.890	27.640	714.99	25.17	
202	1239	C	3	H	5	64	66	65	26.970	27.720	715.77	25.1	
