# Eastern Equatorial Pacific SST Reconstrucition during the last 1.5 Million Years
#-----------------------------------------------------------------------
#               World Data Service for Paleoclimatology, Boulder
#                                   and
#                      NOAA Paleoclimatology Program
#-----------------------------------------------------------------------
# NOTE: Please cite original publication, online resource and date accessed when using this data.
# If there is no publication information, please cite Investigator, title, online resource and date accessed.
#
# Description/Documentation lines begin with #
# Data lines have no #
#
# Online_Resource: https://www.ncdc.noaa.gov/paleo/study/20630
# Online_Resource: http://www1.ncdc.noaa.gov/pub/data/paleo/paleocean/by_contributor/dyez2016/dyez2016-sst-gradient.txt
#
# Archive: Paleoceanography
#
# Parameter_Keywords: biomarkers, oxygen isotopes
#---------------------------------------
# Contribution_Date
#    Date: 2017-02-15
#---------------------------------------
# Title
#    Study_Name: Eastern Equatorial Pacific SST Reconstrucition during the last 1.5 Million Years
#---------------------------------------
# Investigators
#      Investigators: Dyez, Kelsey; Ravelo, A. Christina; Mix, Alan. C.
#---------------------------------------
# Description and Notes
#        Description: Alkenone-based sea surface temperatures and age model based on benthic oxygen isotopes. Study covers 1.5 Ma to present.
#---------------------------------------
# Publication
# Authors: Dyez, K.A., A.C. Ravelo, and A.C. Mix
# Published_Date_or_Year: 2016
# Published_Title: Evaluating drivers of Pleistocene eastern tropical Pacific sea surface temperature
# Journal_Name: Paleoceanography
# Volume: 31
# Edition: 
# Issue: 
# Pages: 
# Report Number: 
# DOI: 10.1002/2015PA002873
# Online_Resource: 
# Full_Citation: 
# Abstract: Sea surface temperature (SST) of the eastern equatorial Pacific is a key component of tropical oceanic and atmospheric circulation with global teleconnections. Forcing factors such as local and high-latitude insolation changes, ice sheet size and albedo feedbacks, and greenhouse gas radiation have been proposed as controls of long-term eastern tropical Pacific SST, though the precise role each mechanism plays is not fully known on glacial-interglacial or longer timescales. Here proposed mechanisms are evaluated by comparing orbital-scale records of eastern Pacific SST with forcing variability over the past 1.5 Ma. The primary SST records are a compilation of new and existing data from Ocean Drilling Program Site 1239 at the northeastern margin of the modern eastern Pacific cold tongue and Site 846 SST within the cold tongue. Using time series analysis, we test previously proposed mechanisms for control of long-term tropical SST change and SST gradients in the eastern Pacific. We find that within statistical uncertainties, in the precession band eastern Pacific SST is consistent with direct forcing by equatorial radiation changes in the tropical cold season (summer-fall) rather than inversely correlated as previously suggested. In the obliquity band high-latitude solar forcing leads or is in phase with eastern equatorial Pacific SST, while in the eccentricity band atmospheric greenhouse gas concentrations are closely associated with cold tongue SST. Pleistocene eastern Pacific SST gradients indicate that the gradient on the northern margin of the cold tongue strengthened through the mid-Pleistocene transition, a result compatible with the cold tongue becoming more focused at ~900–650 ka
#---------------------------------------
# Funding_Agency
#    Funding_Agency_Name: Consortium for Ocean Leadership
#    Grant: 
#---------------------------------------
# Funding_Agency
#    Funding_Agency_Name: National Science Foundation
#    Grant: OCE-623419
#---------------------------------------
# Site Information
# Site_Name: ODP 1239
# Location: Eastern Equatorial Pacific
# Country: 
# Northernmost_Latitude: -0.672
# Southernmost_Latitude: -0.672
# Easternmost_Longitude: -82.081
# Westernmost_Longitude: -82.081
# Elevation: -1414
#---------------------------------------
# Data_Collection
#   Collection_Name: ODP1239-ODP846 SST Dyez16
#   First_Year: 1500000
#   Last_Year: 0
#   Time_Unit: cal yr BP
#   Core_Length: 
#   Notes: SST Difference from ODP 846 (3.1 S, 90.82 W, 3296m)
#---------------------------------------
# Chronology_Information 
# Chronology: 
#---------------------------------------
# Variables
# Data variables follow that are preceded by "##" in columns one and two.
# Variables list, one per line, shortname-tab-longname components (9 components: what, material, error, units, seasonality, archive, detail, method, C or N for Character or Numeric data)
## age_ka-inter	age,,,kiloyears before 1950AD,,paleoceanography,interpolated to 1ky ,,N
## SST-Uk37-1239	sea surface temperature,Uk'37,,degrees Celsius,,reconstruction,from ODP1239,,N
## SST-Uk37-846	sea surface temperature,Uk'37,,degrees Celsius,,reconstruction,from ODP846,,N
## SST-Uk37-diff	sea surface temperature,Uk'37,,degrees Celsius,,reconstruction,difference between ODP1239 and ODP846,,N
## SST-Uk37-diff-100	sea surface temperature,Uk'37,,degrees Celsius,,reconstruction,difference between ODP1239 and ODP846,100-kyr running mean,N
#------------------------
# Data
# Data lines follow (have no #)
# Data line format - tab-delimited text, variable short name as header
# Missing Value: NA
age_ka-inter	SST-Uk37-1239	SST-Uk37-846	SST-Uk37-diff	SST-Uk37-diff-100	
0	25.64	22.83	2.80	NA	
1	25.62	22.88	2.74	NA	
2	25.48	22.92	2.56	NA	
3	25.29	22.96	2.33	NA	
4	25.04	23.00	2.04	NA	
5	24.92	23.04	1.88	NA	
6	24.94	23.08	1.86	NA	
7	24.90	23.13	1.77	NA	
8	24.93	23.17	1.76	NA	
9	24.84	23.08	1.76	NA	
10	24.62	22.62	2.00	NA	
11	24.46	22.15	2.31	NA	
12	24.26	21.91	2.35	NA	
13	23.94	21.79	2.15	NA	
14	23.65	21.66	1.99	NA	
15	23.53	21.54	2.00	NA	
16	23.05	21.43	1.62	NA	
17	23.18	21.52	1.67	NA	
18	23.28	21.65	1.63	NA	
19	23.35	21.60	1.75	NA	
20	23.52	21.42	2.10	NA	
21	23.51	21.29	2.22	NA	
22	23.53	21.24	2.29	NA	
23	23.55	21.19	2.36	NA	
24	23.50	20.96	2.54	NA	
25	23.47	20.67	2.80	NA	
26	23.52	20.56	2.95	NA	
27	23.75	20.52	3.23	NA	
28	23.39	20.56	2.83	NA	
29	23.49	20.65	2.84	NA	
30	24.03	20.68	3.35	NA	
31	24.38	20.63	3.75	NA	
32	24.23	20.68	3.55	NA	
33	24.25	20.84	3.41	NA	
34	24.29	21.06	3.23	NA	
35	24.36	21.31	3.05	NA	
36	24.38	21.32	3.06	NA	
37	24.35	21.22	3.13	NA	
38	24.27	21.20	3.07	NA	
39	24.25	21.22	3.03	NA	
40	24.04	21.33	2.71	NA	
41	23.91	21.42	2.49	NA	
42	23.67	21.49	2.18	NA	
43	23.68	21.55	2.13	NA	
44	23.77	21.60	2.18	NA	
45	23.84	21.60	2.24	NA	
46	23.83	21.60	2.23	NA	
47	23.30	21.63	1.68	NA	
48	23.03	21.80	1.23	NA	
49	23.07	22.00	1.07	NA	
50	23.20	22.17	1.03	2.38	
51	23.39	22.13	1.25	2.38	
52	23.64	22.13	1.51	2.38	
53	23.75	22.21	1.54	2.38	
54	23.85	22.43	1.43	2.39	
55	23.96	22.58	1.39	2.40	
56	24.10	22.52	1.58	2.41	
57	24.34	22.46	1.88	2.42	
58	24.40	22.38	2.02	2.44	
59	24.36	22.16	2.19	2.45	
60	24.13	22.04	2.09	2.46	
61	24.11	22.14	1.96	2.47	
62	24.05	22.15	1.91	2.48	
63	23.99	22.04	1.94	2.49	
64	23.98	22.06	1.92	2.51	
65	24.03	22.16	1.87	2.52	
66	24.35	22.10	2.25	2.54	
67	24.53	22.10	2.43	2.55	
68	24.44	22.14	2.30	2.57	
69	24.39	22.23	2.16	2.58	
70	24.52	22.31	2.21	2.59	
71	24.54	22.39	2.15	2.59	
72	24.43	22.47	1.96	2.60	
73	24.53	22.48	2.05	2.59	
74	24.65	22.44	2.21	2.58	
75	25.42	22.41	3.01	2.58	
76	25.77	22.51	3.25	2.56	
77	26.08	22.65	3.43	2.56	
78	25.64	22.79	2.86	2.55	
79	25.73	22.93	2.80	2.55	
80	26.24	23.06	3.18	2.55	
81	26.11	23.20	2.91	2.55	
82	25.90	23.27	2.63	2.55	
83	25.99	23.19	2.79	2.55	
84	26.00	23.11	2.89	2.55	
85	25.90	23.03	2.86	2.55	
86	25.92	23.00	2.92	2.55	
87	25.99	23.00	2.99	2.55	
88	25.99	23.00	2.99	2.54	
89	25.88	23.00	2.88	2.54	
90	25.75	22.97	2.79	2.55	
91	25.68	22.93	2.74	2.55	
92	25.69	22.90	2.78	2.55	
93	25.70	22.90	2.80	2.55	
94	25.60	22.90	2.70	2.55	
95	25.57	22.90	2.67	2.55	
96	25.59	22.95	2.64	2.56	
97	25.72	23.12	2.60	2.57	
98	25.74	23.17	2.56	2.58	
99	25.57	23.12	2.45	2.60	
100	25.53	23.04	2.49	2.62	
101	25.58	22.96	2.62	2.64	
102	25.53	22.85	2.67	2.66	
103	25.48	22.71	2.77	2.68	
104	25.41	22.56	2.85	2.70	
105	25.42	22.42	3.00	2.72	
106	25.54	22.32	3.22	2.74	
107	25.59	22.43	3.16	2.75	
108	25.65	22.57	3.08	2.76	
109	25.61	22.71	2.89	2.77	
110	25.72	22.76	2.96	2.77	
111	25.77	22.67	3.10	2.77	
112	25.73	22.58	3.15	2.77	
113	25.84	22.53	3.32	2.78	
114	26.40	22.63	3.77	2.79	
115	26.39	22.75	3.64	2.80	
116	26.50	22.87	3.63	2.81	
117	26.49	23.14	3.35	2.82	
118	26.51	23.49	3.02	2.82	
119	26.20	23.77	2.43	2.82	
120	26.57	23.76	2.81	2.83	
121	26.34	23.72	2.62	2.83	
122	26.53	23.98	2.55	2.84	
123	26.47	24.54	1.93	2.84	
124	26.59	25.01	1.58	2.85	
125	26.63	24.93	1.69	2.85	
126	26.44	24.77	1.68	2.84	
127	26.57	24.40	2.17	2.84	
128	26.60	23.90	2.70	2.83	
129	26.44	23.52	2.92	2.83	
130	26.57	23.50	3.07	2.83	
131	26.46	23.45	3.01	2.82	
132	26.39	22.95	3.44	2.82	
133	25.98	22.35	3.64	2.82	
134	25.64	22.10	3.54	2.82	
135	25.39	22.10	3.29	2.81	
136	25.27	22.19	3.08	2.81	
137	25.26	22.42	2.84	2.81	
138	25.20	22.58	2.62	2.80	
139	25.57	22.46	3.12	2.80	
140	25.56	22.32	3.24	2.80	
141	25.27	22.30	2.97	2.80	
142	24.71	22.30	2.41	2.80	
143	24.72	22.33	2.39	2.81	
144	24.68	22.37	2.31	2.81	
145	24.88	22.38	2.50	2.82	
146	25.08	22.34	2.74	2.82	
147	25.24	22.27	2.98	2.83	
148	25.01	22.13	2.88	2.85	
149	25.01	22.01	3.00	2.86	
150	25.20	22.00	3.20	2.87	
151	25.20	21.99	3.21	2.89	
152	25.20	21.90	3.30	2.89	
153	25.23	21.81	3.42	2.90	
154	25.24	21.75	3.49	2.90	
155	25.07	21.70	3.37	2.90	
156	24.91	21.70	3.21	2.89	
157	24.85	21.72	3.13	2.89	
158	24.83	21.87	2.96	2.88	
159	24.76	22.08	2.68	2.88	
160	24.73	22.44	2.29	2.87	
161	24.90	22.69	2.21	2.86	
162	24.99	22.70	2.29	2.85	
163	25.02	22.62	2.39	2.84	
164	25.11	22.39	2.71	2.83	
165	25.20	22.24	2.96	2.81	
166	25.28	22.14	3.14	2.79	
167	25.28	22.21	3.08	2.77	
168	25.16	22.35	2.80	2.75	
169	25.06	22.47	2.59	2.74	
170	25.12	22.57	2.55	2.73	
171	25.37	22.67	2.70	2.73	
172	25.52	22.78	2.73	2.72	
173	25.60	22.98	2.62	2.71	
174	25.55	23.21	2.34	2.71	
175	25.62	23.30	2.32	2.72	
176	25.91	23.30	2.61	2.73	
177	25.91	23.29	2.62	2.74	
178	25.90	23.25	2.65	2.74	
179	25.95	23.21	2.74	2.73	
180	26.00	23.23	2.77	2.72	
181	25.93	23.26	2.66	2.71	
182	25.81	23.33	2.49	2.70	
183	26.17	23.54	2.63	2.68	
184	26.29	23.78	2.51	2.67	
185	26.16	23.78	2.38	2.65	
186	26.13	23.55	2.58	2.64	
187	26.08	23.32	2.76	2.63	
188	25.90	23.13	2.77	2.62	
189	25.81	22.99	2.81	2.62	
190	25.76	22.86	2.90	2.62	
191	25.63	22.79	2.84	2.62	
192	25.52	22.76	2.76	2.62	
193	25.67	22.73	2.94	2.62	
194	25.89	22.69	3.20	2.61	
195	25.91	22.55	3.36	2.62	
196	25.90	22.41	3.49	2.62	
197	25.91	22.26	3.65	2.61	
198	26.11	22.14	3.97	2.59	
199	26.18	22.25	3.93	2.57	
200	26.24	22.41	3.83	2.55	
201	26.26	22.57	3.69	2.52	
202	26.10	22.73	3.37	2.50	
203	25.82	22.81	3.01	2.47	
204	25.61	22.84	2.78	2.44	
205	25.56	22.86	2.70	2.41	
206	25.41	22.88	2.53	2.38	
207	25.62	22.94	2.68	2.36	
208	25.90	23.11	2.79	2.34	
209	25.87	23.29	2.58	2.33	
210	25.77	23.47	2.30	2.33	
211	25.82	23.64	2.18	2.33	
212	25.71	23.71	1.99	2.34	
213	25.72	23.74	1.99	2.34	
214	25.57	23.76	1.81	2.34	
215	25.53	23.78	1.75	2.35	
216	25.34	23.78	1.56	2.35	
217	25.33	23.57	1.76	2.34	
218	25.02	23.31	1.71	2.34	
219	24.82	23.06	1.77	2.34	
220	24.71	22.80	1.91	2.34	
221	24.84	22.72	2.12	2.35	
222	24.65	22.74	1.90	2.35	
223	24.68	22.77	1.91	2.35	
224	24.76	22.79	1.97	2.35	
225	24.90	22.73	2.18	2.35	
226	25.14	22.64	2.49	2.35	
227	25.10	22.56	2.55	2.35	
228	24.91	22.59	2.32	2.34	
229	25.00	22.85	2.15	2.35	
230	25.07	23.13	1.95	2.35	
231	25.14	23.36	1.78	2.36	
232	25.21	23.36	1.85	2.37	
233	25.29	23.32	1.97	2.38	
234	25.33	23.28	2.05	2.38	
235	25.24	23.20	2.04	2.39	
236	25.26	23.15	2.11	2.39	
237	25.41	23.51	1.90	2.39	
238	25.80	23.88	1.92	2.39	
239	25.82	23.60	2.23	2.39	
240	26.17	23.16	3.01	2.39	
241	26.25	22.86	3.39	2.40	
242	25.70	22.78	2.92	2.40	
243	25.15	22.91	2.24	2.41	
244	24.63	22.44	2.19	2.42	
245	24.73	22.09	2.63	2.42	
246	24.71	22.33	2.38	2.43	
247	24.71	22.71	2.01	2.43	
248	24.67	23.11	1.56	2.44	
249	24.30	23.38	0.92	2.44	
250	24.27	23.59	0.68	2.44	
251	24.22	23.75	0.47	2.44	
252	24.04	23.76	0.28	2.44	
253	24.35	23.68	0.67	2.44	
254	23.70	23.45	0.25	2.44	
255	23.54	23.22	0.32	2.45	
256	23.65	22.97	0.68	2.47	
257	23.75	22.68	1.07	2.48	
258	23.68	22.20	1.48	2.50	
259	23.52	21.63	1.89	2.51	
260	23.49	21.09	2.40	2.53	
261	23.55	20.90	2.65	2.55	
262	23.62	20.80	2.83	2.57	
263	23.53	20.71	2.82	2.59	
264	23.09	20.70	2.39	2.61	
265	23.62	20.70	2.92	2.64	
266	23.71	20.70	3.01	2.65	
267	23.66	20.72	2.93	2.67	
268	23.60	20.75	2.85	2.69	
269	23.62	20.78	2.84	2.71	
270	23.63	20.81	2.81	2.73	
271	23.61	20.85	2.77	2.75	
272	23.61	20.88	2.73	2.76	
273	23.61	20.94	2.67	2.78	
274	23.67	21.06	2.61	2.79	
275	23.66	21.19	2.47	2.80	
276	23.63	21.30	2.33	2.81	
277	23.75	21.38	2.37	2.81	
278	23.92	21.44	2.47	2.81	
279	24.48	21.49	2.99	2.82	
280	24.73	21.46	3.27	2.83	
281	24.84	21.43	3.41	2.84	
282	24.97	21.42	3.55	2.85	
283	25.10	21.52	3.57	2.87	
284	24.94	21.66	3.27	2.89	
285	24.65	21.80	2.85	2.91	
286	24.86	21.94	2.91	2.94	
287	24.59	22.09	2.50	2.96	
288	24.58	22.13	2.44	2.97	
289	24.62	21.90	2.72	2.98	
290	24.67	21.65	3.02	2.98	
291	24.83	21.44	3.38	2.98	
292	24.86	21.30	3.56	2.99	
293	24.86	21.16	3.70	2.99	
294	24.57	21.10	3.47	3.01	
295	24.81	21.10	3.71	3.02	
296	25.08	21.10	3.98	3.03	
297	25.10	21.07	4.03	3.04	
298	24.79	21.00	3.79	3.05	
299	24.88	20.93	3.94	3.07	
300	25.02	21.00	4.02	3.10	
301	25.10	21.20	3.90	3.12	
302	24.97	21.33	3.63	3.15	
303	24.88	21.22	3.66	3.18	
304	24.79	21.28	3.52	3.20	
305	24.90	21.19	3.71	3.23	
306	25.17	21.00	4.16	3.27	
307	25.05	20.83	4.21	3.29	
308	25.06	20.89	4.17	3.31	
309	25.13	21.04	4.09	3.32	
310	25.51	21.19	4.32	3.33	
311	25.80	21.34	4.46	3.33	
312	25.44	21.49	3.95	3.33	
313	25.87	21.64	4.23	3.33	
314	26.12	21.79	4.33	3.33	
315	26.04	21.94	4.10	3.33	
316	25.37	22.09	3.28	3.33	
317	25.57	22.24	3.33	3.33	
318	25.78	22.18	3.60	3.33	
319	25.90	22.02	3.89	3.34	
320	25.90	22.00	3.90	3.34	
321	25.86	22.02	3.84	3.34	
322	26.08	22.39	3.69	3.35	
323	26.45	22.87	3.58	3.35	
324	26.35	23.36	3.00	3.36	
325	26.10	23.62	2.48	3.37	
326	26.65	23.66	2.99	3.38	
327	26.63	23.71	2.92	3.39	
328	26.36	23.75	2.61	3.40	
329	26.66	23.78	2.89	3.40	
330	26.83	23.55	3.28	3.40	
331	26.28	23.23	3.05	3.39	
332	25.94	22.91	3.03	3.38	
333	26.46	22.59	3.87	3.37	
334	26.44	22.28	4.17	3.36	
335	26.19	21.96	4.23	3.35	
336	26.81	21.95	4.85	3.34	
337	26.33	22.43	3.91	3.33	
338	25.89	22.91	2.98	3.33	
339	26.06	23.13	2.94	3.34	
340	25.06	22.55	2.51	3.34	
341	25.07	21.98	3.09	3.34	
342	25.52	21.54	3.98	3.33	
343	24.79	21.46	3.33	3.33	
344	24.72	21.17	3.55	3.32	
345	25.02	21.09	3.93	3.31	
346	24.53	21.27	3.26	3.31	
347	24.28	21.33	2.95	3.30	
348	24.50	21.13	3.37	3.30	
349	24.72	20.93	3.80	3.28	
350	24.14	20.78	3.36	3.27	
351	23.95	20.65	3.29	3.26	
352	23.88	20.63	3.25	3.25	
353	23.72	20.67	3.05	3.24	
354	23.54	20.36	3.19	3.22	
355	23.65	20.13	3.52	3.21	
356	23.79	20.19	3.59	3.19	
357	23.79	20.24	3.55	3.17	
358	23.73	20.89	2.84	3.14	
359	23.56	21.35	2.21	3.12	
360	23.48	20.98	2.50	3.11	
361	23.47	20.60	2.87	3.09	
362	23.47	20.61	2.86	3.08	
363	23.46	20.75	2.71	3.06	
364	23.48	20.89	2.59	3.05	
365	23.60	20.98	2.62	3.04	
366	23.87	20.94	2.93	3.03	
367	23.96	20.89	3.08	3.03	
368	23.98	20.84	3.14	3.02	
369	23.97	20.83	3.14	3.01	
370	24.00	20.94	3.07	3.00	
371	24.37	21.04	3.33	2.99	
372	24.37	21.15	3.22	2.97	
373	24.51	21.18	3.32	2.96	
374	24.76	21.15	3.61	2.95	
375	24.86	21.12	3.74	2.95	
376	24.50	21.25	3.26	2.95	
377	24.59	21.54	3.05	2.94	
378	24.90	21.85	3.04	2.94	
379	25.42	22.27	3.15	2.94	
380	25.46	22.70	2.76	2.94	
381	25.32	23.00	2.31	2.94	
382	25.27	23.04	2.22	2.94	
383	25.47	23.08	2.39	2.94	
384	25.52	23.12	2.40	2.93	
385	25.47	23.18	2.29	2.91	
386	25.36	23.24	2.12	2.90	
387	25.40	23.27	2.13	2.87	
388	25.54	23.06	2.49	2.87	
389	25.65	22.79	2.86	2.87	
390	25.73	22.52	3.22	2.88	
391	25.43	22.31	3.13	2.89	
392	24.98	22.27	2.71	2.89	
393	24.91	22.25	2.66	2.88	
394	25.03	22.23	2.80	2.88	
395	25.31	22.21	3.10	2.88	
396	25.55	22.22	3.32	2.87	
397	25.75	22.26	3.49	2.87	
398	25.96	22.31	3.65	2.87	
399	24.61	22.54	2.07	2.87	
400	25.18	22.81	2.37	2.88	
401	26.11	23.06	3.05	2.88	
402	26.16	23.22	2.93	2.89	
403	25.92	23.37	2.56	2.89	
404	25.97	23.76	2.21	2.89	
405	26.26	23.82	2.44	2.90	
406	25.27	23.74	1.53	2.90	
407	25.56	23.91	1.65	2.90	
408	25.74	23.88	1.86	2.89	
409	25.73	23.68	2.05	2.89	
410	25.76	23.40	2.36	2.89	
411	25.95	23.25	2.70	2.90	
412	26.20	23.18	3.02	2.91	
413	26.01	23.13	2.88	2.91	
414	26.10	23.29	2.81	2.92	
415	26.40	23.37	3.03	2.93	
416	26.46	23.31	3.15	2.94	
417	26.30	23.23	3.07	2.95	
418	26.30	23.24	3.06	2.95	
419	25.90	23.29	2.61	2.95	
420	25.73	23.30	2.43	2.96	
421	25.75	23.30	2.45	2.96	
422	25.81	23.26	2.55	2.97	
423	25.26	23.02	2.24	2.97	
424	25.28	22.74	2.54	2.97	
425	25.19	22.45	2.73	2.97	
426	24.73	22.18	2.56	2.95	
427	24.33	21.93	2.40	2.95	
428	24.13	21.68	2.46	2.94	
429	24.16	21.41	2.75	2.94	
430	24.28	21.13	3.15	2.94	
431	24.04	20.84	3.20	2.95	
432	23.57	20.74	2.83	2.95	
433	23.91	20.89	3.01	2.96	
434	23.85	21.05	2.80	2.96	
435	23.78	21.08	2.71	2.97	
436	23.72	21.04	2.67	2.98	
437	23.65	21.00	2.65	2.98	
438	24.07	20.91	3.16	2.99	
439	24.24	20.80	3.44	3.00	
440	24.29	20.70	3.59	3.00	
441	24.24	20.66	3.58	2.99	
442	23.88	20.62	3.26	2.99	
443	23.69	20.62	3.07	3.00	
444	24.08	20.67	3.41	3.00	
445	24.15	20.77	3.38	3.00	
446	24.19	20.97	3.22	3.01	
447	24.19	21.16	3.04	3.01	
448	24.15	21.12	3.03	3.01	
449	24.58	21.03	3.55	2.99	
450	24.99	20.97	4.01	3.00	
451	24.91	20.93	3.99	3.01	
452	24.81	20.90	3.91	3.01	
453	24.50	20.90	3.60	3.01	
454	24.32	20.95	3.37	3.02	
455	24.60	21.11	3.50	3.04	
456	24.76	21.18	3.58	3.05	
457	24.56	21.13	3.43	3.07	
458	24.32	21.21	3.12	3.09	
459	23.85	21.41	2.44	3.10	
460	24.04	21.33	2.71	3.12	
461	24.37	21.19	3.17	3.13	
462	24.57	21.02	3.55	3.13	
463	24.41	20.92	3.48	3.13	
464	24.37	20.97	3.39	3.13	
465	24.77	21.03	3.74	3.13	
466	24.85	21.09	3.76	3.12	
467	24.91	21.24	3.67	3.12	
468	24.85	21.37	3.48	3.11	
469	24.47	21.28	3.19	3.11	
470	24.67	21.20	3.46	3.10	
471	24.95	21.20	3.75	3.10	
472	25.02	21.22	3.80	3.09	
473	25.08	21.28	3.80	3.09	
474	24.95	21.62	3.33	3.09	
475	25.09	22.13	2.96	3.09	
476	24.78	22.41	2.37	3.09	
477	24.88	22.55	2.34	3.09	
478	24.93	22.36	2.57	3.10	
479	25.39	22.02	3.37	3.12	
480	25.28	22.03	3.25	3.12	
481	25.21	22.22	2.99	3.13	
482	25.40	22.41	2.99	3.13	
483	25.57	22.60	2.96	3.15	
484	25.61	22.81	2.79	3.16	
485	25.73	23.01	2.72	3.16	
486	26.26	23.17	3.09	3.17	
487	26.32	23.32	2.99	3.18	
488	26.29	23.44	2.86	3.18	
489	26.47	23.51	2.96	3.18	
490	26.56	23.58	2.98	3.18	
491	26.40	23.55	2.85	3.17	
492	26.47	23.48	2.98	3.16	
493	26.48	23.41	3.07	3.16	
494	26.33	23.25	3.09	3.16	
495	26.24	23.05	3.19	3.15	
496	26.51	22.86	3.65	3.15	
497	26.30	22.84	3.46	3.15	
498	25.79	22.91	2.89	3.15	
499	25.52	22.97	2.55	3.15	
500	25.97	22.99	2.98	3.15	
501	25.77	22.93	2.84	3.14	
502	25.96	22.86	3.10	3.13	
503	25.56	22.78	2.78	3.13	
504	26.19	22.67	3.53	3.13	
505	26.72	22.55	4.17	3.13	
506	26.60	22.44	4.17	3.13	
507	25.96	22.49	3.47	3.14	
508	25.56	22.50	3.06	3.14	
509	26.27	22.50	3.77	3.15	
510	26.12	22.43	3.68	3.17	
511	25.70	22.37	3.33	3.18	
512	25.29	22.33	2.96	3.20	
513	24.91	22.30	2.61	3.21	
514	25.05	22.34	2.71	3.22	
515	25.10	22.42	2.68	3.22	
516	25.21	22.49	2.72	3.22	
517	25.07	22.51	2.56	3.22	
518	25.16	22.55	2.60	3.22	
519	25.10	22.61	2.49	3.22	
520	24.92	22.77	2.15	3.22	
521	25.05	22.98	2.06	3.21	
522	24.98	23.12	1.86	3.20	
523	24.82	22.76	2.06	3.20	
524	24.61	22.63	1.97	3.19	
525	24.93	22.39	2.53	3.18	
526	25.01	22.10	2.91	3.18	
527	25.02	21.81	3.22	3.19	
528	24.84	21.46	3.38	3.18	
529	24.61	20.99	3.62	3.18	
530	24.39	20.74	3.65	3.16	
531	24.17	20.64	3.53	3.15	
532	24.43	20.66	3.77	3.14	
533	24.89	20.75	4.14	3.13	
534	24.75	20.84	3.91	3.12	
535	24.62	20.93	3.69	3.13	
536	24.48	21.00	3.48	3.13	
537	24.34	21.07	3.27	3.14	
538	24.27	21.14	3.13	3.14	
539	24.28	21.21	3.07	3.15	
540	24.29	21.28	3.01	3.15	
541	24.30	21.32	2.97	3.16	
542	24.30	21.35	2.95	3.16	
543	24.28	21.38	2.90	3.17	
544	24.23	21.41	2.82	3.17	
545	24.28	21.44	2.84	3.17	
546	24.34	21.47	2.87	3.17	
547	24.40	21.50	2.90	3.16	
548	24.93	21.54	3.39	3.15	
549	24.83	21.58	3.25	3.14	
550	24.89	21.62	3.27	3.14	
551	24.72	21.66	3.06	3.15	
552	25.19	21.70	3.50	3.15	
553	25.31	21.74	3.57	3.16	
554	25.38	21.78	3.60	3.17	
555	25.47	21.78	3.69	3.17	
556	25.38	21.74	3.64	3.16	
557	25.46	21.70	3.76	3.16	
558	25.77	21.66	4.11	3.16	
559	25.77	21.62	4.14	3.17	
560	25.67	21.62	4.05	3.18	
561	25.90	21.68	4.22	3.18	
562	26.21	21.74	4.48	3.19	
563	26.34	21.79	4.55	3.20	
564	26.26	21.85	4.41	3.21	
565	26.23	21.99	4.24	3.23	
566	26.14	22.46	3.68	3.24	
567	25.93	22.39	3.53	3.25	
568	25.52	22.15	3.36	3.26	
569	25.37	22.24	3.13	3.28	
570	25.52	22.37	3.15	3.29	
571	25.50	22.44	3.07	3.30	
572	25.53	22.48	3.05	3.31	
573	25.54	22.55	2.99	3.32	
574	25.59	22.64	2.95	3.33	
575	25.77	22.78	2.99	3.35	
576	25.95	23.04	2.91	3.36	
577	25.90	23.31	2.59	3.36	
578	25.73	23.55	2.17	3.35	
579	25.62	23.63	2.00	3.35	
580	25.30	23.66	1.65	3.34	
581	25.36	23.69	1.68	3.34	
582	25.43	23.51	1.92	3.34	
583	25.33	23.13	2.20	3.34	
584	25.44	22.75	2.68	3.33	
585	25.54	22.40	3.14	3.32	
586	25.75	22.39	3.35	3.32	
587	25.99	22.51	3.48	3.33	
588	25.82	22.63	3.19	3.33	
589	26.04	22.65	3.39	3.34	
590	26.02	22.52	3.50	3.35	
591	25.82	22.39	3.43	3.35	
592	25.85	22.26	3.59	3.36	
593	25.97	22.37	3.60	3.37	
594	26.10	22.72	3.38	3.38	
595	26.21	23.06	3.15	3.39	
596	26.05	23.28	2.76	3.40	
597	25.78	23.26	2.51	3.41	
598	25.50	23.23	2.27	3.42	
599	25.65	23.22	2.43	3.43	
600	25.98	23.23	2.75	3.43	
601	26.28	23.05	3.22	3.43	
602	26.36	22.88	3.48	3.43	
603	26.41	22.73	3.67	3.43	
604	26.49	22.80	3.69	3.44	
605	26.58	22.90	3.68	3.44	
606	26.70	23.00	3.70	3.43	
607	26.66	23.07	3.59	3.43	
608	26.52	22.97	3.55	3.42	
609	27.09	22.84	4.25	3.41	
610	27.14	22.71	4.43	3.40	
611	27.15	22.67	4.48	3.40	
612	27.13	22.92	4.21	3.39	
613	27.05	23.18	3.86	3.37	
614	27.21	23.43	3.79	3.36	
615	27.17	23.34	3.83	3.35	
616	27.05	23.14	3.91	3.34	
617	26.91	22.94	3.97	3.33	
618	26.73	22.73	4.00	3.32	
619	26.56	22.58	3.99	3.32	
620	26.42	22.77	3.65	3.32	
621	26.34	22.98	3.35	3.32	
622	26.35	23.19	3.15	3.32	
623	26.22	23.15	3.07	3.32	
624	26.02	22.84	3.18	3.32	
625	25.91	22.54	3.38	3.32	
626	25.65	22.24	3.40	3.32	
627	25.01	22.06	2.95	3.33	
628	24.66	21.90	2.76	3.35	
629	24.59	21.75	2.84	3.37	
630	24.62	21.65	2.97	3.38	
631	24.92	21.58	3.34	3.40	
632	25.19	21.52	3.68	3.42	
633	25.16	21.47	3.69	3.43	
634	24.95	21.44	3.52	3.43	
635	24.30	21.39	2.90	3.43	
636	25.12	21.32	3.80	3.43	
637	25.20	21.23	3.97	3.43	
638	25.06	21.23	3.83	3.43	
639	25.18	21.27	3.92	3.44	
640	25.15	21.30	3.85	3.44	
641	24.49	21.30	3.19	3.45	
642	25.23	21.30	3.93	3.45	
643	25.44	21.33	4.11	3.45	
644	25.41	21.38	4.03	3.46	
645	25.16	21.43	3.73	3.46	
646	25.00	21.48	3.52	3.47	
647	25.35	21.50	3.85	3.47	
648	25.68	21.50	4.18	3.48	
649	25.60	21.50	4.10	3.49	
650	25.33	21.53	3.81	3.49	
651	24.62	21.64	2.98	3.50	
652	24.85	21.63	3.22	3.50	
653	25.25	21.57	3.68	3.50	
654	25.55	21.89	3.66	3.50	
655	25.57	22.02	3.55	3.50	
656	25.23	21.85	3.38	3.50	
657	25.27	22.01	3.26	3.49	
658	25.56	22.24	3.32	3.49	
659	25.57	22.45	3.12	3.49	
660	25.57	22.35	3.21	3.48	
661	25.60	22.16	3.44	3.46	
662	25.37	22.29	3.08	3.45	
663	25.19	22.44	2.76	3.44	
664	25.56	22.48	3.08	3.43	
665	25.73	22.37	3.36	3.42	
666	25.86	22.61	3.25	3.40	
667	25.89	22.80	3.09	3.39	
668	25.91	22.90	3.01	3.37	
669	25.95	22.88	3.06	3.36	
670	25.97	22.74	3.23	3.34	
671	25.93	22.81	3.12	3.33	
672	25.91	22.87	3.04	3.32	
673	26.05	22.91	3.14	3.31	
674	25.71	22.98	2.72	3.30	
675	25.91	23.06	2.84	3.28	
676	26.78	23.25	3.52	3.27	
677	27.24	23.42	3.82	3.26	
678	27.24	23.18	4.05	3.25	
679	27.18	23.05	4.13	3.24	
680	26.35	23.16	3.19	3.23	
681	26.71	23.10	3.60	3.22	
682	26.66	23.15	3.51	3.20	
683	26.15	23.33	2.83	3.18	
684	26.50	23.51	2.98	3.16	
685	26.23	23.44	2.79	3.15	
686	25.97	23.12	2.86	3.14	
687	26.24	22.81	3.43	3.12	
688	26.43	22.78	3.65	3.10	
689	26.29	22.90	3.40	3.08	
690	27.02	23.01	4.01	3.07	
691	27.12	23.13	3.99	3.04	
692	27.20	23.24	3.95	3.03	
693	26.87	23.31	3.56	3.00	
694	27.41	23.33	4.09	2.97	
695	27.24	23.35	3.89	2.95	
696	27.02	23.37	3.65	2.93	
697	26.82	23.39	3.44	2.91	
698	26.69	23.56	3.12	2.89	
699	26.61	23.67	2.94	2.88	
700	26.49	23.62	2.87	2.87	
701	26.99	23.58	3.41	2.87	
702	27.23	23.53	3.70	2.88	
703	26.84	23.50	3.35	2.89	
704	26.88	23.48	3.40	2.90	
705	27.21	23.46	3.75	2.91	
706	26.97	23.44	3.53	2.92	
707	26.80	23.43	3.38	2.93	
708	26.66	23.41	3.25	2.94	
709	26.56	23.32	3.23	2.95	
710	26.25	23.17	3.08	2.96	
711	26.18	23.02	3.16	2.97	
712	25.94	22.87	3.07	2.98	
713	25.68	22.72	2.96	2.99	
714	25.29	22.56	2.72	2.99	
715	25.24	22.41	2.83	3.00	
716	24.65	22.26	2.39	2.99	
717	24.48	22.11	2.37	2.99	
718	24.51	21.95	2.55	2.99	
719	24.47	21.83	2.63	2.99	
720	24.43	21.93	2.50	2.99	
721	24.38	21.94	2.45	2.99	
722	24.40	21.98	2.43	3.00	
723	24.50	22.73	1.77	3.01	
724	24.59	22.81	1.78	3.01	
725	24.68	22.72	1.96	3.01	
726	24.75	22.78	1.97	3.00	
727	24.78	22.86	1.92	2.99	
728	24.81	22.94	1.86	2.99	
729	24.84	22.98	1.86	2.98	
730	24.78	22.92	1.86	2.97	
731	24.65	22.85	1.80	2.95	
732	24.53	22.79	1.74	2.93	
733	24.44	22.73	1.72	2.91	
734	24.51	22.66	1.85	2.90	
735	24.59	22.60	1.99	2.88	
736	24.58	22.53	2.05	2.87	
737	24.55	22.47	2.08	2.87	
738	24.53	22.46	2.07	2.85	
739	24.57	22.59	1.98	2.84	
740	24.58	22.57	2.01	2.83	
741	24.29	22.55	1.74	2.82	
742	23.89	22.54	1.35	2.82	
743	23.71	22.52	1.19	2.81	
744	23.86	22.50	1.37	2.80	
745	24.03	22.46	1.57	2.79	
746	24.20	22.42	1.78	2.78	
747	24.38	22.45	1.93	2.78	
748	24.55	22.55	2.00	2.77	
749	24.73	22.09	2.65	2.77	
750	24.90	21.40	3.50	2.77	
751	25.05	21.21	3.84	2.76	
752	25.20	21.12	4.08	2.75	
753	25.34	21.16	4.19	2.73	
754	25.49	21.20	4.29	2.71	
755	25.64	21.20	4.44	2.70	
756	25.78	21.20	4.58	2.68	
757	25.80	21.23	4.58	2.66	
758	25.78	21.30	4.48	2.65	
759	25.76	21.37	4.39	2.64	
760	25.74	21.47	4.27	2.63	
761	25.73	21.59	4.13	2.62	
762	25.71	21.72	3.99	2.61	
763	25.70	21.87	3.83	2.59	
764	25.70	22.09	3.61	2.58	
765	25.68	22.31	3.37	2.57	
766	25.60	22.50	3.10	2.56	
767	25.52	22.67	2.85	2.56	
768	25.65	22.81	2.84	2.55	
769	25.99	22.90	3.08	2.55	
770	26.27	22.97	3.30	2.55	
771	26.20	22.84	3.36	2.55	
772	26.47	22.67	3.80	2.55	
773	26.48	22.72	3.76	2.55	
774	26.01	22.92	3.09	2.55	
775	25.89	23.11	2.78	2.56	
776	25.82	23.29	2.53	2.56	
777	25.90	23.23	2.67	2.57	
778	25.99	22.83	3.16	2.58	
779	25.87	22.60	3.27	2.59	
780	25.70	22.90	2.80	2.60	
781	24.95	23.21	1.74	2.61	
782	24.75	23.44	1.31	2.63	
783	25.20	23.62	1.58	2.64	
784	24.74	23.33	1.41	2.65	
785	24.12	22.89	1.24	2.66	
786	24.20	22.44	1.76	2.67	
787	24.40	22.00	2.40	2.67	
788	23.90	21.56	2.34	2.68	
789	23.32	21.16	2.16	2.68	
790	23.57	20.90	2.67	2.68	
791	23.69	20.57	3.12	2.69	
792	23.40	20.20	3.20	2.69	
793	23.28	20.18	3.10	2.70	
794	23.44	20.27	3.17	2.71	
795	23.45	20.37	3.08	2.72	
796	23.30	20.46	2.84	2.72	
797	23.48	20.53	2.95	2.72	
798	23.87	20.59	3.28	2.73	
799	23.79	20.83	2.96	2.73	
800	23.54	21.16	2.38	2.73	
801	23.78	21.39	2.39	2.71	
802	23.88	21.58	2.30	2.69	
803	23.17	21.65	1.52	2.67	
804	23.14	21.70	1.44	2.65	
805	23.66	21.81	1.85	2.62	
806	23.73	21.93	1.80	2.60	
807	23.88	22.02	1.86	2.57	
808	24.45	22.06	2.39	2.53	
809	24.51	22.11	2.40	2.50	
810	24.31	22.23	2.08	2.47	
811	24.32	22.35	1.97	2.44	
812	24.37	22.47	1.90	2.41	
813	24.41	22.58	1.82	2.38	
814	24.43	22.69	1.74	2.36	
815	24.47	22.74	1.73	2.34	
816	24.62	22.78	1.83	2.31	
817	24.62	22.74	1.88	2.28	
818	24.48	22.65	1.84	2.25	
819	24.82	22.55	2.27	2.23	
820	25.14	22.49	2.66	2.20	
821	24.88	22.43	2.44	2.18	
822	24.76	22.38	2.38	2.15	
823	24.79	22.33	2.46	2.12	
824	24.57	22.27	2.30	2.10	
825	24.34	22.22	2.12	2.08	
826	24.49	22.22	2.27	2.06	
827	24.79	22.25	2.54	2.05	
828	25.10	22.29	2.82	2.03	
829	25.16	22.23	2.93	2.01	
830	25.17	22.11	3.06	1.99	
831	25.18	21.98	3.20	1.97	
832	25.19	21.96	3.23	1.97	
833	25.20	22.14	3.07	1.97	
834	25.21	22.32	2.90	1.97	
835	25.22	22.48	2.74	1.97	
836	25.24	22.56	2.68	1.97	
837	25.25	22.62	2.63	1.97	
838	25.26	22.68	2.58	1.97	
839	25.27	22.79	2.48	1.96	
840	25.28	22.93	2.35	1.96	
841	25.29	23.07	2.22	1.95	
842	25.30	23.18	2.12	1.94	
843	25.31	23.17	2.14	1.92	
844	25.32	23.14	2.18	1.91	
845	25.25	23.11	2.14	1.90	
846	24.92	23.02	1.90	1.88	
847	25.03	22.89	2.14	1.87	
848	25.24	22.77	2.48	1.85	
849	25.32	22.65	2.68	1.84	
850	25.14	22.80	2.34	1.82	
851	24.75	23.09	1.66	1.81	
852	25.16	23.37	1.78	1.80	
853	25.64	23.62	2.02	1.79	
854	25.60	23.76	1.84	1.79	
855	25.58	23.89	1.68	1.80	
856	25.63	24.02	1.61	1.80	
857	25.67	24.11	1.56	1.80	
858	25.69	24.20	1.49	1.81	
859	25.66	24.28	1.38	1.82	
860	25.53	24.22	1.31	1.83	
861	25.24	24.14	1.10	1.84	
862	25.04	24.05	0.99	1.86	
863	24.94	23.84	1.10	1.87	
864	24.66	23.35	1.31	1.89	
865	24.23	22.85	1.38	1.90	
866	23.23	22.35	0.88	1.92	
867	22.19	22.05	0.15	1.93	
868	22.09	21.94	0.16	1.93	
869	22.16	21.83	0.33	1.93	
870	22.23	21.74	0.49	1.93	
871	22.29	21.76	0.53	1.93	
872	22.36	21.62	0.74	1.93	
873	22.43	21.46	0.97	1.93	
874	22.49	21.31	1.19	1.93	
875	22.52	21.23	1.29	1.92	
876	22.53	21.31	1.22	1.93	
877	22.53	21.40	1.14	1.92	
878	22.54	21.48	1.06	1.92	
879	22.54	21.50	1.04	1.91	
880	22.55	21.50	1.05	1.90	
881	22.62	21.50	1.12	1.88	
882	22.75	21.50	1.25	1.86	
883	22.87	21.52	1.35	1.84	
884	22.99	21.62	1.37	1.82	
885	23.12	21.66	1.46	1.80	
886	23.24	21.56	1.69	1.78	
887	23.30	21.48	1.82	1.76	
888	23.29	21.43	1.87	1.74	
889	23.29	21.42	1.87	1.73	
890	23.28	21.46	1.82	1.72	
891	23.28	21.50	1.78	1.70	
892	23.27	21.52	1.75	1.69	
893	23.28	21.54	1.74	1.68	
894	23.31	21.56	1.75	1.66	
895	23.33	21.58	1.76	1.65	
896	23.36	21.61	1.75	1.63	
897	23.38	21.81	1.57	1.62	
898	23.41	22.04	1.36	1.61	
899	23.47	22.15	1.32	1.59	
900	23.58	22.00	1.58	1.57	
901	23.69	22.08	1.61	1.56	
902	23.80	22.55	1.25	1.55	
903	23.90	22.51	1.39	1.55	
904	24.01	22.50	1.51	1.54	
905	24.11	22.40	1.71	1.53	
906	24.19	22.14	2.05	1.53	
907	24.26	21.88	2.38	1.53	
908	24.34	21.64	2.70	1.53	
909	24.42	21.43	2.98	1.54	
910	24.49	21.23	3.26	1.55	
911	24.51	21.02	3.48	1.56	
912	24.36	20.85	3.51	1.57	
913	24.21	20.69	3.52	1.58	
914	24.06	20.55	3.51	1.59	
915	23.91	20.64	3.27	1.59	
916	23.76	20.79	2.97	1.59	
917	23.68	20.89	2.79	1.60	
918	23.82	21.64	2.18	1.61	
919	23.97	21.90	2.06	1.62	
920	24.11	22.09	2.02	1.64	
921	24.26	21.90	2.36	1.65	
922	24.41	21.92	2.48	1.67	
923	24.50	22.03	2.48	1.68	
924	24.47	22.13	2.34	1.69	
925	24.42	22.20	2.22	1.70	
926	24.38	22.20	2.18	1.70	
927	24.34	22.20	2.14	1.71	
928	24.29	22.24	2.05	1.72	
929	24.25	22.43	1.82	1.74	
930	24.22	22.64	1.58	1.76	
931	24.19	22.85	1.34	1.77	
932	24.16	23.02	1.14	1.79	
933	24.13	23.10	1.03	1.80	
934	24.10	23.18	0.92	1.81	
935	24.15	23.26	0.89	1.81	
936	24.22	23.31	0.91	1.82	
937	24.30	23.33	0.96	1.82	
938	24.37	23.36	1.01	1.83	
939	24.45	23.38	1.07	1.82	
940	24.52	23.43	1.09	1.82	
941	24.59	23.58	1.02	1.82	
942	24.66	23.72	0.94	1.81	
943	24.73	23.87	0.86	1.81	
944	24.79	24.01	0.78	1.80	
945	24.86	24.16	0.70	1.80	
946	24.94	24.31	0.64	1.80	
947	25.06	24.45	0.60	1.80	
948	25.17	24.58	0.59	1.80	
949	25.28	24.57	0.71	1.81	
950	25.39	24.51	0.88	1.81	
951	25.50	24.45	1.05	1.82	
952	25.61	24.44	1.17	1.82	
953	25.72	24.61	1.10	1.83	
954	25.82	24.81	1.02	1.83	
955	25.93	24.92	1.01	1.84	
956	25.97	24.55	1.42	1.84	
957	25.89	24.10	1.79	1.83	
958	25.80	23.66	2.14	1.83	
959	25.72	23.37	2.35	1.81	
960	25.61	23.11	2.50	1.80	
961	25.40	22.94	2.46	1.78	
962	25.19	23.04	2.15	1.76	
963	24.97	23.15	1.82	1.74	
964	24.78	23.16	1.62	1.72	
965	24.69	23.08	1.61	1.70	
966	24.62	23.02	1.60	1.69	
967	24.55	23.06	1.49	1.67	
968	24.50	23.13	1.36	1.65	
969	24.52	23.12	1.40	1.65	
970	24.57	22.90	1.67	1.64	
971	24.62	22.77	1.85	1.63	
972	24.66	22.64	2.02	1.63	
973	24.67	22.62	2.05	1.62	
974	24.67	22.65	2.02	1.62	
975	24.67	22.68	1.99	1.61	
976	24.68	22.69	1.99	1.61	
977	24.81	22.66	2.15	1.61	
978	25.00	22.64	2.37	1.60	
979	25.19	22.61	2.59	1.60	
980	25.39	22.60	2.79	1.60	
981	25.38	22.60	2.78	1.59	
982	25.18	22.60	2.58	1.60	
983	24.98	22.60	2.38	1.60	
984	24.79	22.63	2.16	1.60	
985	24.69	22.67	2.02	1.60	
986	24.72	22.72	2.01	1.60	
987	24.76	22.76	2.00	1.60	
988	24.80	22.77	2.03	1.59	
989	24.77	22.97	1.80	1.59	
990	24.63	23.04	1.60	1.58	
991	24.49	23.06	1.42	1.57	
992	24.35	23.09	1.25	1.56	
993	24.30	23.16	1.15	1.55	
994	24.50	23.22	1.28	1.54	
995	24.71	23.24	1.46	1.53	
996	24.91	23.27	1.65	1.52	
997	25.05	23.29	1.76	1.51	
998	24.92	22.97	1.95	1.51	
999	24.77	22.79	1.98	1.51	
1000	24.62	22.67	1.95	1.51	
1001	24.49	22.56	1.93	1.51	
1002	24.43	22.45	1.98	1.51	
1003	24.37	22.40	1.97	1.52	
1004	24.32	22.41	1.91	1.54	
1005	24.27	22.43	1.84	1.56	
1006	24.20	22.45	1.75	1.58	
1007	24.13	22.47	1.67	1.60	
1008	24.06	22.49	1.58	1.63	
1009	24.00	22.40	1.59	1.65	
1010	23.96	22.36	1.60	1.67	
1011	24.01	22.44	1.56	1.68	
1012	24.07	22.53	1.54	1.68	
1013	24.13	22.61	1.51	1.69	
1014	24.18	22.70	1.48	1.69	
1015	24.24	22.82	1.42	1.69	
1016	24.30	22.94	1.36	1.69	
1017	24.36	23.06	1.30	1.69	
1018	24.46	23.17	1.29	1.68	
1019	24.63	23.29	1.34	1.68	
1020	24.81	23.39	1.42	1.67	
1021	24.98	23.40	1.58	1.66	
1022	25.12	23.40	1.72	1.66	
1023	25.21	23.40	1.81	1.65	
1024	25.30	23.40	1.90	1.65	
1025	25.38	23.40	1.98	1.64	
1026	25.41	23.40	2.01	1.63	
1027	25.28	23.40	1.88	1.62	
1028	25.14	23.40	1.74	1.61	
1029	25.00	23.40	1.60	1.59	
1030	24.89	23.40	1.49	1.57	
1031	24.91	23.42	1.48	1.54	
1032	24.93	23.50	1.43	1.52	
1033	24.95	23.59	1.36	1.50	
1034	24.94	23.67	1.27	1.48	
1035	24.80	23.76	1.04	1.47	
1036	24.64	23.80	0.84	1.46	
1037	24.48	23.80	0.68	1.45	
1038	24.33	23.80	0.53	1.44	
1039	24.22	23.80	0.42	1.43	
1040	24.12	23.80	0.32	1.42	
1041	24.03	23.80	0.23	1.42	
1042	23.93	23.80	0.13	1.42	
1043	23.74	23.75	0.00	1.42	
1044	23.52	23.64	-0.12	1.43	
1045	23.30	23.53	-0.24	1.43	
1046	23.08	23.44	-0.36	1.43	
1047	23.08	23.36	-0.28	1.43	
1048	23.21	23.22	-0.01	1.44	
1049	23.34	22.89	0.45	1.44	
1050	23.47	22.57	0.90	1.45	
1051	23.61	22.55	1.06	1.45	
1052	23.77	22.48	1.29	1.45	
1053	23.94	21.91	2.03	1.45	
1054	24.10	21.45	2.64	1.45	
1055	24.37	21.53	2.85	1.45	
1056	24.77	21.54	3.22	1.46	
1057	25.16	21.37	3.79	1.46	
1058	25.55	21.30	4.25	1.46	
1059	25.80	21.35	4.45	1.46	
1060	25.83	21.71	4.12	1.45	
1061	25.86	22.17	3.69	1.44	
1062	25.89	22.73	3.16	1.43	
1063	25.89	23.23	2.66	1.43	
1064	25.83	23.68	2.15	1.42	
1065	25.77	24.10	1.68	1.42	
1066	25.72	24.25	1.47	1.41	
1067	25.68	24.37	1.30	1.41	
1068	25.69	24.67	1.01	1.41	
1069	25.70	24.95	0.75	1.41	
1070	25.72	25.12	0.59	1.40	
1071	25.74	24.83	0.91	1.39	
1072	25.81	24.51	1.31	1.38	
1073	25.89	24.36	1.53	1.37	
1074	25.96	24.43	1.53	1.36	
1075	25.98	24.64	1.34	1.36	
1076	25.75	24.62	1.12	1.36	
1077	25.48	24.53	0.94	1.36	
1078	25.20	24.50	0.70	1.37	
1079	24.94	24.50	0.45	1.37	
1080	24.86	24.46	0.39	1.39	
1081	24.83	24.41	0.41	1.40	
1082	24.80	24.33	0.46	1.41	
1083	24.77	24.24	0.53	1.43	
1084	24.67	24.03	0.64	1.44	
1085	24.54	23.75	0.79	1.45	
1086	24.41	23.50	0.91	1.45	
1087	24.29	23.37	0.92	1.46	
1088	24.29	23.26	1.03	1.47	
1089	24.38	23.20	1.18	1.48	
1090	24.46	23.20	1.26	1.50	
1091	24.54	23.19	1.36	1.51	
1092	24.54	23.05	1.49	1.52	
1093	24.46	22.94	1.52	1.54	
1094	24.39	22.83	1.55	1.55	
1095	24.31	22.78	1.53	1.57	
1096	24.36	22.75	1.62	1.60	
1097	24.57	22.71	1.86	1.63	
1098	24.77	22.70	2.07	1.65	
1099	24.98	22.70	2.28	1.67	
1100	25.12	22.72	2.40	1.68	
1101	25.15	22.87	2.28	1.68	
1102	25.17	23.03	2.14	1.69	
1103	25.19	23.13	2.06	1.69	
1104	25.24	23.18	2.06	1.68	
1105	25.40	23.31	2.09	1.68	
1106	25.57	23.53	2.04	1.67	
1107	25.75	23.76	1.99	1.66	
1108	25.88	23.97	1.90	1.64	
1109	25.59	24.15	1.44	1.61	
1110	25.20	24.27	0.93	1.59	
1111	24.81	24.18	0.63	1.56	
1112	24.64	24.03	0.61	1.54	
1113	24.56	23.79	0.77	1.53	
1114	24.48	23.54	0.95	1.52	
1115	24.35	23.26	1.09	1.52	
1116	24.18	23.08	1.10	1.52	
1117	24.18	23.04	1.14	1.52	
1118	24.17	22.99	1.17	1.52	
1119	23.94	22.92	1.02	1.52	
1120	23.61	22.83	0.78	1.52	
1121	23.12	22.76	0.36	1.52	
1122	23.15	22.66	0.49	1.52	
1123	23.03	22.55	0.48	1.51	
1124	23.71	22.44	1.27	1.51	
1125	23.73	22.25	1.48	1.50	
1126	24.06	22.06	2.00	1.49	
1127	24.10	21.91	2.19	1.49	
1128	24.14	21.78	2.36	1.49	
1129	24.28	21.65	2.62	1.50	
1130	24.44	21.69	2.76	1.51	
1131	24.64	21.83	2.81	1.52	
1132	24.95	21.97	2.98	1.52	
1133	25.05	22.07	2.98	1.53	
1134	24.52	22.16	2.37	1.54	
1135	24.19	22.22	1.97	1.55	
1136	24.05	22.26	1.78	1.56	
1137	23.93	22.30	1.62	1.57	
1138	24.05	22.35	1.70	1.58	
1139	24.27	22.42	1.85	1.59	
1140	24.32	22.70	1.62	1.59	
1141	24.45	23.03	1.41	1.60	
1142	24.81	23.17	1.64	1.61	
1143	24.78	23.12	1.66	1.63	
1144	24.51	22.99	1.52	1.64	
1145	24.78	22.81	1.97	1.66	
1146	25.10	22.73	2.37	1.68	
1147	25.22	22.82	2.40	1.70	
1148	25.31	22.91	2.41	1.71	
1149	24.64	23.03	1.62	1.72	
1150	24.39	23.15	1.24	1.73	
1151	24.62	23.22	1.40	1.73	
1152	24.80	23.27	1.53	1.72	
1153	24.91	23.26	1.64	1.72	
1154	24.81	23.15	1.66	1.71	
1155	24.72	23.04	1.68	1.69	
1156	25.15	23.18	1.97	1.67	
1157	25.68	23.44	2.24	1.66	
1158	25.67	23.68	1.99	1.64	
1159	25.62	23.88	1.74	1.63	
1160	25.64	24.06	1.58	1.62	
1161	25.71	24.06	1.65	1.61	
1162	25.82	24.02	1.80	1.62	
1163	25.92	24.11	1.81	1.62	
1164	26.03	24.27	1.76	1.63	
1165	26.14	24.41	1.73	1.64	
1166	26.17	24.55	1.63	1.65	
1167	26.16	24.67	1.49	1.65	
1168	26.15	24.78	1.37	1.66	
1169	26.14	24.91	1.22	1.66	
1170	26.13	25.06	1.07	1.66	
1171	26.15	25.30	0.85	1.67	
1172	26.19	25.58	0.61	1.68	
1173	26.24	25.64	0.60	1.68	
1174	26.29	25.55	0.74	1.68	
1175	26.34	25.64	0.70	1.67	
1176	26.33	25.65	0.68	1.66	
1177	26.27	25.28	0.99	1.65	
1178	26.21	24.94	1.27	1.63	
1179	26.15	24.86	1.29	1.62	
1180	26.09	24.82	1.27	1.61	
1181	26.08	24.89	1.19	1.59	
1182	26.11	25.02	1.09	1.58	
1183	26.14	24.99	1.15	1.56	
1184	26.17	24.72	1.44	1.54	
1185	26.20	24.46	1.73	1.53	
1186	26.18	24.37	1.82	1.52	
1187	26.13	24.33	1.81	1.52	
1188	26.09	24.26	1.83	1.51	
1189	26.04	24.14	1.89	1.51	
1190	25.99	24.03	1.96	1.51	
1191	26.01	23.83	2.18	1.51	
1192	26.07	23.59	2.48	1.52	
1193	26.13	23.35	2.78	1.52	
1194	26.19	23.11	3.08	1.52	
1195	26.25	22.86	3.38	1.53	
1196	26.16	22.62	3.54	1.52	
1197	25.99	22.53	3.46	1.51	
1198	25.82	22.58	3.24	1.50	
1199	25.65	22.63	3.02	1.49	
1200	25.48	22.68	2.80	1.48	
1201	25.29	22.85	2.44	1.48	
1202	25.09	23.14	1.95	1.48	
1203	24.90	23.44	1.46	1.48	
1204	24.70	23.73	0.97	1.48	
1205	24.51	23.98	0.53	1.48	
1206	24.44	24.00	0.44	1.49	
1207	24.42	24.00	0.42	1.49	
1208	24.40	24.00	0.40	1.49	
1209	24.38	24.00	0.38	1.49	
1210	24.37	23.99	0.38	1.49	
1211	24.54	23.93	0.61	1.50	
1212	24.79	23.86	0.93	1.50	
1213	25.03	23.79	1.25	1.51	
1214	25.28	23.71	1.57	1.51	
1215	25.51	23.64	1.87	1.52	
1216	25.43	23.59	1.84	1.52	
1217	25.25	23.54	1.71	1.53	
1218	25.06	23.48	1.58	1.54	
1219	24.87	23.42	1.45	1.54	
1220	24.69	23.36	1.33	1.55	
1221	24.67	23.36	1.32	1.56	
1222	24.72	23.62	1.09	1.57	
1223	24.76	23.92	0.84	1.57	
1224	24.80	24.21	0.59	1.58	
1225	24.86	24.51	0.36	1.59	
1226	25.18	24.79	0.40	1.61	
1227	25.59	24.99	0.60	1.62	
1228	25.99	25.17	0.82	1.64	
1229	26.39	25.36	1.03	1.65	
1230	26.77	25.54	1.23	1.67	
1231	26.92	25.66	1.26	1.69	
1232	27.00	25.75	1.25	1.71	
1233	27.07	25.83	1.24	1.73	
1234	27.15	25.91	1.24	1.74	
1235	27.23	25.98	1.25	1.76	
1236	27.25	26.04	1.21	1.77	
1237	27.26	26.07	1.19	1.78	
1238	27.27	25.93	1.35	1.79	
1239	27.29	25.76	1.53	1.80	
1240	27.28	25.58	1.71	1.82	
1241	27.16	25.36	1.80	1.83	
1242	27.01	25.15	1.86	1.85	
1243	26.86	24.96	1.90	1.86	
1244	26.71	24.81	1.90	1.86	
1245	26.54	24.66	1.88	1.86	
1246	26.25	24.57	1.68	1.85	
1247	25.94	24.52	1.43	1.84	
1248	25.63	24.46	1.17	1.83	
1249	25.32	24.40	0.92	1.82	
1250	25.02	24.13	0.89	1.81	
1251	24.85	23.80	1.05	1.80	
1252	24.70	23.39	1.31	1.80	
1253	24.54	22.87	1.67	1.81	
1254	24.39	22.46	1.93	1.82	
1255	24.26	22.45	1.81	1.84	
1256	24.24	22.26	1.98	1.86	
1257	24.24	22.11	2.13	1.88	
1258	24.24	22.10	2.14	1.91	
1259	24.14	21.99	2.15	1.93	
1260	24.01	21.77	2.24	1.96	
1261	23.87	21.64	2.24	1.99	
1262	23.86	21.74	2.12	2.01	
1263	24.04	21.85	2.19	2.02	
1264	24.22	21.99	2.23	2.03	
1265	24.37	22.14	2.23	2.03	
1266	24.37	22.10	2.27	2.04	
1267	24.35	22.10	2.25	2.04	
1268	24.34	22.19	2.15	2.04	
1269	24.44	22.33	2.11	2.04	
1270	24.59	22.55	2.04	2.04	
1271	24.74	22.86	1.87	2.03	
1272	24.85	23.17	1.67	2.03	
1273	24.91	23.48	1.43	2.02	
1274	24.98	23.61	1.36	2.03	
1275	25.06	23.36	1.70	2.04	
1276	25.24	23.14	2.10	2.05	
1277	25.42	23.15	2.28	2.08	
1278	25.61	23.18	2.43	2.10	
1279	25.80	23.07	2.72	2.12	
1280	25.99	22.94	3.05	2.13	
1281	26.18	23.03	3.16	2.14	
1282	26.37	23.17	3.20	2.16	
1283	26.39	23.28	3.11	2.17	
1284	26.35	23.37	2.98	2.18	
1285	26.31	23.40	2.91	2.19	
1286	26.27	23.41	2.86	2.19	
1287	26.31	23.50	2.81	2.20	
1288	26.49	23.50	2.99	2.21	
1289	26.69	23.52	3.16	2.21	
1290	26.88	23.57	3.30	2.22	
1291	27.04	23.51	3.52	2.22	
1292	26.87	23.24	3.63	2.22	
1293	26.63	23.26	3.37	2.22	
1294	26.38	23.21	3.17	2.22	
1295	26.14	23.18	2.96	2.22	
1296	25.92	23.13	2.79	2.22	
1297	25.75	23.20	2.55	2.21	
1298	25.58	23.45	2.13	2.22	
1299	25.41	23.31	2.10	2.23	
1300	25.28	23.33	1.95	2.25	
1301	25.36	23.36	2.00	2.26	
1302	25.49	23.09	2.40	2.26	
1303	25.61	23.15	2.46	2.26	
1304	25.73	23.05	2.68	2.26	
1305	25.86	23.19	2.67	2.25	
1306	25.98	23.20	2.78	2.25	
1307	26.10	23.10	3.00	2.25	
1308	26.22	23.16	3.06	2.24	
1309	26.31	23.31	3.00	2.22	
1310	26.24	23.33	2.91	2.21	
1311	26.15	23.09	3.06	2.19	
1312	26.07	23.38	2.69	2.19	
1313	25.99	23.76	2.23	2.18	
1314	25.94	23.87	2.08	2.18	
1315	25.95	23.82	2.14	2.18	
1316	25.96	23.82	2.14	2.18	
1317	25.97	23.94	2.03	2.19	
1318	25.87	23.88	1.99	2.20	
1319	25.70	24.03	1.68	2.22	
1320	25.54	24.45	1.09	2.24	
1321	25.55	24.87	0.68	2.26	
1322	25.76	25.12	0.64	2.28	
1323	25.98	25.24	0.74	2.30	
1324	26.13	24.96	1.17	2.33	
1325	26.16	24.47	1.69	2.35	
1326	26.20	23.95	2.25	2.37	
1327	26.23	23.71	2.52	2.37	
1328	26.26	23.57	2.69	2.37	
1329	26.29	23.52	2.77	2.36	
1330	26.21	23.56	2.65	2.35	
1331	26.11	23.60	2.51	2.33	
1332	26.00	23.60	2.40	2.31	
1333	25.90	23.58	2.32	2.29	
1334	25.80	23.54	2.26	2.26	
1335	25.70	23.51	2.19	2.25	
1336	25.59	23.53	2.06	2.24	
1337	25.49	23.57	1.92	2.23	
1338	25.49	23.60	1.89	2.24	
1339	25.55	23.60	1.95	2.23	
1340	25.61	23.60	2.01	2.22	
1341	25.65	23.61	2.04	2.20	
1342	25.67	23.70	1.96	2.18	
1343	25.69	23.81	1.88	2.17	
1344	25.69	23.90	1.78	2.16	
1345	25.65	24.02	1.63	2.15	
1346	25.61	24.15	1.46	2.13	
1347	25.77	24.36	1.42	2.12	
1348	26.48	24.62	1.86	2.11	
1349	27.21	24.85	2.36	2.11	
1350	27.73	25.03	2.70	2.10	
1351	27.31	25.18	2.12	2.10	
1352	26.78	25.25	1.53	2.09	
1353	26.35	25.30	1.05	2.08	
1354	26.54	25.35	1.19	2.07	
1355	26.84	25.39	1.45	2.05	
1356	27.14	25.47	1.67	2.04	
1357	27.07	25.56	1.52	2.02	
1358	26.83	25.70	1.13	2.00	
1359	26.59	25.91	0.68	1.98	
1360	26.73	26.12	0.62	1.95	
1361	27.18	26.18	1.00	1.94	
1362	27.63	26.14	1.48	1.92	
1363	27.75	26.10	1.65	1.91	
1364	27.46	25.68	1.78	1.90	
1365	27.17	25.08	2.09	1.89	
1366	27.05	24.49	2.56	1.88	
1367	27.26	24.08	3.18	1.88	
1368	27.49	23.78	3.71	1.87	
1369	27.61	23.51	4.10	1.86	
1370	27.44	23.40	4.03	1.86	
1371	27.24	23.32	3.92	1.87	
1372	27.09	23.27	3.82	1.87	
1373	27.12	23.21	3.91	1.88	
1374	27.18	23.20	3.98	1.88	
1375	27.15	23.20	3.95	1.89	
1376	26.48	23.18	3.30	1.88	
1377	25.67	23.13	2.54	1.87	
1378	24.90	23.16	1.74	1.86	
1379	24.82	23.31	1.51	1.85	
1380	24.97	23.50	1.47	1.84	
1381	25.11	23.74	1.38	1.84	
1382	24.99	23.93	1.06	1.83	
1383	24.63	23.72	0.91	1.83	
1384	24.27	23.42	0.86	1.83	
1385	24.38	23.21	1.18	1.83	
1386	25.17	23.20	1.97	1.83	
1387	25.95	23.20	2.75	1.83	
1388	26.35	23.28	3.06	1.82	
1389	25.87	23.42	2.45	1.82	
1390	25.37	23.56	1.81	1.82	
1391	25.07	23.69	1.38	1.82	
1392	25.45	23.76	1.69	1.82	
1393	25.90	23.82	2.08	1.82	
1394	26.25	23.88	2.37	1.82	
1395	26.11	23.96	2.15	1.82	
1396	25.90	24.04	1.86	1.82	
1397	25.71	24.13	1.58	1.82	
1398	25.69	24.19	1.49	1.82	
1399	25.71	24.20	1.51	1.81	
1400	25.72	24.20	1.52	1.79	
1401	25.67	24.20	1.47	1.76	
1402	25.60	24.20	1.40	1.73	
1403	25.53	24.22	1.31	1.71	
1404	25.46	24.24	1.22	1.70	
1405	25.40	24.27	1.14	1.69	
1406	25.35	24.29	1.05	1.68	
1407	25.28	24.30	0.98	1.68	
1408	25.17	24.26	0.91	1.67	
1409	25.07	24.17	0.89	1.68	
1410	25.00	24.08	0.91	1.68	
1411	25.08	23.97	1.11	1.69	
1412	25.17	23.88	1.29	1.69	
1413	25.25	23.86	1.39	1.68	
1414	25.25	23.84	1.41	1.68	
1415	25.23	23.81	1.42	1.67	
1416	25.21	23.87	1.35	1.66	
1417	25.22	23.88	1.34	1.64	
1418	25.23	23.85	1.38	1.61	
1419	25.24	23.83	1.41	1.58	
1420	25.29	23.82	1.47	1.56	
1421	25.36	23.94	1.42	1.54	
1422	25.42	24.01	1.41	1.52	
1423	25.44	24.09	1.36	1.50	
1424	25.43	24.16	1.27	1.49	
1425	25.43	24.18	1.24	1.47	
1426	25.45	24.12	1.33	1.46	
1427	25.52	24.06	1.46	1.45	
1428	25.59	24.05	1.54	1.45	
1429	25.67	24.04	1.62	1.45	
1430	25.79	23.98	1.81	1.45	
1431	25.91	23.94	1.98	1.45	
1432	26.04	24.00	2.04	1.45	
1433	26.20	24.00	2.20	1.45	
1434	26.35	24.06	2.30	1.45	
1435	26.49	24.29	2.20	1.45	
1436	26.47	24.49	1.98	1.44	
1437	26.41	24.58	1.82	1.43	
1438	26.37	24.68	1.69	1.41	
1439	26.37	24.67	1.70	1.38	
1440	26.38	24.63	1.76	1.36	
1441	26.41	24.60	1.81	1.35	
1442	26.46	24.60	1.86	1.33	
1443	26.52	24.60	1.91	1.32	
1444	26.60	24.69	1.91	1.30	
1445	26.69	24.81	1.87	1.29	
1446	26.70	24.91	1.79	1.28	
1447	26.50	24.95	1.55	1.29	
1448	26.28	24.99	1.28	1.30	
1449	26.03	25.22	0.81	1.32	
1450	25.74	25.52	0.22	1.33	
1451	25.46	25.76	-0.30	NA	
1452	25.32	25.72	-0.40	NA	
1453	25.23	25.65	-0.42	NA	
1454	25.13	25.40	-0.26	NA	
1455	25.01	24.77	0.24	NA	
1456	24.89	24.15	0.74	NA	
1457	24.86	23.84	1.02	NA	
1458	24.96	23.64	1.32	NA	
1459	25.05	23.62	1.43	NA	
1460	25.11	23.97	1.14	NA	
1461	25.14	24.23	0.91	NA	
1462	25.17	24.06	1.11	NA	
1463	25.09	23.86	1.23	NA	
1464	24.98	23.89	1.08	NA	
1465	24.86	24.01	0.86	NA	
1466	24.79	24.10	0.69	NA	
1467	24.73	24.14	0.59	NA	
1468	24.75	24.18	0.57	NA	
1469	25.12	24.17	0.96	NA	
1470	25.54	24.07	1.47	NA	
1471	25.90	23.96	1.94	NA	
1472	26.05	23.93	2.13	NA	
1473	26.18	23.98	2.19	NA	
1474	26.33	24.05	2.29	NA	
1475	26.56	24.06	2.50	NA	
1476	26.78	24.11	2.67	NA	
1477	26.80	24.25	2.55	NA	
1478	26.55	24.39	2.16	NA	
1479	26.32	24.55	1.77	NA	
1480	26.29	24.72	1.57	NA	
1481	26.31	24.88	1.43	NA	
1482	26.31	25.02	1.29	NA	
1483	26.23	25.10	1.13	NA	
1484	26.13	25.18	0.95	NA	
1485	26.03	25.26	0.77	NA	
1486	25.94	25.29	0.65	NA	
1487	25.84	25.26	0.58	NA	
1488	25.74	25.23	0.51	NA	
1489	25.65	25.20	0.44	NA	
1490	25.55	25.16	0.39	NA	
1491	25.45	25.12	0.33	NA	
1492	25.35	25.07	0.28	NA	
1493	25.26	25.03	0.23	NA	
1494	25.16	24.82	0.34	NA	
1495	25.24	24.37	0.87	NA	
1496	25.70	23.93	1.77	NA	
1497	25.94	23.48	2.45	NA	
1498	25.87	23.03	2.84	NA	
1499	25.55	22.59	2.96	NA	
1500	25.40	22.14	3.26	NA	
