# NOAA Paleoclimatology Program - Paleocean Site Data
# e49-17-tab.txt
# Complete Data
# File Created: 18-Jan-2005
#
#*********************************************************************************
# Please cite the contributor and the original publications when using these data
#*********************************************************************************
#
# Missing Values indicated by '-999'
#
# PI:             William R. Howard
# Core/Site:      E49-17
# Latitude:       48.17.00S	( -48.28333)
# Longitude:      90.15.00E	( 90.25)
# Water Depth(m): 3542
#
# Publications:
#   Howard, W.R., and W.L. Prell. 1992. Late Quaternary surface circulation of the
#     southern Indian Ocean and its relationship to orbital variations. Paleoceanography
#     7:79-118.
#   Howard, W.R., and W.L. Prell. 1994. Late Quaternary carbonate production and
#     preservation in the Southern Ocean: implications for oceanic and atmospheric
#     carbon cycling. Paleoceanography 9:453-482.
#------------------
#
# Description & Notes:
#   Southern Indian Ocean circulation during the late Quaternary
#   
#
# Variables:
#             depth         Depth (cm)
#             yrBP          radiocarbon years B.P. (Libby half-life; B.P. = 1950)
#             carb%         Calcium Carbonate percent
#             cfrac%>150    Coarse fraction percent (>150 micron)
#             d13C          delta C13 PDB
#             d18O          delta O18 PDB
#             drysedwtg     Dry sediment weight (g)
#             Dsqchord      Squared-chord distance
#             forams%       Foraminifers percent
#             forams-b      Benthic Foraminifers (Count)
#             forams-b%     Benthic Foraminifers percent
#             forams/g      Foraminifers per gram
#             foramsfrag    Foraminifers Fragments
#             g.bull%       Globigerina bulloides percent
#             g.infla%      Globorotalia inflata percent
#             g.trc-l%      Globorotalia truncatulinoides (left coiling) percent
#             n.pachy-l%    Neogloboquadrina pachyderma (left coiling) percent
#             n.pachy-r%    Neogloboquadrina pachyderma (right coiling) percent
#             plank         Planktonic foraminifers (Count)
#             radio         Radiolarians (Count)
#             radio%        Radiolarians percent
#             split         Split
#             sst-aug       Sea Surface Temperature (C, August)
#             sst-feb       Sea Surface Temperature (C, February)
#             pd%           Globigerina pachyderma x Globoquadrina dutertrei intergrade percent
#             g.glut%       Globigerinita glutinata percent
#             g.quinq%      Globigerina quinquiloba percent
#             g.trc-r%      Globorotalia truncatulinoides (right coiling) percent
#             g.falco%      Globigerina falconensis percent
#             g.crass%      Globorotalia crassaformis percent
#             g.digit%      Globigerina digitata percent
#             g.hirsu%      Globorotalia hirsuta percent
#             o.univer%     Orbulina universa percent
#             g.duter%      Globoquadrina dutertrei percent
#             g.calid%      Globigerina calida percent
#             g.scit%       Globorotalia scitula percent
#             g.aequi%      Globigerinella aequilateralis percent
#
# CORE: E49-17
depth	yrBP 	carb%	cfrac%>150	d13C	d18O	drysedwtg	Dsqchord	Dsqchord_err	forams%	forams-b	forams-b%	forams/g	foramsfrag	g.bull%	g.infla%	g.trc-l%	n.pachy-l%	n.pachy-r%	plank	radio	radio%	split	sst-aug	sst-aug_err	sst-feb	sst-feb_err	pd%	g.glut%	g.quinq%	g.trc-r%	g.falco%	g.crass%	g.digit%	g.hirsu%	o.univer%	g.duter%	g.calid%	g.scit%	g.aequi%	notes
17	25000	9.6	2	0.79	3.37	3.01	0.08	0.03	34	12	4	765	560	23.7	25.8	0.4	49.8	0.4	288	450	61	0.125	3.37	1.4	6.37	2	-999	-999	-999	-999	-999	-999	-999	-999	-999	-999	-999	-999	-999	
27	-999	20.2	5.1	0.33	3.34	3.16	0.06	0.01	48.9	17	2.7	3101	640	20.7	13.9	-999	64.3	0.3	612	480	44	0.0625	2.63	1.6	6.06	2.1	0.8	-999	-999	-999	-999	-999	-999	-999	-999	-999	-999	-999	-999	
37	-999	18.5	4.4	0.23	3.33	2.57	0.05	0.02	74.5	6	1.5	5074	140	21.2	11.4	0.3	64.2	1.5	408	140	25.6	0.0313	2.63	1.6	6.06	2.1	1.2	0.3	-999	-999	-999	-999	-999	-999	-999	-999	-999	-999	-999	
47	-999	29.7	6.7	0.26	3.32	2.57	0.08	0.03	69.9	11	2.3	5787	200	30.2	12.3	0.4	53.9	1.5	465	80	14.7	0.0313	2.93	1.6	6.59	1.7	1.7	-999	-999	-999	-999	-999	-999	-999	-999	-999	-999	-999	-999	
57	-999	18.2	4.7	0.45	3.47	2.83	0.05	0.02	60.5	11	2.9	4162	240	19.4	7.6	0.3	70.6	1.1	368	140	27.6	0.0313	2.24	1.1	5.51	1.7	0.8	0.3	-999	-999	-999	-999	-999	-999	-999	-999	-999	-999	-999	
67	-999	28.2	6	0.06	3.42	3.13	0.06	0.02	69.2	3	0.6	5272	230	31.6	3.7	0.8	60.5	0.6	517	120	18.8	0.0313	2.74	1.3	6.71	2.1	1.4	0.8	0.8	-999	-999	-999	-999	-999	-999	-999	-999	-999	-999	
77	-999	24.5	4.9	-0.05	3.46	3.66	0.06	0.02	46.9	30	5.8	2123	550	30.9	10.5	0.8	56	1.2	486	440	47.5	0.0625	3.06	1.4	6.51	1.8	0.2	0.2	-999	0.2	-999	-999	-999	-999	-999	-999	-999	-999	-999	
87	-999	-999	-999	0.32	3.54	-999	0.06	0.02	-999	-999	-999	2052	-999	22.4	19.1	0.6	55.8	0.8	486	-999	-999	-999	2.85	1.4	6.19	1.8	1.2	-999	-999	-999	-999	-999	-999	-999	-999	-999	-999	-999	-999	
87	-999	21.3	9.8	0.54	3.27	3.79	-999	-999	70.9	43	8.1	-999	200	-999	-999	-999	-999	-999	-999	430	46.9	0.0625	-999	-999	-999	-999	-999	-999	-999	-999	-999	-999	-999	-999	-999	-999	-999	-999	-999	
97	-999	19.3	4.9	0.67	3.37	2.68	0.08	0.03	38.4	15	3.2	2673	720	32	15.2	1.8	47.9	1.8	448	290	39.3	0.0625	3	1.6	6.52	1.7	1.1	-999	-999	-999	0.2	-999	-999	-999	-999	-999	-999	-999	-999	
107	-999	29.5	8.5	0.67	3.35	2.8	0.09	0.03	42.4	11	2.6	4786	570	31.8	14.8	2.6	47.6	0.7	419	100	19.3	0.0313	3.24	1.4	6.72	1.6	2.4	-999	-999	-999	-999	-999	-999	-999	-999	-999	-999	-999	-999	
117	-999	31.7	6	0.36	3.22	2.81	0.06	0.02	58.3	9	1.8	5563	350	31.4	6.8	1.6	56.9	0.4	490	90	15.5	0.0313	2.93	1.6	6.59	1.7	1.4	1	0.2	0.2	-999	-999	-999	-999	-999	-999	-999	-999	-999	
127	-999	27	4.9	0.57	2.86	3.05	0.11	0.02	56.7	4	1.1	3835	280	22.5	10.1	14.4	48.8	1.4	366	50	12	0.0313	3.42	1.4	6.45	1.2	1.4	1.2	0.2	-999	-999	-999	-999	-999	-999	-999	-999	-999	-999	
137	-999	24.8	6	0.41	2.85	3.1	0.06	0.02	73.6	0	0	6529	170	27.2	6.4	1.5	61.2	1.5	473	50	9.6	0.0234	2.93	1.6	6.59	1.7	1.5	0.6	-999	0.2	-999	-999	-999	-999	-999	-999	-999	-999	-999	
147	-999	-999	-999	0.22	2.83	-999	0.05	0.02	-999	-999	-999	11723	-999	34.4	8.9	0.9	50.6	0.5	426	-999	-999	-999	3.53	1.5	6.62	1.8	1.2	2.6	0.9	-999	-999	-999	-999	-999	-999	-999	-999	-999	-999	
147	-999	44.7	12.2	0.17	2.9	3.11	-999	-999	87.7	3	0.7	-999	60	-999	-999	-999	-999	-999	-999	20	4.5	0.0117	-999	-999	-999	-999	-999	-999	-999	-999	-999	-999	-999	-999	-999	-999	-999	-999	-999	
157	53000	52.1	12.9	0	2.51	2.94	0.06	0.02	90.1	1	0.2	13178	50	41.2	9.2	1.6	39.2	-999	453	20	4.2	0.0117	5.06	1.4	7.39	1.6	1.3	3.8	3.6	0.2	-999	-999	-999	-999	-999	-999	-999	-999	-999	Event: 3.3
167	-999	53.8	18.1	0.09	2.65	2.82	0.05	0.02	87.9	0	0	32892	50	43.7	11.3	1.9	34.5	0.3	362	10	2.7	0.0117	4.69	1.1	6.75	0.9	0.6	4.4	3.3	-999	-999	-999	-999	-999	-999	-999	-999	-999	-999	
177	-999	53.9	11.9	0.15	2.81	2.87	0.08	0.01	83.6	3	0.8	10647	70	54.3	12.6	0.3	23.5	0.6	358	10	2.7	0.0117	5.49	1.2	7.21	0.9	1.4	2.8	4.5	-999	-999	-999	-999	-999	-999	-999	-999	-999	-999	
187	-999	46.6	14	0.26	2.97	2.75	0.09	0.01	80.7	2	0.6	10396	80	49	12.9	1.5	32.4	-999	334	40	10.7	0.0117	4.97	0.9	7.24	1	1.5	0.9	1.8	-999	-999	-999	-999	-999	-999	-999	-999	-999	-999	
197	-999	31.2	9	0.51	3.08	2.97	0.04	0.02	46.8	16	3.9	11392	450	23.4	10.2	0.5	62.9	1.5	396	220	35.7	0.0117	2.93	1.6	6.59	1.7	0.8	0.3	0.3	-999	-999	0.3	-999	-999	-999	-999	-999	-999	-999	
207	-999	21.2	4.7	0.36	2.88	2.86	0.04	0.02	44.6	16	3.6	2393	530	23.3	11.5	0.2	61.9	0.9	427	290	40.5	0.0625	2.72	1.5	6.21	1.8	0.7	0.9	0.2	-999	-999	-999	0.2	-999	-999	-999	-999	-999	-999	
217	65000	25.8	6.1	0.52	3.22	2.47	0.06	0.02	41.8	14	4.7	3717	400	19.2	8.7	0.7	69.7	0.4	287	150	34.3	0.0313	2.18	1.1	5.44	1.8	1.4	-999	-999	-999	-999	-999	-999	-999	-999	-999	-999	-999	-999	Event: 4.2
227	-999	24.6	7.2	0.37	3.07	2.2	0.04	0.02	55.4	10	2.3	6128	340	23.6	10.3	0.2	62.8	1.2	422	120	22.1	0.0313	2.93	1.6	6.59	1.7	1.2	0.2	0.5	-999	-999	-999	-999	-999	-999	-999	-999	-999	-999	
237	-999	28.8	7.9	0.29	2.97	2.72	0.03	0.02	62.1	8	2.6	3460	180	22.1	7.8	0.7	65	1.7	295	50	14.5	0.0313	3.12	1.8	6.4	1.4	0.3	1.4	1	-999	-999	-999	-999	-999	-999	-999	-999	-999	-999	
247	-999	37.8	11	0.33	2.91	2.68	0.06	0.03	72	3	0.7	9831	160	32.8	9.8	0.7	53.3	1.2	411	40	8.9	0.0156	3.06	1.4	6.51	1.8	1.5	0.7	-999	-999	-999	-999	-999	-999	-999	-999	-999	-999	-999	
257	-999	31.7	9.5	0.24	2.95	2.62	0.09	0.03	71.1	4	1.2	7793	130	42.3	11.3	0.6	43.9	0.6	319	20	5.9	0.0156	3.8	1.3	6.7	1.7	0.9	0.3	-999	-999	-999	-999	-999	-999	-999	-999	-999	-999	-999	
267	-999	44.4	16.6	0.16	2.85	2.57	0.06	0.02	73.1	5	0.8	8124	240	39.9	13.1	1.1	41.8	0.8	653	60	8.4	0.0313	4.08	1.1	6.97	1.4	0.6	0.6	2.2	-999	-999	-999	-999	-999	-999	-999	-999	-999	-999	
277	-999	35.5	13.5	0.16	2.86	1.97	0.06	0.01	79.6	2	0.5	6338	100	44.7	11.6	0.3	35.7	0.8	390	30	7.1	0.0313	4.68	1	7	1.2	2.1	3.9	1	-999	-999	-999	-999	-999	-999	-999	-999	-999	-999	
287	-999	-999	-999	0.07	2.69	-999	0.09	0.03	-999	-999	-999	5732	-999	46.5	15.5	0.6	34.7	0.6	507	-999	-999	-999	4.71	1.1	7.02	1.2	1.4	0.4	0.4	-999	-999	-999	-999	-999	-999	-999	-999	-999	-999	
287	-999	39.7	12	0.31	3.09	2.83	-999	-999	72.7	6	1.2	-999	190	-999	-999	-999	-999	-999	-999	50	9	0.0313	-999	-999	-999	-999	-999	-999	-999	-999	-999	-999	-999	-999	-999	-999	-999	-999	-999	
297	-999	37.8	10.7	0.38	2.81	3.14	0.09	0.02	72.8	5	1.4	7088	130	27.4	2	-999	68.3	0.6	347	60	14.7	0.0156	2.55	1.1	6.53	2.4	1.7	-999	-999	-999	-999	-999	-999	-999	-999	-999	-999	-999	-999	
307	-999	29.6	6.8	0.16	2.88	2.89	0.06	0.02	76.5	1	0.2	5032	140	26.3	2.4	1.1	66.2	1.1	455	40	8.1	0.0313	2.84	1.5	6.79	2.1	0.7	0.7	1.1	0.2	0.2	-999	-999	-999	-999	-999	-999	-999	-999	
317	-999	45.4	12.1	0.21	2.84	3.5	0.1	0.02	71.1	3	0.7	7670	170	34.1	5.3	1	55.6	1.4	419	22	5	0.0156	3.16	1.3	7.25	2.1	2.4	-999	-999	0.2	-999	-999	-999	-999	-999	-999	-999	-999	-999	
327	-999	32.9	6	-0.03	2.9	3.56	0.05	0.02	53.6	14	2.5	4978	480	27.5	6.7	0.7	60.2	1.5	555	250	31.1	0.0313	2.93	1.6	6.59	1.7	1.8	1.3	0.2	-999	0.2	-999	-999	-999	-999	-999	-999	-999	-999	
337	-999	25.5	5.4	0.34	2.98	3.21	0.06	0.02	37.9	26	6.5	1852	610	17.5	8.3	1.1	70.4	1.6	372	230	38.2	0.0625	2.18	1.1	5.44	1.8	1.1	-999	-999	-999	-999	-999	-999	-999	-999	-999	-999	-999	-999	
342	107000	-999	-999	-999	-999	-999	-999	-999	-999	-999	-999	-999	-999	-999	-999	-999	-999	-999	-999	-999	-999	-999	-999	-999	-999	-999	-999	-999	-999	-999	-999	-999	-999	-999	-999	-999	-999	-999	-999	Event: 5.4
347	-999	-999	-999	0.19	3.03	-999	0.06	0.02	-999	-999	-999	1972	-999	24.2	11	1.2	62.1	0.6	337	-999	-999	-999	2.63	1.6	6.06	2.1	0.9	-999	-999	-999	-999	-999	-999	-999	-999	-999	-999	-999	-999	
347	-999	22.5	5.6	0.43	3.45	2.73	-999	-999	48.4	6	1.8	-999	360	-999	-999	-999	-999	-999	-999	120	26.3	0.0625	-999	-999	-999	-999	-999	-999	-999	-999	-999	-999	-999	-999	-999	-999	-999	-999	-999	
357	-999	27.3	6.6	0.66	2.86	2.88	0.07	0.03	47.5	16	2.9	1506	600	23.8	29.3	1.3	43.1	0.9	543	-999	-999	0.125	3.3	1.5	6.46	1.9	0.9	0.2	0.4	-999	-999	-999	-999	0.2	-999	-999	-999	-999	-999	
367	-999	46.4	7.9	0.21	2.28	3.73	0.07	0.02	67.7	1	0.2	3595	200	35.2	12	3.4	30.6	5.3	420	33	7.3	0.0313	5.46	1.3	7.53	1.4	6.9	4.3	0.7	0.2	0.5	-999	-999	-999	1	-999	-999	-999	-999	
377	-999	59.3	18.6	0.05	2.19	3.47	0.07	0.02	63.5	5	1.4	6771	210	42.4	19.7	4.1	24.6	1.6	366	30	7.6	0.0156	5.9	1.5	8.02	1.5	4.1	2.7	-999	-999	0.6	-999	-999	-999	0.3	-999	-999	-999	-999	
387	-999	57.1	8.6	0.05	2.03	3.46	0.08	0.02	71.1	1	0.2	4548	200	33.1	11.8	2.6	22.4	2.4	493	20	3.9	0.0313	6.09	1.3	8.13	1.4	11.6	8.9	3.7	-999	2.4	-999	-999	-999	0.4	0.6	-999	-999	-999	
390	122000	-999	-999	-999	-999	-999	-999	-999	-999	-999	-999	-999	-999	-999	-999	-999	-999	-999	-999	-999	-999	-999	-999	-999	-999	-999	-999	-999	-999	-999	-999	-999	-999	-999	-999	-999	-999	-999	-999	Event: 5.5
397	-999	61.8	6.6	-0.17	2.01	3.87	0.09	0.03	90	2	0.4	3710	50	35.1	9.4	2.9	13.7	2.9	449	10	2.2	0.0313	6.79	1.5	8.78	1.8	15.7	11.2	5.4	-999	1.6	-999	-999	-999	0.2	1.6	0.5	-999	-999	
407	-999	71.2	8	-0.33	2.15	4.63	0.1	0.03	90.6	1	0.3	5334	40	38.5	10.2	2.6	13.6	3.7	385	0	0	0.0156	7.55	1.5	10.53	2.7	19.4	4.2	3.9	-999	1.1	-999	-999	-999	1.8	1.1	-999	-999	-999	
417	-999	76.7	8.2	-0.53	2.66	4.89	0.13	0.04	96.1	1	0.2	6416	20	28.7	9.9	3.1	10.9	2.5	489	10	2	0.0156	7.55	1.5	10.53	2.7	22.6	6.3	8.4	-999	4.8	-999	0.4	-999	1.3	0.2	0.2	0.6	-999	
427	128000	63.9	5.7	-0.38	3.1	4.42	0.05	0.02	80.9	3	0.8	2759	90	36.2	7.1	1.1	44.1	0.5	382	30	7.3	0.0313	3.81	1.4	6.6	1.1	1.6	5	3.4	-999	0.5	-999	0.3	-999	0.3	-999	-999	-999	-999	Event: 6
437	-999	-999	-999	-0.22	2.8	-999	0.09	0.02	-999	-999	-999	1817	-999	42.6	6.4	-999	47.5	0.2	473	-999	-999	-999	4.1	1.8	7.56	2.4	1.5	0.9	0.6	-999	0.2	-999	-999	-999	-999	-999	0.2	-999	-999	
437	-999	40.1	6.4	-0.26	3.54	4.17	-999	-999	62.8	6	1.3	-999	280	-999	-999	-999	-999	-999	-999	250	34.6	0.0625	-999	-999	-999	-999	-999	-999	-999	-999	-999	-999	-999	-999	-999	-999	-999	-999	-999	
447	-999	6.2	9.2	-999	-999	3.79	0.1	0.02	9.1	19	60	4	90	32.4	2.7	-999	62.2	-999	37	-999	-999	0.5	2.94	2	6.63	2.7	-999	-999	2.7	-999	-999	-999	-999	-999	-999	-999	-999	-999	-999	
457	-999	-999	-999	0.32	3.82	-999	0.14	0.04	-999	-999	-999	371	-999	45.8	19.3	-999	32.5	2.4	83	-999	-999	-999	4.88	1.9	7.44	1.6	-999	-999	-999	-999	-999	-999	-999	-999	-999	-999	-999	-999	-999	
457	-999	-999	-999	0	3.43	-999	-999	-999	-999	-999	-999	-999	-999	-999	-999	-999	-999	-999	-999	-999	-999	-999	-999	-999	-999	-999	-999	-999	-999	-999	-999	-999	-999	-999	-999	-999	-999	-999	-999	
457	-999	10.2	3.4	-0.04	3.9	3.58	-999	-999	38	17	16.4	-999	160	-999	-999	-999	-999	-999	-999	-999	-999	0.0625	-999	-999	-999	-999	-999	-999	-999	-999	-999	-999	-999	-999	-999	-999	-999	-999	-999	
467	151000	4.5	3.8	0.15	3.71	3.61	0.1	0.04	33.3	13	28.6	22	110	40.5	14.3	-999	42.9	-999	43	-999	-999	0.5	3.72	1.2	6.79	1.7	-999	2.4	-999	-999	-999	-999	-999	-999	-999	-999	-999	-999	-999	Event: 6.4
477	-999	2.8	8.5	0.14	3.05	3.36	0.08	0.02	37.5	17	50	14	35	16	16	-999	60	4	26	-999	-999	0.5	2.72	1.5	6.21	1.8	-999	4	-999	-999	-999	-999	-999	-999	-999	-999	-999	-999	-999	
487	186000	3.4	6.6	-999	-999	3.22	-999	-999	9.1	8	0	-999	190	-999	-999	-999	-999	-999	-999	-999	-999	0.5	-999	-999	-999	-999	-999	-999	-999	-999	-999	-999	-999	-999	-999	-999	-999	-999	-999	Event: 7
497	-999	23.3	4.4	0.66	2.98	2.73	0.15	0.01	23.3	31	7.9	534	1200	49.7	36.8	-999	12.4	1.1	364	-999	-999	0.25	7.2	3.4	9.79	4	-999	-999	-999	-999	-999	-999	-999	-999	-999	-999	-999	-999	-999	
507	-999	35.7	7.6	0.27	2.82	3.17	0.14	0.03	50.7	6	1.3	2234	430	57.9	14.7	-999	26.2	0.2	442	80	15.3	0.0625	5.99	2	8.19	2	0.5	0.2	-999	-999	-999	-999	0.2	-999	-999	-999	-999	-999	-999	
517	194000	-999	-999	0.11	2.68	-999	0.11	0.02	-999	-999	-999	2718	-999	46.7	7.8	0.2	40.4	-999	508	-999	-999	-999	4.08	1.1	6.97	1.4	3	1	0.4	-999	0.6	-999	-999	-999	-999	-999	-999	-999	-999	Event: 7.1
517	194000	41	6.7	-0.01	2.41	2.99	-999	-999	62.9	5	1	-999	300	-999	-999	-999	-999	-999	-999	40	7.3	0.0625	-999	-999	-999	-999	-999	-999	-999	-999	-999	-999	-999	-999	-999	-999	-999	-999	-999	
520	194000	-999	-999	-999	-999	-999	-999	-999	-999	-999	-999	-999	-999	-999	-999	-999	-999	-999	-999	-999	-999	-999	-999	-999	-999	-999	-999	-999	-999	-999	-999	-999	-999	-999	-999	-999	-999	-999	-999	Event: LAD H. Karsteni
527	-999	34.2	7.5	0.22	2.82	3.27	0.1	0.02	47.3	3	0.7	2237	510	52.8	14.6	0.2	30	0.4	457	100	18	0.0625	5.25	1.6	7.52	1.5	0.4	0.7	0.2	-999	0.4	-999	-999	-999	0.2	-999	-999	-999	-999	
537	-999	26.4	5.6	0.39	2.82	2.67	0.15	0.03	30.1	13	2.9	1288	1000	57	16.7	-999	25.4	0.2	430	-999	-999	0.125	5.44	1.8	7.76	1.5	0.7	-999	-999	-999	-999	-999	-999	-999	-999	-999	-999	-999	-999	
547	-999	22.1	5.1	0.44	3.02	2.68	0.1	0.03	35	28	4.9	806	1000	27.8	29.8	-999	41.7	0.2	539	-999	-999	0.25	3.37	1.4	6.37	2	0.6	-999	-999	-999	-999	-999	-999	-999	-999	-999	-999	-999	-999	
557	-999	35.2	7.6	0.45	2.78	3.14	0.11	0.04	39.9	8	1.8	2199	650	39.3	23.7	-999	35.4	0.2	431	70	14	0.0625	4.12	1.8	7.22	2.1	1.2	0.2	-999	-999	-999	-999	-999	-999	-999	-999	-999	-999	-999	
567	-999	33.1	5.9	-999	-999	2.87	0.06	0.02	65.6	4	0.7	3091	290	39.3	11.4	0.4	43.7	0.5	554	70	11.2	0.0625	4.12	1.1	7.08	1.3	0.7	2.4	1.5	-999	-999	-999	0.2	-999	-999	-999	-999	-999	-999	
577	-999	39.7	9.8	0.12	2.56	2.56	0.06	0.02	74.1	2	0.5	5337	150	39.2	8.5	0.9	45.3	0.2	428	40	8.6	0.0313	4.48	1.6	7.39	1.7	1.2	1.9	2.6	0.2	-999	-999	-999	-999	-999	-999	-999	-999	-999	
587	216000	44.9	9.1	0.02	2.57	3.11	0.07	0.02	82.5	0	0	5328	110	45.6	7.6	0.4	36.1	0.2	518	30	5.5	0.0313	4.51	1	7.15	1.4	2	3.9	4.1	-999	0.2	-999	-999	-999	-999	-999	-999	-999	-999	Event: 7.3
597	-999	56.1	11.5	-0.24	2.6	3.63	0.07	0.01	87.5	0	0	6165	50	47.8	8.1	0.3	27.3	0.3	349	10	2.8	0.0156	4.58	0.9	7.71	1.5	2.6	6.4	7	-999	0.3	-999	-999	-999	-999	-999	-999	-999	-999	
607	-999	50.4	9.5	-0.23	2.77	3.6	0.09	0.02	85.4	1	0.2	4667	90	45.1	9.3	-999	27.8	-999	526	30	5.4	0.0313	4.8	1.5	8.17	2	1.7	8.6	7.2	-999	-999	-999	-999	-999	-999	0.2	-999	-999	-999	
617	-999	-999	-999	-0.03	2.97	-999	0.09	0.02	-999	-999	-999	1724	-999	45.8	9.9	-999	40.2	-999	406	-999	-999	-999	4.23	1.8	7.24	2.2	1	1.2	2	-999	-999	-999	-999	-999	-999	-999	-999	-999	-999	
617	-999	-999	-999	-0.2	2.94	-999	-999	-999	-999	-999	-999	-999	-999	-999	-999	-999	-999	-999	-999	-999	-999	-999	-999	-999	-999	-999	-999	-999	-999	-999	-999	-999	-999	-999	-999	-999	-999	-999	-999	
617	-999	23.1	7.4	-0.17	3.19	3.77	-999	-999	61	12	2.9	-999	260	-999	-999	-999	-999	-999	-999	250	38.1	0.0625	-999	-999	-999	-999	-999	-999	-999	-999	-999	-999	-999	-999	-999	-999	-999	-999	-999	
622	228000	-999	-999	-999	-999	-999	-999	-999	-999	-999	-999	-999	-999	-999	-999	-999	-999	-999	-999	-999	-999	-999	-999	-999	-999	-999	-999	-999	-999	-999	-999	-999	-999	-999	-999	-999	-999	-999	-999	Event: 7.4
627	-999	-999	-999	-0.07	3.05	-999	0.05	0.01	-999	-999	-999	681	-999	35.4	14	0.7	43.1	0.2	590	-999	-999	-999	4.15	1.2	7.15	1.3	1.2	3.6	1.7	-999	0.2	-999	-999	-999	-999	-999	-999	-999	-999	
627	-999	19	8.2	-0.11	2.98	3.47	-999	-999	37.1	37	5.9	-999	1000	-999	-999	-999	-999	-999	-999	-999	-999	0.25	-999	-999	-999	-999	-999	-999	-999	-999	-999	-999	-999	-999	-999	-999	-999	-999	-999	
637	-999	54.2	9.4	-0.25	2.61	3.65	0.07	0.02	91.4	0	0	5575	30	34.2	7.6	1	37.3	1	317	0	0	0.0156	5.24	1	7.33	0.8	6.3	9.8	2.2	-999	0.3	-999	-999	-999	0.3	-999	-999	-999	-999	
647	238000	-999	-999	-0.22	2.4	-999	0.09	0.02	-999	-999	-999	6988	-999	36.3	10.2	0.3	33.5	0.5	403	-999	-999	-999	5.24	1	7.39	0.7	9.6	6.1	2.5	-999	0.3	-999	0.3	-999	-999	-999	-999	0.5	-999	Event: 7.5
647	238000	59.2	10.1	-0.32	2.61	3.7	-999	-999	93.1	1	0.3	-999	30	-999	-999	-999	-999	-999	-999	20	4.7	0.0156	-999	-999	-999	-999	-999	-999	-999	-999	-999	-999	-999	-999	-999	-999	-999	-999	-999	
657	-999	63	8.2	-0.52	2.68	4.29	0.11	0.02	88.7	0	0	4696	40	36.9	17.9	0.7	14.6	-999	314	20	6	0.0156	6.22	1.5	8.57	2.6	11.6	9.6	6.6	-999	1.3	-999	0.3	-999	-999	-999	-999	0.3	-999	
667	-999	49.7	9.2	-0.36	3.01	3.74	0.08	0.02	83.4	1	0.2	5165	120	41.9	7.8	0.9	30.8	-999	604	100	14.2	0.0313	5.01	0.6	7.22	0.8	6.8	7	4.3	-999	0.2	-999	-999	-999	-999	0.2	0.2	-999	-999	
677	245000	-999	-999	-0.17	3.11	-999	0.08	0.02	-999	-999	-999	598	-999	32.2	6.5	-999	49.9	1.3	389	-999	-999	-999	4.04	1.3	7.54	1.7	4.2	3.6	2.1	-999	-999	-999	-999	-999	-999	0.3	-999	-999	-999	Event: 8
677	245000	-999	-999	-0.13	3.19	-999	-999	-999	-999	-999	-999	-999	-999	-999	-999	-999	-999	-999	-999	-999	-999	-999	-999	-999	-999	-999	-999	-999	-999	-999	-999	-999	-999	-999	-999	-999	-999	-999	-999	
677	245000	19.2	7.3	-0.44	3.18	2.6	-999	-999	66	29	6.9	-999	200	-999	-999	-999	-999	-999	-999	-999	-999	0.25	-999	-999	-999	-999	-999	-999	-999	-999	-999	-999	-999	-999	-999	-999	-999	-999	-999	
687	-999	5.1	8.6	-0.27	3.6	2.54	0.08	0.02	54.6	4	7.7	38	30	14.8	3.7	-999	74.1	3.7	54	-999	-999	0.5	2.87	1.8	5.96	2	-999	-999	3.7	-999	-999	-999	-999	-999	-999	-999	-999	-999	-999	
697	-999	5.8	7.7	-999	-999	2.76	-999	-999	16.7	6	50	-999	15	-999	-999	-999	-999	-999	-999	-999	-999	0.5	-999	-999	-999	-999	-999	-999	-999	-999	-999	-999	-999	-999	-999	-999	-999	-999	-999	
707	-999	5.7	7.2	-999	-999	3.14	0.11	0.04	3.2	5	0	3	120	18.2	36.4	-999	45.5	-999	11	-999	-999	0.5	3.09	1.6	5.77	2.2	-999	-999	-999	-999	-999	-999	-999	-999	-999	-999	-999	-999	-999	
717	-999	3.8	14.5	-999	-999	3.55	-999	-999	0	1	0	-999	10	-999	-999	-999	-999	-999	-999	-999	-999	0.5	-999	-999	-999	-999	-999	-999	-999	-999	-999	-999	-999	-999	-999	-999	-999	-999	-999	
727	-999	-999	-999	0.04	2.88	-999	0.15	0.01	-999	-999	-999	2227	-999	68.6	10.8	-999	17.2	0.4	473	-999	-999	-999	6.8	1.5	8.49	1.6	1.9	0.2	0.6	-999	-999	-999	-999	-999	-999	-999	-999	-999	0.2	
727	-999	-999	-999	0.03	3.02	-999	-999	-999	-999	-999	-999	-999	-999	-999	-999	-999	-999	-999	-999	-999	-999	-999	-999	-999	-999	-999	-999	-999	-999	-999	-999	-999	-999	-999	-999	-999	-999	-999	-999	
727	-999	38.1	7.3	0.05	3.02	3.4	-999	-999	51.8	5	1.1	-999	440	-999	-999	-999	-999	-999	-999	170	26.4	0.0625	-999	-999	-999	-999	-999	-999	-999	-999	-999	-999	-999	-999	-999	-999	-999	-999	-999	
737	287000	41.5	10.4	0.14	2.9	3.6	0.09	0.02	32.5	16	4.7	1460	680	58.1	11.6	0.3	22.6	0.9	328	570	63.5	0.0625	5.6	1.6	7.83	1.4	2.1	1.5	2.5	-999	-999	-999	-999	-999	-999	-999	0.3	-999	-999	Event: 8.5
747	-999	37.3	7.7	0.55	3.15	3.56	0.11	0.04	32.3	32	5.3	1287	1200	35.6	27.7	0.2	35	0.5	572	-999	-999	0.125	3.55	1.4	6.58	1.8	0.4	-999	-999	-999	-999	0.7	-999	-999	-999	-999	-999	-999	-999	
757	300000	45	9.7	0.49	2.95	3.32	0.14	0.03	29.4	14	3.4	1945	970	49.6	16.1	-999	26.8	0.3	403	130	24.4	0.0625	5.44	1.8	7.76	1.5	0.7	-999	-999	-999	-999	6.5	-999	-999	-999	-999	-999	-999	-999	Event: LAD G.crassiformis
767	-999	-999	-999	0.47	2.94	-999	0.14	0.04	-999	-999	-999	1567	-999	46.8	14	-999	34.6	0.3	643	-999	-999	-999	3.76	1.2	6.9	1.7	1.1	-999	-999	-999	-999	3	-999	-999	0.2	-999	-999	-999	-999	
767	-999	41.2	8.7	0.53	3.15	3.28	-999	-999	34.9	15	2.3	-999	1200	-999	-999	-999	-999	-999	-999	-999	-999	0.125	-999	-999	-999	-999	-999	-999	-999	-999	-999	-999	-999	-999	-999	-999	-999	-999	-999	
777	-999	55.6	13.2	0.56	2.53	3.21	0.13	0.03	38.1	7	2.2	3122	510	49.7	14.3	-999	24.8	0.3	314	50	13.7	0.0313	5.6	1.7	7.61	1.5	1.6	0.6	-999	-999	0.3	8	-999	-999	-999	0.3	-999	-999	-999	
787	-999	59.9	7	0.19	2.51	2.97	0.1	0.02	68.5	3	0.6	2686	230	47.1	14.1	-999	28.8	0.8	499	20	3.9	0.0625	5.55	1.3	7.85	1.4	4	1.8	0.4	-999	0.2	2.6	0.2	-999	-999	-999	-999	-999	-999	
797	-999	59.1	8	0.12	2.34	3.38	0.08	0.02	73.8	2	0.5	3464	130	47.8	11	0.3	25.3	0.8	366	10	2.7	0.0313	5.73	1.2	7.97	1.5	7.1	4.1	0.3	-999	0.3	3	-999	-999	-999	-999	-999	-999	-999	
802	331000	-999	-999	-999	-999	-999	-999	-999	-999	-999	-999	-999	-999	-999	-999	-999	-999	-999	-999	-999	-999	-999	-999	-999	-999	-999	-999	-999	-999	-999	-999	-999	-999	-999	-999	-999	-999	-999	-999	Event: 9.3
807	-999	76.4	6.8	-0.13	2.41	4.5	0.09	0.02	86.2	3	0.6	3542	80	36.5	21.6	0.4	13.4	4.7	499	20	3.9	0.0313	7.23	1.2	10.1	2.6	12.6	6.5	0.6	-999	1.2	1.6	-999	-999	0.4	-999	0.4	-999	-999	
817	-999	80.3	7	-0.44	2.89	4.68	0.09	0.03	90.2	2	0.4	3759	60	45.7	12	1.5	13.3	3	551	10	1.8	0.0313	6.73	1.4	9.27	2.6	13.5	4.6	2	-999	2.8	0.4	-999	-999	0.4	-999	0.4	0.2	0.2	
827	-999	76	9.1	-0.28	3.16	5.05	0.11	0.02	89.5	3	0.9	4325	40	55.7	3	0.6	16.1	1.2	341	10	2.9	0.0156	4.89	1.3	8.39	1.5	9.8	7.1	3.6	-999	-999	3	-999	-999	-999	-999	-999	-999	-999	
832	341000	-999	-999	-999	-999	-999	-999	-999	-999	-999	-999	-999	-999	-999	-999	-999	-999	-999	-999	-999	-999	-999	-999	-999	-999	-999	-999	-999	-999	-999	-999	-999	-999	-999	-999	-999	-999	-999	-999	Event: 10.2
837	-999	-999	-999	-0.37	3.27	-999	0.07	0.02	-999	-999	-999	2795	-999	46.5	15.7	0.3	23.7	0.6	339	-999	-999	-999	5.24	1	6.99	0.6	3	4.7	3.3	-999	-999	2.1	-999	-999	-999	-999	-999	0.3	-999	
837	-999	49.4	7.4	-0.17	3.59	3.88	-999	-999	69.3	4	1.2	-999	150	-999	-999	-999	-999	-999	-999	100	22.8	0.0313	-999	-999	-999	-999	-999	-999	-999	-999	-999	-999	-999	-999	-999	-999	-999	-999	-999	
847	-999	-999	-999	-0.4	3.16	-999	0.1	0.02	-999	-999	-999	717	-999	43.9	11.3	-999	24.7	1.4	360	-999	-999	-999	5.58	1.4	8.14	1.5	10.5	2.6	2.3	-999	-999	3.1	-999	-999	-999	0.3	-999	-999	-999	
847	-999	-999	-999	-0.27	3.28	-999	-999	-999	-999	-999	-999	-999	-999	-999	-999	-999	-999	-999	-999	-999	-999	-999	-999	-999	-999	-999	-999	-999	-999	-999	-999	-999	-999	-999	-999	-999	-999	-999	-999	
847	-999	19.8	10.4	-0.28	3.2	4.02	-999	-999	47.4	23	6	-999	400	-999	-999	-999	-999	-999	-999	-999	-999	0.125	-999	-999	-999	-999	-999	-999	-999	-999	-999	-999	-999	-999	-999	-999	-999	-999	-999	
857	-999	9.6	10.6	-999	-999	3.55	0.05	0.01	24.8	102	23.6	124	1000	8.8	18	-999	70.1	0.9	330	-999	-999	0.75	1.93	1	5.08	1.7	0.3	0.6	0.3	-999	-999	0.9	-999	-999	-999	-999	-999	-999	-999	
867	-999	12.9	20.7	-999	-999	4.27	0.06	0.02	30.3	178	29	408	1000	11.3	6.9	-999	78.6	1.8	435	-999	-999	0.25	1.82	1.1	4.95	2.1	0.2	-999	-999	-999	-999	1.2	-999	-999	-999	-999	-999	-999	-999	
877	-999	15.6	13.1	-999	-999	3.67	0.06	0.02	25.1	137	29	365	1000	13.5	6.9	-999	77.2	0.3	335	-999	-999	0.25	1.82	1.1	4.95	2.1	0.9	-999	-999	-999	-999	1.2	-999	-999	-999	-999	-999	-999	-999	
887	-999	-999	-999	0.14	2.84	-999	0.06	0.02	-999	-999	-999	2941	-999	25.5	3.4	-999	66.4	0.8	534	-999	-999	-999	2.44	1.1	6.2	2.5	0.8	0.8	0.2	-999	-999	2.3	-999	-999	-999	-999	-999	-999	-999	
887	-999	-999	-999	0.29	3.1	-999	-999	-999	-999	-999	-999	-999	-999	-999	-999	-999	-999	-999	-999	-999	-999	-999	-999	-999	-999	-999	-999	-999	-999	-999	-999	-999	-999	-999	-999	-999	-999	-999	-999	
887	-999	41.3	6	0.45	3.13	2.91	-999	-999	55.4	25	4.5	-999	430	-999	-999	-999	-999	-999	-999	300	36	0.0625	-999	-999	-999	-999	-999	-999	-999	-999	-999	-999	-999	-999	-999	-999	-999	-999	-999	
892	368000	-999	-999	-999	-999	-999	-999	-999	-999	-999	-999	-999	-999	-999	-999	-999	-999	-999	-999	-999	-999	-999	-999	-999	-999	-999	-999	-999	-999	-999	-999	-999	-999	-999	-999	-999	-999	-999	-999	Event: 11.1
897	-999	40.7	4.7	0.32	2.99	3.1	0.06	0.02	67	4	1.3	3143	150	18.9	2.7	-999	74.8	1	305	70	18.7	0.0313	2.27	1	6.24	2.4	1.3	0.7	0.3	-999	-999	0.3	-999	-999	-999	-999	-999	-999	-999	
907	-999	-999	-999	0.34	3.06	-999	0.05	0.02	-999	-999	-999	2235	-999	21.8	7.1	-999	67	0.2	410	-999	-999	-999	2.45	1.6	5.72	2.1	0.5	1.7	-999	-999	-999	1.7	-999	-999	-999	-999	-999	-999	-999	
907	-999	40.7	6.2	0.68	3.37	2.94	-999	-999	49.4	23	5.3	-999	420	-999	-999	-999	-999	-999	-999	350	46.1	0.0625	-999	-999	-999	-999	-999	-999	-999	-999	-999	-999	-999	-999	-999	-999	-999	-999	-999	
917	-999	35.1	5.9	0.72	3.03	2.15	0.05	0.02	43.5	26	4.8	1916	670	17	11.7	-999	68.6	0.6	515	340	39.8	0.125	2	1	5.1	1.7	0.6	0.4	-999	-999	0.2	1	-999	-999	-999	-999	-999	-999	-999	
927	-999	65.4	2.6	0.64	2.91	3.4	0.04	0.01	66.4	3	1	1391	150	19.9	8.8	-999	60.8	0.7	296	50	14.5	0.0625	2.91	1.8	6.02	1.5	1	4.7	0.3	-999	-999	3.7	-999	-999	-999	-999	-999	-999	-999	
937	-999	71.9	3.4	0.66	3.02	3.7	0.07	0.03	67.6	2	0.5	1805	200	26.6	12.7	-999	54.2	-999	417	40	8.8	0.0625	2.82	1.6	6.31	1.9	-999	4.3	-999	-999	-999	2.2	-999	-999	-999	-999	-999	-999	-999	
947	-999	79.9	2.9	0.64	2.81	3.85	0.07	0.02	65	5	1.6	1313	170	28.9	14.6	-999	45.7	0.6	316	40	11.2	0.0625	3.37	1.4	6.61	1.8	1	4.4	0.3	-999	-999	3.8	0.3	-999	-999	-999	-999	0.3	-999	
957	-999	80	2.7	0.69	2.78	4.21	0.09	0.03	68	4	0.8	1007	250	42.1	14.9	-999	30.7	0.2	530	80	13.1	0.125	4.7	1.2	7.17	1.2	0.6	6.1	0.2	-999	0.4	4.6	-999	-999	-999	-999	-999	0.4	-999	
967	-999	87.2	2.4	0.71	2.73	4.43	0.05	0.01	64.9	1	0.2	937	280	34.7	13.3	0.4	39.8	1.6	518	50	8.8	0.125	4.56	1	7.11	1.2	0.6	6.3	0.8	-999	-999	2.6	-999	-999	-999	-999	-999	-999	-999	
977	-999	85.8	2.3	0.51	2.52	4.26	0.09	0.02	69.5	2	0.4	943	220	38	16.5	-999	30.8	-999	502	60	10.7	0.125	4.63	1	7	1.2	2.2	6.5	1	-999	-999	4.3	-999	-999	-999	0.2	-999	0.4	-999	
987	-999	87.8	2.1	0.64	2.64	4.42	0.09	0.01	59.8	4	1	698	260	44.3	27.2	1.1	13.7	0.3	386	30	7.2	0.125	5.75	1.4	7.77	1.1	1.1	6.9	0.3	-999	-999	5.3	-999	-999	-999	-999	-999	-999	-999	
997	-999	88	2.5	-999	-999	4.87	0.13	0.03	60.8	9	2	738	290	50.8	31.2	0.7	3	1.1	449	30	6.3	0.125	8.15	1.4	10.48	2.6	1.6	7.5	0.2	-999	-999	3.9	-999	-999	-999	-999	-999	-999	-999	
1007	405000	90.1	1.9	0.78	2.6	4.38	0.19	0.05	57.5	3	1.1	518	210	44.1	39.4	1.1	-999	0.7	284	20	6.6	0.125	9.69	2.2	12.93	3.2	4.3	7.2	-999	-999	-999	2.5	-999	-999	0.7	-999	-999	-999	-999	Event: 11.3
1017	-999	90	2.2	0.6	2.61	4.86	0.13	0.03	53.5	4	1.2	550	290	55.2	35.5	0.3	5.2	0.6	334	10	2.9	0.125	7.5	1.9	9.42	2.1	0.3	1.5	-999	-999	-999	1.5	-999	-999	-999	-999	-999	-999	-999	
1020	418000	-999	-999	-999	-999	-999	-999	-999	-999	-999	-999	-999	-999	-999	-999	-999	-999	-999	-999	-999	-999	-999	-999	-999	-999	-999	-999	-999	-999	-999	-999	-999	-999	-999	-999	-999	-999	-999	-999	Event: FAD H. karsteni
1027	-999	-999	-999	0.64	2.57	-999	0.36	0.03	-999	-999	-999	740	-999	63.5	-999	18.1	-999	8.5	437	-999	-999	-999	8.92	1.6	11.45	2.3	4	5.7	-999	-999	-999	-999	-999	-999	-999	0.2	-999	-999	-999	
1027	-999	88.7	2.2	0.83	2.8	4.73	-999	-999	57	3	0.7	-999	330	-999	-999	-999	-999	-999	-999	20	4.4	0.125	-999	-999	-999	-999	-999	-999	-999	-999	-999	-999	-999	-999	-999	-999	-999	-999	-999	
1037	-999	83.7	3.1	0.58	2.64	4.48	0.12	0.02	55.2	4	0.7	992	450	64.3	14.3	0.2	15.2	0.2	555	30	5.1	0.125	6.78	1.5	8.32	1.3	1.4	2.2	-999	-999	-999	2	-999	-999	0.2	-999	-999	0.2	-999	
1047	-999	82.6	5.1	0.58	2.94	4.5	0.12	0.01	62.3	5	0.9	2061	350	56.5	7.5	-999	24.9	0.7	579	20	3.3	0.0625	5.32	1.2	7.91	1.3	4.9	3.1	0.2	-999	0.5	1.7	-999	-999	-999	-999	-999	-999	-999	
1057	-999	78.4	7.6	0.51	2.99	4.23	0.09	0.03	79.3	1	0.2	4337	150	40.9	8.4	0.5	27.4	0.7	574	10	1.7	0.0313	5.52	1.2	7.61	1.5	11.9	5.8	1.2	-999	-999	2.1	-999	-999	0.2	-999	0.4	0.5	-999	
1067	-999	69.5	8.1	0.07	3.1	3.82	0.12	0.02	80.3	1	0.2	3737	110	56	8.7	0.2	11.9	1.1	447	30	6.3	0.0313	5.72	1.5	8.42	1.3	13.4	3	4.3	-999	-999	1.1	-999	-999	-999	-999	0.2	-999	-999	
1070	423000	-999	-999	-999	-999	-999	-999	-999	-999	-999	-999	-999	-999	-999	-999	-999	-999	-999	-999	-999	-999	-999	-999	-999	-999	-999	-999	-999	-999	-999	-999	-999	-999	-999	-999	-999	-999	-999	-999	Event: 12
1077	-999	59.7	11.1	-0.12	3.31	4.05	0.08	0.01	84.6	1	0.2	6975	80	47.7	5.1	0.2	27.8	1.2	441	30	6.4	0.0156	4.7	1.3	8.35	1.6	8.3	4.6	3	-999	0.2	1.8	-999	-999	0.2	-999	-999	-999	-999	
1087	-999	66.1	8	-0.26	3.47	4.11	0.08	0.01	80.1	2	0.6	5023	80	45.3	4.8	0.3	31	0.3	322	30	8.5	0.0156	4.6	0.8	7.71	1.5	4.1	7	3.8	-999	0.3	2.9	0.3	-999	-999	-999	-999	-999	-999	
1092	434000	-999	-999	-999	-999	-999	-999	-999	-999	-999	-999	-999	-999	-999	-999	-999	-999	-999	-999	-999	-999	-999	-999	-999	-999	-999	-999	-999	-999	-999	-999	-999	-999	-999	-999	-999	-999	-999	-999	Event: 12.2
1097	-999	-999	-999	0.12	3.86	-999	0.06	0.02	-999	-999	-999	113	-999	18.4	2.4	-999	74.2	1	294	-999	-999	-999	2.27	1	6.24	2.4	1.7	0.3	0.7	-999	-999	1.4	-999	-999	-999	-999	-999	-999	-999	
1097	-999	7.7	11.7	0.02	3.87	3.48	-999	-999	74.6	81	21.6	-999	100	-999	-999	-999	-999	-999	-999	-999	-999	0.75	-999	-999	-999	-999	-999	-999	-999	-999	-999	-999	-999	-999	-999	-999	-999	-999	-999	
1107	-999	9.2	12.6	-999	-999	3.1	0.05	0.02	13.8	32	33.3	21	130	8.8	-999	-999	91.2	-999	34	-999	-999	0.5	1.21	0.9	3.11	1.5	-999	-999	-999	-999	-999	-999	-999	-999	-999	-999	-999	-999	-999	
1117	-999	-999	-999	0.75	3.03	-999	0.07	0.02	-999	-999	-999	2386	-999	30.5	3.3	0.3	63.8	0.8	400	-999	-999	-999	2.46	1.1	6.44	2.3	0.5	0.5	-999	-999	-999	0.5	-999	-999	-999	-999	-999	-999	-999	
1117	-999	-999	-999	0.77	3.16	-999	-999	-999	-999	-999	-999	-999	-999	-999	-999	-999	-999	-999	-999	-999	-999	-999	-999	-999	-999	-999	-999	-999	-999	-999	-999	-999	-999	-999	-999	-999	-999	-999	-999	
1117	-999	37.7	4.4	0.66	3.15	2.68	-999	-999	61.5	10	2.4	-999	250	-999	-999	-999	-999	-999	-999	230	36.5	0.0625	-999	-999	-999	-999	-999	-999	-999	-999	-999	-999	-999	-999	-999	-999	-999	-999	-999	
1127	-999	51.7	3	0.73	2.98	3.02	0.12	0.04	65.4	3	0.8	1901	190	36.3	1.4	-999	58.6	0.9	359	110	23.5	0.0625	3.22	1.9	7.31	2.2	1.1	-999	-999	-999	0.3	1.4	-999	-999	-999	-999	-999	-999	-999	
1137	-999	-999	-999	0.93	2.99	-999	0.1	0.02	-999	-999	-999	1911	-999	44.6	4.7	-999	48.8	0.6	361	-999	-999	-999	4.1	1.8	7.56	2.4	0.6	0.6	0.3	-999	-999	-999	-999	-999	-999	-999	-999	-999	-999	
1137	-999	51.7	4.3	1.03	3.07	3.02	-999	-999	58.1	5	1.4	-999	260	-999	-999	-999	-999	-999	-999	80	18.1	0.0625	-999	-999	-999	-999	-999	-999	-999	-999	-999	-999	-999	-999	-999	-999	-999	-999	-999	
1147	-999	39.3	5	0.66	3.02	2.65	0.12	0.04	74	1	0.4	6902	100	54.5	1.4	-999	31.3	0.7	285	30	9.5	0.0156	4.13	1.7	8.37	2.1	3.6	0.4	6.8	-999	-999	1.4	-999	-999	-999	-999	-999	-999	-999	
1157	-999	56.8	9.9	0.29	2.86	3.31	0.07	0.02	80.2	2	0.6	7043	90	33.7	3.3	-999	58	0.3	364	30	7.6	0.0156	3.52	1.8	7.17	2.4	0.6	1.9	1.7	-999	-999	0.6	-999	-999	-999	-999	-999	-999	-999	
1167	-999	-999	-999	0.5	3.24	-999	0.1	0.03	-999	-999	-999	3877	-999	24.8	0.3	-999	72.9	0.3	341	-999	-999	-999	2.34	1	6.25	2.4	0.9	0.3	0.3	-999	0.3	-999	-999	-999	-999	-999	-999	-999	-999	
1167	-999	41	5.1	0.61	3.26	2.81	-999	-999	70.9	6	1.7	-999	140	-999	-999	-999	-999	-999	-999	90	20.9	0.0313	-999	-999	-999	-999	-999	-999	-999	-999	-999	-999	-999	-999	-999	-999	-999	-999	-999	
1177	-999	51.8	12.7	0	2.99	3.11	0.11	0.02	78.5	3	0.9	6788	90	39.9	1.5	-999	53.4	0.9	329	30	8.4	0.0156	3.96	1.6	8.21	2.2	0.3	-999	1.8	-999	0.3	1.5	-999	-999	-999	-999	-999	0.3	-999	
1187	-999	38.3	8.1	-0.1	3.07	2.3	0.06	0.01	84.3	1	0.2	6721	90	21.2	2.7	-999	69	1	483	90	15.7	0.0313	3.77	2.2	6.94	1.7	-999	1	4.2	-999	-999	0.8	-999	-999	-999	-999	-999	-999	-999	
1197	-999	-999	-999	-0.27	3.19	-999	0.1	0.03	-999	-999	-999	5431	-999	29	0	-999	65	1	383	-999	-999	-999	3.6	1.6	8.05	2	1	0.8	1.6	-999	-999	1.6	-999	-999	-999	-999	-999	-999	-999	
1197	-999	32.2	8.2	-0.08	3.16	2.25	-999	-999	79.3	1	0.3	-999	100	-999	-999	-999	-999	-999	-999	120	23.9	0.0313	-999	-999	-999	-999	-999	-999	-999	-999	-999	-999	-999	-999	-999	-999	-999	-999	-999	
1207	-999	36	5.7	-0.23	3.24	2.8	0.11	0.04	74.4	7	1.3	3166	190	30.9	0.7	-999	64.5	1.3	553	250	31.1	0.0625	3.35	1.7	7.23	2.4	-999	0.6	-999	-999	-999	2	-999	-999	-999	-999	-999	-999	-999	
1217	-999	-999	-999	-0.28	2.83	-999	0.09	0.03	-999	-999	-999	4483	-999	32.8	0.5	-999	57.2	0.7	413	-999	-999	-999	3.82	1.8	8.24	2.1	1.5	1.2	5.1	-999	-999	1	-999	-999	-999	-999	-999	-999	-999	
1217	-999	-999	-999	0.56	3.09	-999	-999	-999	-999	-999	-999	-999	-999	-999	-999	-999	-999	-999	-999	-999	-999	-999	-999	-999	-999	-999	-999	-999	-999	-999	-999	-999	-999	-999	-999	-999	-999	-999	-999	
1217	-999	41.6	10.3	-0.17	3.31	2.94	-999	-999	77.5	4	1	-999	120	-999	-999	-999	-999	-999	-999	180	30.4	0.0313	-999	-999	-999	-999	-999	-999	-999	-999	-999	-999	-999	-999	-999	-999	-999	-999	-999	
1227	471000	7.1	14.6	-999	-999	3.54	0.05	0.01	72.8	115	30.1	75	100	10.7	16.4	-999	69.5	1.5	267	-999	-999	1	1.93	1	5.08	1.7	0.4	-999	0.8	-999	-999	0.8	-999	-999	-999	-999	-999	-999	-999	Event: 12.4
1237	-999	8.9	10.6	-0.02	3.17	3.62	0.06	0.02	77.7	61	14.9	96	100	10.3	8.6	-999	78.7	1.4	349	-999	-999	1	1.82	1.1	4.95	2.1	0.9	-999	-999	-999	-999	-999	-999	-999	-999	-999	-999	-999	-999	
1247	-999	-999	-999	-0.07	2.45	-999	0.13	0.04	-999	-999	-999	4935	-999	60	1.2	-999	27.9	0.2	519	-999	-999	-999	5.25	2.3	8.99	2.5	0.4	1.6	5.7	-999	0.4	2.7	-999	-999	-999	-999	-999	-999	-999	
1247	-999	33.3	7.8	-0.31	2.41	3.36	-999	-999	78.8	0	0	-999	140	-999	-999	-999	-999	-999	-999	50	8.8	0.0313	-999	-999	-999	-999	-999	-999	-999	-999	-999	-999	-999	-999	-999	-999	-999	-999	-999	
1252	481000	-999	-999	-999	-999	-999	-999	-999	-999	-999	-999	-999	-999	-999	-999	-999	-999	-999	-999	-999	-999	-999	-999	-999	-999	-999	-999	-999	-999	-999	-999	-999	-999	-999	-999	-999	-999	-999	-999	Event: 13.1
1257	-999	33.4	7.8	-0.1	2.36	3.62	0.13	0.03	76.8	2	0.4	4375	150	57.8	0.8	-999	32.3	0.2	496	120	19.5	0.0313	4.3	1.4	9	1.9	1	1.4	4.9	-999	-999	1.4	-999	-999	-999	0.2	-999	-999	-999	
1267	-999	53.1	7.7	-0.11	2.4	3.53	0.11	0.03	84	1	0.2	4749	100	48.1	1.5	-999	35.7	-999	525	160	23.4	0.0313	5.36	2.1	9.32	2.2	-999	4.6	8.6	-999	0.2	1	-999	-999	-999	-999	-999	0.2	0.2	
1277	-999	32.5	5.3	-0.25	2.49	3.32	0.06	0.02	78	14	3.5	944	110	19.4	1.8	-999	70.6	1	391	1210	75.6	0.125	3.25	1.6	7.48	2	2.1	1	1.3	0.3	-999	2.6	-999	-999	-999	-999	-999	-999	-999	
1287	-999	-999	-999	-0.03	2.67	-999	0.06	0.01	-999	-999	-999	479	-999	9.3	1.3	-999	83.5	2.1	387	-999	-999	-999	1.93	0.9	4.53	1.9	0.3	0.3	-999	-999	-999	3.1	-999	-999	0.3	-999	-999	-999	-999	
1287	-999	16.4	10.4	0.07	3.05	3.23	-999	-999	72.1	37	8.7	-999	150	-999	-999	-999	-999	-999	-999	-999	-999	0.25	-999	-999	-999	-999	-999	-999	-999	-999	-999	-999	-999	-999	-999	-999	-999	-999	-999	
1297	-999	9.3	11.8	-999	-999	1.96	0.02	0.01	72.7	65	14	203	150	3.8	0.8	-999	93.5	1.5	399	-999	-999	1	1.25	0.7	3.1	1.3	-999	-999	-999	-999	-999	0.5	-999	-999	-999	-999	-999	-999	-999	
