# NOAA Paleoclimatology Program - Paleocean Site Data
# gb10285-tab.txt
# Complete Data
# File Created: 18-Jan-2005
#
#*********************************************************************************
# Please cite the contributor and the original publications when using these data
#*********************************************************************************
#
# Missing Values indicated by '-999'
#
# PI:             Ralph R. Schneider
# Core/Site:      GeoB10285
# Latitude:       20.06.12S	( -20.10333)
# Longitude:      9.11.06E	( 9.185)
# Water Depth(m): 2209
#
# Publications:
#   Schneider, R.R., P.J. Mueller, and G. Ruhland. 1995. Late Quaternary surface
#     circulation in the east-equatorial South Atlantic: evidence from alkenone sea
#     surface temperatures. Paleoceanography 10:197-219.
#------------------
#
# Description & Notes:
#   South Atlantic circulation during the late Quaternary.
#   Geosciences Bremen SST estimates derived from the alkenone unsaturation index
#   (U-k-37, after Brassell et al, 1986) with the temperature calibration of PRAHL,
#   et al.(1988):SST=(Uk37-0.039)/0.034). SST & UK37 data measured 7/15/93.
#
# Variables:
#             depth         Depth (cm)
#             yrBP          radiocarbon years B.P. (Libby half-life; B.P. = 1950)
#             d18Og.bull250-350           delta O18 PDB (Globigerina bulloides 250-350 micron)
#             d18Og.rub250-350            delta O18 PDB (Globigerinoides ruber 250-350 micron)
#             sst           Sea Surface Temperature (C)
#             uk37          Alkenone saturation index
#
# CORE: GeoB10285
depth	yrBP 	Analysis_Date	d18Og.bull250-350	d18Og.bull250-350_err	d18Og.rub250-350	d18Og.rub250-350_err	sst	sst_err	uk37	
1	0	-999	-0.15	0.08	-0.58	0.08	-999	-999	-999	
18	3200	-999	0.07	0.08	-0.68	0.08	20.5	0.3	0.735	
23	4100	-999	-0.12	0.08	-0.72	0.08	20.1	0.3	0.721	
28	5100	-999	0	0.08	-0.52	0.08	20.8	0.3	0.746	
33	6000	-999	0.27	0.08	-0.78	0.08	21	0.3	0.752	
38	7100	-999	-0.02	0.08	-0.72	0.08	21.4	0.3	0.766	
43	8200	-999	-0.01	0.08	-0.54	0.08	21.6	0.3	0.773	
48	9300	-999	0.08	0.08	-0.44	0.08	21.8	0.3	0.779	
53	10300	-999	0.06	0.08	-0.66	0.08	21.8	0.3	0.779	
58	11400	-999	0.12	0.08	-0.61	0.08	21.1	0.3	0.756	
63	12500	-999	0.12	0.08	-0.4	0.08	19.9	0.3	0.717	
68	13600	-999	0.78	0.08	0.32	0.08	19.5	0.3	0.703	
73	14700	-999	0.95	0.08	0.17	0.08	19.3	0.3	0.696	
78	15800	-999	1.07	0.08	0.33	0.08	18.8	0.3	0.677	
83	16800	-999	0.64	0.08	0.72	0.08	16.2	0.3	0.591	
88	17900	1993-02-10	1.33	0.08	1.22	0.08	16.6	0.3	0.602	
93	19000	1993-02-10	1.32	0.08	1.31	0.08	16.9	0.3	0.615	
98	21300	1993-02-10	1.1	0.08	0.99	0.08	17.4	0.3	0.632	
103	23500	1993-02-10	1.06	0.08	0.89	0.08	17.9	0.3	0.646	
108	25800	1993-02-10	0.86	0.08	0.76	0.08	17.4	0.3	0.629	
113	28000	1993-02-10	1.07	0.08	0.55	0.08	17.7	0.3	0.642	
118	31100	1993-02-10	1.1	0.08	0.47	0.08	18.8	0.3	0.678	
123	34300	1993-02-10	1.03	0.08	0.5	0.08	18.3	0.3	0.661	
128	37400	1993-02-10	1.21	0.08	0.4	0.08	18.3	0.3	0.66	
133	40500	1993-02-10	1.03	0.08	0.59	0.08	18.3	0.3	0.661	
138	43600	1993-02-10	0.94	0.08	0.32	0.08	18.6	0.3	0.673	
143	46800	1993-02-10	1.03	0.08	0.62	0.08	18	0.3	0.651	
148	49900	1993-02-10	0.93	0.08	0.32	0.08	19.1	0.3	0.687	
153	53000	1993-02-10	0.84	0.08	0.45	0.08	19.4	0.3	0.699	
158	56000	1993-02-10	1.02	0.08	0.72	0.08	18.6	0.3	0.672	
163	59000	1993-02-10	1.01	0.08	0.25	0.08	19.3	0.3	0.696	
168	62000	1993-02-10	0.97	0.08	0.58	0.08	19.4	0.3	0.699	
173	65000	1993-02-10	1.06	0.08	0.93	0.08	19.1	0.3	0.688	
178	66400	1993-02-10	1.28	0.08	0.82	0.08	18.4	0.3	0.663	
183	67700	1993-02-10	1.08	0.08	0.71	0.08	18.8	0.3	0.678	
188	69100	1993-02-10	0.69	0.08	0.37	0.08	19.9	0.3	0.717	
193	70500	1993-02-10	0.89	0.08	0.52	0.08	19.9	0.3	0.715	
198	71800	1993-02-10	0.52	0.08	-0.11	0.08	20	0.3	0.719	
204	73500	1993-02-10	0.19	0.08	0.2	0.08	20.4	0.3	0.733	
208	74500	1993-02-10	0.59	0.08	0.56	0.08	20.3	0.3	0.728	
213	75900	1993-02-10	0.43	0.08	0.04	0.08	20.3	0.3	0.73	
218	77300	1993-02-10	0.08	0.08	0	0.08	20.7	0.3	0.742	
223	78600	1993-02-10	0.21	0.08	0	0.08	20.7	0.3	0.743	
228	80000	1993-02-10	0.33	0.08	-0.08	0.08	21.1	0.3	0.757	
233	81000	1993-02-10	0.39	0.08	-0.1	0.08	21.3	0.3	0.762	
238	82000	1993-02-10	0.29	0.08	-0.12	0.08	21.5	0.3	0.769	
243	83000	1993-02-10	0.46	0.08	-0.01	0.08	21.6	0.3	0.774	
248	84000	1993-02-10	0.49	0.08	0.14	0.08	21.6	0.3	0.773	
253	85000	1993-02-10	0.56	0.08	-0.08	0.08	21.8	0.3	0.78	
258	86000	1993-02-10	0.66	0.08	0.39	0.08	21.5	0.3	0.769	
263	87000	1993-02-10	0.54	0.08	0.55	0.08	20.6	0.3	0.739	
268	88200	1993-02-10	0.26	0.08	0.16	0.08	20.9	0.3	0.751	
273	89400	1993-02-10	0.51	0.08	0.45	0.08	21.4	0.3	0.765	
278	90500	1993-02-10	0.33	0.08	0.37	0.08	21.5	0.3	0.771	
283	91700	1993-02-10	0.37	0.08	0.29	0.08	20.6	0.3	0.738	
288	92900	1993-02-10	0.5	0.08	-0.2	0.08	21	0.3	0.754	
293	94100	1993-02-10	0.12	0.08	0.23	0.08	21.9	0.3	0.782	
298	95300	1993-02-10	0.11	0.08	0.11	0.08	21.9	0.3	0.784	
304	96700	1993-02-10	0.26	0.08	-0.05	0.08	22.1	0.3	0.79	
308	97600	1993-02-10	0.1	0.08	-0.36	0.08	21.9	0.3	0.782	
313	98800	1993-02-10	0.1	0.08	0	0.08	21.8	0.3	0.781	
318	100000	1993-02-10	0.06	0.08	-0.12	0.08	21.9	0.3	0.782	
323	102300	1993-02-10	-0.03	0.08	-0.03	0.08	21.3	0.3	0.764	
328	104700	1993-02-10	-0.06	0.08	0.18	0.08	21	0.3	0.754	
333	107000	1993-02-10	0.41	0.08	0.46	0.08	21.8	0.3	0.78	
338	108200	1993-02-10	0.45	0.08	0.21	0.08	21.3	0.3	0.762	
343	109300	1993-02-10	0.39	0.08	0.29	0.08	20.9	0.3	0.748	
348	110500	1993-02-10	0.23	0.08	0.08	0.08	20.8	0.3	0.747	
353	111600	1993-02-10	0.12	0.08	0.13	0.08	20.9	0.3	0.751	
358	112800	1993-02-10	0.34	0.08	0.07	0.08	20.6	0.3	0.741	
363	113900	1993-02-10	0.39	0.08	-0.02	0.08	20.3	0.3	0.729	
368	115100	1993-02-10	0.15	0.08	-0.2	0.08	20.8	0.3	0.747	
373	116200	1993-02-10	0.11	0.08	-0.23	0.08	21.1	0.3	0.755	
378	117400	1993-02-10	0.11	0.08	-0.51	0.08	21.6	0.3	0.772	
383	118500	1993-02-10	-0.36	0.08	-0.36	0.08	22	0.3	0.787	
388	119700	1993-02-10	0.18	0.08	-0.5	0.08	22.6	0.3	0.808	
393	120900	1993-02-10	0.1	0.08	-0.76	0.08	23	0.3	0.82	
398	122000	1993-02-10	-0.12	0.08	-0.8	0.08	22.5	0.3	0.804	
403	123200	1993-02-10	-0.14	0.08	-0.75	0.08	23.3	0.3	0.83	
408	124400	1993-02-10	-0.17	0.08	-0.49	0.08	22.7	0.3	0.81	
413	125600	1993-02-10	-0.18	0.08	-0.39	0.08	23.1	0.3	0.823	
418	126700	1993-02-10	0.05	0.08	-0.5	0.08	23.4	0.3	0.834	
423	127900	1993-02-10	-0.07	0.08	0.01	0.08	22.9	0.3	0.818	
428	129100	1993-02-10	-0.21	0.08	-0.55	0.08	23.1	0.3	0.824	
433	130300	1993-02-10	0.07	0.08	-0.15	0.08	21.6	0.3	0.775	
438	131500	1993-02-10	0.56	0.08	0.38	0.08	21.4	0.3	0.768	
443	132600	1993-02-10	0.29	0.08	0.3	0.08	19.8	0.3	0.711	
448	133800	1993-02-10	1.35	0.08	1.02	0.08	18.9	0.3	0.683	
453	135000	1993-02-10	1.24	0.08	1.08	0.08	18.7	0.3	0.676	
458	139000	1993-02-10	1.41	0.08	1.05	0.08	18.7	0.3	0.676	
463	143000	1993-02-10	1.37	0.08	0.72	0.08	18.6	0.3	0.673	
468	147000	1993-02-10	1.42	0.08	1.24	0.08	18.9	0.3	0.681	
473	151000	1993-02-10	1.49	0.08	0.99	0.08	18.7	0.3	0.676	
478	154300	1993-02-10	1.28	0.08	1.03	0.08	18.8	0.3	0.677	
483	157700	1993-02-10	1.1	0.08	0.78	0.08	18.5	0.3	0.667	
488	161000	1993-02-10	0.94	0.08	0.78	0.08	19	0.3	0.685	
493	164300	1993-02-10	1.01	0.08	0.8	0.08	18.6	0.3	0.672	
498	167700	1993-02-10	0.92	0.08	0.61	0.08	18.8	0.3	0.677	
503	171000	1993-02-10	0.56	0.08	0.39	0.08	19.1	0.3	0.689	
508	174000	1993-02-10	0.53	0.08	0.68	0.08	19.3	0.3	0.696	
513	177000	1993-02-10	0.48	0.08	0.88	0.08	19.5	0.3	0.701	
518	180000	1993-02-10	0.6	0.08	0.61	0.08	18.9	0.3	0.68	
523	183000	1993-02-10	0.78	0.08	0.79	0.08	18.1	0.3	0.656	
528	186700	1993-02-10	0.89	0.08	0.65	0.08	19.2	0.3	0.691	
533	190300	1993-02-10	0.39	0.08	0.16	0.08	19.6	0.3	0.704	
538	194000	1993-02-10	0.33	0.08	0.16	0.08	21.6	0.3	0.775	
543	195400	1993-02-10	0.38	0.08	0.2	0.08	20.9	0.3	0.75	
548	196800	1993-02-10	0.41	0.08	-0.08	0.08	20.9	0.3	0.75	
553	198100	1993-02-10	0.34	0.08	0.51	0.08	20.8	0.3	0.745	
558	199500	1993-02-10	0.03	0.08	0.04	0.08	21.8	0.3	0.779	
563	200900	1993-02-10	-0.03	0.08	0.3	0.08	20.3	0.3	0.729	
568	202300	1993-02-10	0.09	0.08	0	0.08	20.6	0.3	0.741	
573	203600	1993-02-10	0.17	0.08	0.03	0.08	22.1	0.3	0.789	
578	205000	1993-02-10	0.59	0.08	-0.11	0.08	21.6	0.3	0.773	
583	207800	1993-02-10	0.44	0.08	-0.22	0.08	21.4	0.3	0.768	
588	210500	1993-02-10	0.26	0.08	-0.12	0.08	21.8	0.3	0.779	
593	213300	1993-02-10	0.3	0.08	-0.4	0.08	22	0.3	0.786	
598	216000	1993-02-10	-0.08	0.08	-0.61	0.08	22.3	0.3	0.797	
603	217700	1993-02-10	0.18	0.08	-0.67	0.08	22.8	0.3	0.815	
608	219400	1993-02-10	0.53	0.08	-0.32	0.08	22.1	0.3	0.791	
