# Arabian Sea ODP722 11ma Leaf Wax Stable Isotope Data 
#----------------------------------------------------------------------- 
#                World Data Service for Paleoclimatology, Boulder 
#                                  and 
#                     NOAA Paleoclimatology Program 
#             National Centers for Environmental Information (NCEI)
#----------------------------------------------------------------------- 
# Template Version 3.0
# Encoding: UTF-8
# NOTE: Please cite Publication, and Online_Resource and date accessed when using these data. 
# If there is no publication information, please cite Investigators, Title, and Online_Resource and date accessed. 
#
# Online_Resource: https://www.ncdc.noaa.gov/paleo/study/22691 
#       Description: NOAA Landing Page
# Online_Resource: https://www1.ncdc.noaa.gov/pub/data/paleo/contributions_by_author/huang2007/huang2007biomarker.txt
#       Description: NOAA location of the template
#
# Original_Source_URL:  
#       Description:
# 
# Description/Documentation lines begin with #
# Data lines have no #
#
# Archive: Paleoceanography
#
# Dataset DOI: 
#
# Parameter_Keywords: age control, biomarkers, carbon isotopes, oxygen isotopes, geochemistry, population abundance
#--------------------
# Contribution_Date
#	Date: 2017-09-27
#--------------------
# File_Last_Modified_Date
#	Date: 2017-09-27
#--------------------
# Title
#	Study_Name: Arabian Sea ODP722 11ma Leaf Wax Stable Isotope Data 
#--------------------
# Investigators
#	Investigators: Huang, Y.; Clemens, S.C.; Liu, W.; Wang, Y.; Prell, W.L. 
#--------------------
# Description_Notes_and_Keywords
#	Description: Biomarker and compound-specific isotope data, plus foraminiferal census and isotope data, from Ocean Drilling Program Site 722 
#	in the Arabian Sea, spanning the past 11 m.y. Also included are paleosol carbon and oxygen isotope data from several locations in Pakistan.
#--------------------
# Publication 
#	Authors: Yongsong Huang, Steven C. Clemens, Weiguo Liu, Yi Wang, Warren L. Prell 
#	Published_Date_or_Year: 2007-06-01      
#	Published_Title: Large-scale hydrological change drove the late Miocene C4 plant expansion in the Himalayan foreland and Arabian Peninsula 
#	Journal_Name: Geology
#	Volume: 35
#	Edition: 
#	Issue: 6
#	Pages: 531-534
#	Report_Number: 
#	DOI: 10.1130/G23666A.1
#	Online_Resource: https://pubs.geoscienceworld.org/geology/article-lookup/35/6/531
#	Full_Citation: 
#	Abstract: Carbon isotope changes in paleosols from Siwalik, Pakistan, and marine sediments from the Bengal Fan indicate a major C4 plant expansion in the Himalayan foreland during the late Miocene. However, the timing and mechanisms behind the C4 plant expansion remain enigmatic. Here we present high-resolution (~60 k.y.) biomarker and compound-specific isotope data spanning the past 11 m.y. from Ocean Drilling Program Site 722 in the Arabian Sea. An ~5-6 permil increase in leaf wax d13C values indicates a marked rise of C4 plants from 10 to 5.5 Ma, with accelerated expansion from 7.9 to 5.5 Ma. A concurrent ~50 permil rise in leaf wax dD values is attributed to a combined effect of changes in precipitation amount and evaporation, indicating that source regions for the plant waxes became progressively drier from 10 to 5.5 Ma. In contrast to earlier reports, our isotope records, biomarker abundances, alkenone UK'37, and Globigerina bulloides abundance data do not suggest enhanced summer monsoon circulation during this time interval. Rather, our results suggest that large-scale hydrological changes drove the late Miocene expansion of C4 plants in the Himalayan foreland and Arabian Peninsula.
#------------------
# Funding_Agency 
#	Funding_Agency_Name: US National Science Foundation
#	Grant: 0318050, 0318123, 0402383, 0520718
#------------------
# Funding_Agency 
#	Funding_Agency_Name: US National Aeronautics and Space Administration
#	Grant: NAG5-10665, NNG04GJ34G
#------------------
# Funding_Agency 
#	Funding_Agency_Name: American Chemical Society
#	Grant: ACS-PRF 38878-AC2
#------------------
# Site_Information 
#	Site_Name: ODP722
#	Location: Ocean>Indian Ocean>Arabian Sea
#	Country:  
#	Northernmost_Latitude: 16.61667
# 	Southernmost_Latitude: 16.61667
# 	Easternmost_Longitude: 59.8
# 	Westernmost_Longitude: 59.8
# 	Elevation: -2022 m
#------------------
# Data_Collection   
#	Collection_Name: Huang2007biomarker
#	Earliest_Year: 10901400
#	Most_Recent_Year: 165000
#	Time_Unit: Cal. Year BP
#	Core_Length: 
#	Notes: 
#------------------
# Chronology_Information
#	Chronology: 
# 	
#----------------	
# Variables 
#
# Data variables follow are preceded by "##" in columns one and two.
# Data line variables format:  one per line, shortname-tab-variable components (what, material, error, units, seasonality, data type,detail, method, C or N for Character or Numeric data, free text) 
#
## depth_m	depth, , , m, , , mbsf, ,N,
## age_MaB85	age, , , Millions of calendar years before present, , , Berggren 1985, ,N,
## age_MaCK95	age, , , Millions of calendar years before present, , , Cande and Kent 1995, ,N,
## d13C-C27	delta 13C, C27 n-alkane, , per mil, , paleoceanography, , ,N, 
## d13C-C29	delta 13C, C29 n-alkane, , per mil, , paleoceanography, , ,N, 
## d13C-C31	delta 13C, C31 n-alkane, , per mil, , paleoceanography, , ,N, 
## d13C-C33	delta 13C, C33 n-alkane, , per mil, , paleoceanography, , ,N, 
## dD-C31	delta D, C31 n-alkane, , per mil, , paleoceanography, , ,N, 
## dD-C33	delta D, C33 n-alkane, , per mil, , paleoceanography, , ,N, 
## SSTalk	Sea Surface temperature, , , degrees C, , climate reconstructions, , Alkenone,N, 
## Uk37:3	alkenone unsaturation, , , ng/g, , paleoceanography, , ,N, 
## Uk37:2	alkenone unsaturation, , , ng/g, , paleoceanography, , ,N, 
## alkenone	alkenone, , , , , paleoceanography, , ,N, 
## C25	C25 n-alkane, , , ng/g, , paleoceanography, , ,N, 
## C27	C27 n-alkane, , , ng/g, , paleoceanography, , ,N, 
## C29	C29 n-alkane, , , ng/g, , paleoceanography, , ,N, 
## C31	C31 n-alkane, , , ng/g, , paleoceanography, , ,N, 
## C33	C33 n-alkane, , , ng/g, , paleoceanography, , ,N, 
## ACL	Average Chain Length, n-alkanes, , , , paleoceanography, , ,N, 
## totalk	alkanes, , , , , paleoceanography, , ,N, 
#
#----------------
# Data:
# Data lines follow (have no #)
# Data line format - tab-delimited text, variable short name as header
# Missing Values:  
#
depth_m	age_MaB85	age_MaCK95	d13C-C27	d13C-C29	d13C-C31	d13C-C33	dD-C31	dD-C33	SSTalk	Uk37:3	Uk37:2	alkenone	C25	C27	C29	C31	C33	ACL	totalk
0.74	0.0165	0.0165	-26.795	-25.39	-24.675	-23.51	-119.7	-111.1	24.4	22	146	168	37	52	56	43	18	28.54	205
2.14	0.0387	0.0387	-28.9	-28.61	-23.31	-25.05	-123.4	-96.5	24.5	33	228	262	20	12	26	26	13	29	97
3.73	0.0784	0.0784	-24.21	-26.04	-25.07		-141.6	-93	25.2	55	473	528	47	147	158	87	48	28.76	488
4.95	0.1278	0.1278	-25.905	-27.35	-26.9		-108	-101.4	27	18	401	419	30	81	59	134	56	29.58	360
6.23	0.1532	0.1532	-26.42	-24.335	-25.12		-129.7	-104.8	24.4	7	49	56	5	15	15	15	7	29.14	57
7.63	0.1722	0.1722		-24.05	-23.725	-22.615	-120.6	-98.6	25.2	27	236	263	45	107	70	48	20	28.25	290
9.24	0.2235	0.2235	-23.915	-24.925	-25.295		-104.5	-103.4	24.1	76	457	534	19	38	64	86	45	29.79	252
10.64	0.2526	0.2526		-23.5	-23.125	-22.98		-99.6	24	115	672	787	10	24	52	52	15	29.5	154
12.24	0.2909	0.2909	-23.715	-24.25	-25.78	-22.065	-129.4	-88.5	24.5	62	421	483	10	47	54	61	10	29.15	182
13.74	0.3365	0.3365	-27.875	-28.085	-27.94		-105.1	-117.3	25.1	45	383	428	21	33	38	37	20	29.03	149
14.63	0.3572	0.3572		-23.84	-24.065	-22.83	-125.6	-89.5	24.1	34	207	241	5	10	26	30	10	29.74	82
17.27	0.4355	0.4355	-27.045	-25.87	-25.09	-22.875	-93.4		23.9	21	119	140	13	16	20	23	9	28.98	83
18.82	0.4738	0.4738		-23.585	-24.025	-23.65	-100.6	-91.9	24.1	41	250	291	24	30	21	19	8	28.16	102
20.27	0.5306	0.5306		-24.17	-23.135	-24.105	-92.3		25.6	59	601	661	36	109	64	63	20	28.47	293
21.78	0.5976	0.5976		-24.875	-24.265	-22.105	-107.3		22.9	14	60	74	10	23	34	38	10	29.26	117
23.43	0.6389	0.6389	-25.05	-24.225	-25.735	-25.53	-112.8	-96	25.3	30	265	295	18	25	36	46	22	29.39	147
24.64	0.6654	0.6654		-24.245	-22.6	-22.15	-111.4	-120.6	25.6	63	620	683	31	82	52	57	23	28.67	244
25.45	0.7018	0.7018	-25.625	-26.63	-27.45		-112.3	-123.9	26.4	287	4198	4485	34	61	118	132	55	29.57	399
27.03	0.7471	0.7471	-23.905	-23.64	-22.525	-23.54			24.5	102	694	796	35	41	53	55	20	28.84	203
28.45	0.796	0.7960							24.9	30	234	264	15	27	43	50	27	29.58	162
29.86	0.8325	0.8325	-26.985	-25.765	-23.67	-25.01	-107.8	-108.3	25.3	44	395	439	30	54	54	57	19	28.82	214
31.45	0.8827	0.8827	-26.37	-22.84	-22.55	-22.785	-94.4		22	30	109	139	8	12	15	17	8	29.17	59
32.86	0.9089	0.9089	-25.175	-24.62	-23.775	-23.38	-129.7	-119.5	25.4	48	440	488	25	43	81	83	41	29.53	272
34.06	0.9403	0.9403	-25.74	-25.045	-25.625	-22.295	-109.5	-123.9	25	33	260	293	26	54	65	79	37	29.36	261
35.04	0.9639	0.9639	-25.585	-24.06	-23.335	-23.4	-94.3	-110	24.5	68	467	535	15	32	54	60	26	29.53	187
36.46	0.9969	0.9969	-24.015	-23.93	-23.95	-21.625	-144.2	-150.7	25.6	368	3663	4031	34	81	135	184	103	29.9	536
38.04	1.0414	1.0414	-25.575	-24.565	-23.375	-23.305	-110.7	-105	25.4	144	1307	1451	31	38	52	60	25	29.1	206
39.64	1.0952	1.0952	-25.705	-25.955	-25.575	-24.32	-117	-109.9	25.3	92	831	923	26	49	70	77	23	29.18	246
41.05	1.1554	1.1554	-26.145	-25.94	-24.34	-23.2		-110.8	26	38	460	498	15	33	51	58	25	29.49	182
42.46	1.2069	1.2069	-27.2	-25.82	-23.745	-24.615	-115.3	-113.3	25.7	43	458	501	22	33	44	45	20	29.1	165
43.63	1.2292	1.2292	-25.09	-24.605	-24.06	-23.37	-107	-112.7	25.1	64	519	583	14	29	45	50	19	29.39	158
44.65	1.2756	1.2756	-25.205	-22.73	-22.39	-23	-126.5	-131.5	25.4	105	975	1080	36	68	112	147	67	29.66	431
46.06	1.3127	1.3127	-25.245	-24.855	-24.39	-21.935	-143.7	-135.4	26.6	32	535	567	30	57	86	107	48	29.52	328
47.65	1.3652	1.3652		-24.965	-24.285	-23.335	-108.8	-104.2	26.1	69	873	942	10	24	34	46	14	29.47	128
49.16	1.4179	1.4179	-26.045	-25.11	-25.545	-24.035	-102.8	-111.9	26.1	54	673	727	22	38	63	80	37	29.6	240
50.65	1.4738	1.4738	-23.795	-22.8	-22.155	-21.395	-140	-153.4	26.1	74	918	991	31	52	83	105	50	29.57	322
52.16	1.5412	1.5412	-25.565	-24.24	-23.62	-23.71	-116.3	-120	25.8	132	1434	1565	25	41	75	93	43	29.64	277
53.24	1.5995	1.5995	-24.12	-24.52	-24.02	-22.865	-133.9	-142.3	25.7	227	2410	2637	41	95	182	278	167	30.14	763
53.95	1.7031	1.7031	-23.5	-26.005	-25.715	-24.525	-104.9	-105.2	24.7	191	1404	1595	39	51	101	152	78	29.85	422
55.46	1.7739	1.7739		-25.085	-23.86	-22.32	-130	-114.9	25.7	72	757	829	84	82	78	89	42	28.59	375
56.95	1.836	1.8360	-26.57	-25.115	-24.525	-23.015	-137	-118	23.9	58	335	392	10	19	26	31	15	29.44	100
59.95	1.9792	1.9792	-25.465	-24.345	-24.56	-23.88	-122.3	-123.3	25.2	45	390	435	22	36	55	60	26	29.32	199
61.47	2.0503	2.0503	-27.9	-26.21	-24.71	-24.48	-120.9	-117.7	25.6	87	863	950	35	53	73	91	39	29.32	293
62.56	2.0829	2.0829	-27.83	-25.135	-24.515	-24.135	-112.2	-108.1	24.4	251	1658	1909	29	91	80	88	38	29.09	327
63.62	2.1403	2.1403	-26.315	-25.605	-25.85	-25.87	-98.8	-107.2	25.9	141	1609	1750	23	39	56	78	32	29.5	229
65.16	2.1736	2.1736	-25.805	-24.065	-24.435	-24.995		-109.9	26.3	146	2005	2151	23	35	68	86	35	29.61	247
66.64	2.2243	2.2243	-23.77	-25.165	-25.835	-23.67	-133.7	-139.6	26.1	268	3397	3664	35	94	187	280	134	30.05	731
68.15	2.2698	2.2698	-26.9	-26.42	-25.79	-24.89		-111.2	26	365	4295	4661	31	54	117	176	94	30.05	472
69.64	2.3265	2.3265		-25.585	-25.885		-112.6		26.4	45	656	702	18	123	68	53	23	28.58	285
71.16	2.3834	2.3834	-26.665	-25.775	-25.27	-25.32	-116.2	-119	26.3	137	1944	2081	16	33	51	60	29	29.56	188
72.26	2.4108	2.4108	-26.17	-26.81	-27.31	-26.645	-104.6	-107.3	26.3	314	4310	4624	21	34	61	76	33	29.59	226
73.25	2.4461	2.4461	-25.965	-26.805	-26.5	-25.98	-137.8	-116.3	25.9	653	7545	8198	25	45	87	116	46	29.71	319
74.76	2.4852	2.4852	-26.005	-27.3	-26.72	-26.42	-110.4	-117	26.1	134	1725	1860	14	31	64	92	50	30.06	251
76.25	2.5223	2.5223	-26.11	-25.67	-24.605	-25.09		-115.1	25.6	291	2964	3256	27	46	81	118	63	29.86	335
77.76	2.5898	2.5898	-24.43	-24.315	-24.85	-24.345	-157.2	-153	27	21	478	499	26	57	86	110	53	29.64	332
79.25	2.6435	2.6435	-26.845	-25.97	-24.61	-25.98	-130.1	-116.1	26.1	430	5308	5738	49	86	176	271	131	29.98	713
80.76	2.7093	2.7093	-25.48	-25.06	-23.975	-26.1		-115.8	25.1	693	5725	6418	45	71	154	258	113	30.01	642
81.86	2.7406	2.7406	-24.315	-24.15	-23.41	-24.1	-138.2	-134.2	26	220	2695	2915	44	84	126	156	76	29.56	485
83.45	2.8239	2.8239	-25.29	-23.48	-24.015	-24.575	-129	-134.1	25.9	468	5436	5904	55	120	217	318	178	30	888
84.96	2.8991	2.8991	-25.43	-23.035	-23.455	-24.88	-139.3	-134.8	26	200	2384	2584	37	69	108	131	63	29.56	409
86.45	2.9499	2.9499	-25.095	-26.31	-26.36	-25.695	-129.6	-127.5	26	217	2587	2804	20	39	93	130	72	30.1	353
87.96	3.0038	3.0038	-25.79	-23.33	-25.055	-25.92	-146.1	-125.3	25.6	309	3049	3358	52	86	160	194	74	29.54	565
89.45	3.0524	3.0524	-25.89	-24.405	-24.45	-24.105	-135.3	-124.2	25.9	222	2598	2821	67	108	179	187	83	29.36	625
90.96	3.0966	3.0966	-25.76	-25.565	-25.725	-25.01	-135.6	-126.7	26.2	398	5185	5583	46	96	207	291	146	30.01	785
92.03	3.1312	3.1314	-23.55	-24.42	-24.84	-24.39	-144.9	-146.8	26.8	163	3050	3213	22	54	89	98	53	29.67	316
92.63	3.2462	3.2462	-25.415	-26.12	-26.89	-26.12	-119.6	-120.3	25.9	484	5579	6063	110	202	329	384	195	29.58	1221
94.06	3.3217	3.3217	-25.67	-25.92	-24.71	-25.965	-144.1	-128.4	25.4	552	5149	5700	44	92	232	228	144	29.91	740
95.63	3.3961	3.3961	-24.825	-25.115	-25.41	-24.055	-137.4	-140.4	26.5	70	1094	1163	62	139	258	347	225	30.04	1030
96.94	3.4429	3.4429	-25.665	-25.75	-25.94	-25.28	-127.3	-134.9	26.1	423	5226	5650	39	77	134	165	107	29.86	521
102.25	3.6368	3.6368		-26.835	-26.89	-27.27	-141.8		26	189	2215	2404	23	59	110	159	87	30.04	438
103.64	3.6734	3.6734	-25.685	-26.035	-26.545	-25.5	-129.8	-135.2	26	275	3335	3610	54	120	213	285	187	30	860
105.03	3.7203	3.7203	-24.83	-25.33	-26.21	-25.35	-138.6	-129.8	26.6	206	3492	3698	43	92	147	160	86	29.58	528
111.95	3.8631	3.9614	-26.74	-26.86	-26.04	-25.96	-123.8	-124.4	27	55	1206	1261	24	53	86	112	73	29.9	349
113.36	3.8901	4.0099	-24.635	-26.335	-26.47	-25.52	-127.1	-120.3	26.5	240	3827	4067	39	73	115	125	59	29.45	410
114.63	3.9144	4.0536	-26.215	-26.515	-25.76	-25.745	-123.1	-130.6	26.5	187	2856	3043	36	87	160	211	131	30	626
121.65	4.0489	4.2953	-26.465	-26.53	-25.47	-25.415	-129.3	-126.5	27.5	17	595	611	27	50	71	80	39	29.4	267
123.15	4.0776	4.3469	-24.975	-27.185	-26.64	-26.35	-116.1	-131.8	27.2	97	2541	2638	29	61	74	81	41	29.31	286
124.64	4.1062	4.3982	-25.255	-25.455	-25.15	-24.865	-125.5	-128.5	27.4	26	806	832	25	47	75	94	50	29.67	289
126.15	4.1351	4.4502	-25.035	-25.945	-25.86	-25.52	-142	-143.2	27	66	1451	1517	33	64	93	119	63	29.62	373
127.64	4.1636	4.5015	-25.11	-25.385	-25.81	-24.47	-146.6	-144.1	27.1	17	406	422	32	63	98	119	62	29.62	374
129.15	4.1926	4.5534	-25.68	-25.885	-24.54	-24.055	-146.1	-145.9	27.2	73	1908	1981	27	64	104	153	98	30.04	445
130.05	4.2098	4.5844	-25.975	-25.765	-25.425	-25.21	-129.9	-127.6	27.1	33	777	809	25	38	58	64	31	29.35	216
131.14	4.2307	4.6219	-23.8	-24.8	-24.655	-23.97	-158.3	-153.4	27.1	60	1477	1537	25	52	74	92	49	29.6	292
140.95	4.4186	4.9596	-26.515	-26.77	-27.49	-26.06	-137	-128.5	26.9	102	2058	2160	32	47	77	95	43	29.48	294
142.45	4.4474	5.0112	-26.545	-26.93	-27.28	-25.67	-134.9	-132.6	25.9	322	3755	4078	38	55	95	123	48	29.49	358
143.95	4.4761	5.0629	-25.875	-25.68	-25.85	-26	-116.5	-120	27.1	41	944	984	60	57	89	102	43	29.06	350
145.45	4.5048	5.1145	-25.605	-25.445	-25.89	-24.41	-142.3	-136.7	27.2	18	480	498	33	47	74	83	42	29.39	278
146.95	4.5336	5.1661	-26.775	-26.855	-26.91	-25.665	-117.5	-122.3	26.1	312	3862	4174	37	65	117	213	85	29.94	517
148.45	4.5623	5.2178	-25.25	-27.79	-26.77	-25.94	-121.4	-120.1	27.5	54	1927	1981	49	73	164	173	65	29.5	524
150.62	4.6039	5.2925	-26.12	-26.695	-27.08	-26.225	-142.7	-129.5	26.2	305	4012	4317	40	54	93	117	46	29.43	349
152.15	4.6332	5.3339	-24.535	-26.65	-26.62	-26.96	-109.6	-114.7	26.9	58	1176	1234	33	45	74	90	37	29.38	279
153.65	4.6619	5.3626	-28.275	-26.435	-25.46	-24.25	-107.8	-111.9	26.8	26	482	508	15	58	44	56	28	29.24	201
155.15	4.6907	5.3912	-23.71	-26.34	-26.76	-24.825	-99	-107.6	26	331	3984	4315	37	53	67	185	68	29.95	410
156.65	4.7194	5.4198	-25.5	-26.19	-25.19	-24.22	-135.2	-133.7	27	28	654	682	23	35	57	71	31	29.48	217
158.17	4.7485	5.4488	-25.59	-25.98	-25.41	-23.99	-138.4	-138.2	27.2	21	568	589	25	49	81	95	48	29.62	299
159	4.7644	5.4647	-26.045	-27.2	-25.495	-24.09	-125.3	-144.3	27	21	480	501	31	57	79	94	48	29.46	309
160.25	4.7884	5.4886	-27.645	-27.315	-26.06	-26.15		-101.9	26.1	73	913	986	43	60	68	70	24	28.79	265
161.75	4.8171	5.5172	-25.59	-25.29	-25.55	-24.76	-99	-119.6	27.2	28	734	761	35	54	77	82	38	29.24	286
163.25	4.8458	5.5458	-25.015	-25.165	-25.55	-24.16	-123.8	-132.3	27.1	41	1042	1083	19	62	97	108	55	29.69	340
164.78	4.8751	5.5750	-24.86	-26.35	-24.97	-25.03	-98.7	-126.7	26.6	162	2634	2795	18	46	87	118	70	30.04	340
166.21	4.9025	5.6023	-24.27	-24.78	-25.055	-23.205	-144.2	-150.9	26.5	25	387	413	15	32	50	58	29	29.59	184
167.82	4.9334	5.6331	-24.295	-26.25	-25.355	-24.75	-139.4	-147.3	26.9	12	255	267	8	23	51	77	48	30.29	207
168.75	4.9512	5.6508	-24.88	-25.71	-26.41	-25.195	-135.1	-140.4	26.5	160	2445	2605	28	52	88	100	46	29.54	314
169.95	4.9742	5.6737	-25.34	-26.04	-25.55	-24.83	-166.3	-170.9					29	74	89	88	43	29.26	324
171.49	5.0037	5.7031	-26.97	-25.62	-25.295	-25.175			26.2	103	1352	1455	27	35	57	73	26	29.33	218
172.9	5.0307	5.7300	-25.32	-24.82	-23.855	-25.645	-159.3	-154.2	25.9	37	424	460	20	50	73	90	46	29.66	279
174.5	5.0613	5.7606	-25.73	-26.345	-26.45	-25.715	-155	-146.9	25.9	346	4025	4372	48	74	140	169	59	29.48	492
175.95	5.0891	5.7882	-23.985	-28.085	-27.135	-25.335	-157.5	-161.1	27.1	11	257	268	18	41	71	95	51	29.87	276
176.75	5.1044	5.8035	-25.725	-26.045	-27.275	-26.66	-140.5	-145.9					26	42	73	79	38	29.47	259
181.2	5.1897	5.8885	-23.475	-25.555	-26.28	-24.705	-142	-150.2	27.2	26	695	721	24	65	138	183	104	30.08	515
182.35	5.2117	5.9241	-26.83	-26.22	-26.335	-25.89	-107.5	-123.6	26.6	81	1323	1404							
189.24	5.3437	6.1652	-26.87	-27.66	-26.7	-24.845	-133.5	-144.1					22	42	62	67	31	29.38	225
190.75	5.3726	6.2180	-26.97	-27.165	-26.15	-25.145	-146.3	-153.5					27	47	55	55	28	29.09	211
192.25	5.4014	6.2705	-27.69	-27.64	-27.145	-25.425		-110.4	26.9	58	1187	1245							
193.4	5.4234	6.3107	-25.22	-25.745	-26.64	-25.535	-144.3	-137.7	27.2	20	567	587	22	38	62	62	33	29.42	217
198.95	5.5297	6.5049	-25.605	-26.39	-27.05	-25.82	-144.5	-136.7					27	52	76	94	48	29.57	297
200.5	5.5594	6.5592	-26.57	-25.37	-22.65	-23.92			27.1	128	3060	3188	37	67	106	127	56	29.5	394
201.95	5.5872	6.6099	-25.11		-27.71	-26.08	-121.2	-135.4	27.2	36	952	989	21	39	65	81	13	29.24	218
203.45	5.6159	6.6624	-25.05	-26.495	-28.02	-25.38	-145.7	-148.9	27.1	15	370	385	25	60	134	218	131	30.3	568
204.95	5.6447	6.7149	-28.65	-28.61	-27.015	-26.155	-112.5		26.4	74	1080	1154	25	34	48	48	24	29.13	178
206.3	5.6705	6.7621	-25.465	-26.645	-27.105	-24.545	-163.6	-167.5	27.4	43	1397	1441	24	44	64	77	50	29.66	260
208.65	5.7156	6.8444		-28.23	-28.47				27.6	16	693	709	6	11	17	22	12	29.68	68
210.15	5.7443	6.8968	-24.86	-26.54	-27.225	-25.125	-158.8	-160.2					11	26	39	44	24	29.61	145
213.1	5.8008	7.0001	-26.015	-26.945	-27.64	-24.82	-156.3	-154.5	27.7	19	908	927	23	48	66	79	50	29.64	266
214.6	5.8295	7.0526	-26.845	-27.43	-27.615	-25.455	-154.8	-148.9					12	19	27	29	14	29.28	101
218.25	5.948	7.1803	-26.82	-27.375	-28.505	-27.03	-143.8	-135.9	27.6				8	15	25	26	10	29.36	84
219.8	6.0142	7.2345	-26.46	-30.505	-27.945	-26.495	-145.4	-150.6		7	303	310	23	53	111	174	98	30.18	459
221.25	6.0761	7.2852	-26.59	-27.29	-28.105	-25.735	-136.4	-129					15	28	42	40	21	29.33	146
222.8	6.1424	7.3395	-28.33	-28.595	-26.72	-26.165		-110	27.1	128	2988	3116	26	41	76	93	51	29.71	288
224.25	6.2043	7.3902	-26.74	-27.455	-28.32	-26.405	-151	-146					21	36	50	55	28	29.35	189
225.8	6.2705	7.4445	-26.9	-28.015	-29.295	-27.975	-147.8	-129.2	27.6	11	437	448	9	17	26	25	9	29.19	87
226.66	6.3072	7.4745	-27.05	-29.625	-29.31		-126.5	-126.3					9	13	18	19	0	28.59	60
227.9	6.3602	7.5179	-30.905	-29.63	-30.415		-143.2	-134.8					23	44	77	77	36	29.46	257
229.45	6.4264	7.5722	-27.845	-28.375	-28.71	-26.83	-118.1	-117.8	27.4	21	661	682	33	57	86	84	36	29.22	297
230.95	6.4905	7.6247	-27.095	-28.49	-29.85	-30.79	-150.5	-156					15	33	54	50	22	29.36	174
232.45	6.5546	7.6771	-27.55	-31.89	-29.5	-30.24	-154.3	-153.7	26.8	40	755	796	20	43	104	124	68	29.99	360
233.95	6.6186	7.7296		-31.775	-29.45	-30.57	-134.2	-122.2	27	49	1115	1163	38	28	48	60	6	28.64	180
234.5	6.6421	7.7489					-132.5	-137.2											
235.45	6.6827	7.7821	-27.35	-32.42	-30.31	-30.66	-145.3	-140.7	26.9	25	528	554	12	30	61	79	39	29.93	222
236.25	6.7169	7.8101	-30.41	-32.29	-32.255	-32.11	-146.3	-156.3	27.5	8	298	307	27	44	73	80	34	29.39	258
237.65	6.7767	7.8591	-29.24	-29.54	-31.115	-30.075	-116.3	-120.5	27.4	31	962	993	37	57	96	104	41	29.33	335
239.15	6.8408	7.9116	-28.84	-29.77	-30.56	-29.56	-125.4		27.6	19	853	872	23	40	62	71	31	29.41	228
240.65	6.9048	7.9641	-28.36	-29.085	-28.695	-28.55	-156.7	-158.7					19	36	64	73	30	29.53	223
246.05	7.1355	8.1530	-27.7	-28.14	-28.57	-28.19	-140.9	-130.2	27.2	21	568	589	25	31	50	47	20	29.07	173
247.25	7.1868	8.1950		-30.95	-31.545	-27.34	-126.2						35	57	121	173	93	29.97	479
248.76	7.2513	8.2478	-26.65	-27.46	-26.71	-27.18	-150.9						7	14	25	26	9	29.4	81
250.25	7.3149	8.3000	-26.92	-27.315	-27.495	-27.055	-145.5	-149.5	27.6	8	306	313	19	31	55	54	21	29.3	179
251.6	7.3726	8.3472	-29.81	-30.415	-28.46	-27.635	-172		27.5	6	248	255	23	43	82	84	35	29.49	268
253.25	7.4431	8.4050	-26.895	-27.555	-28.78	-27.655							20	39	70	80	33	29.55	242
254.77	7.508	8.4581	-27.28	-26.59	-26.775	-26.075			27.3	16	494	510	17	32	35	36	15	29	136
255.7	7.5477	8.4907	-29.72	-28.505	-28.015	-27.885	-157.8	-147.7					38	73	129	163	69	29.64	472
256.95	7.6011	8.5344	-27.12	-27.055	-27.53	-26.27	-181.2						43	72	95	84	31	28.93	325
258.35	7.6609	8.5834	-26.36	-29.61		-27.93			27.5	11	422	433	11	16	28	28	11	29.26	94
266.6	8.0133	8.8721		-29.2		-28.245	-157.2						25	50	96	116	54	29.73	343
268.1	8.0774	8.9246	-27.555			-26.87	-163.5	-176.3	26.9	28	563	591	31	58	131	180	77	29.9	478
269.58	8.1406	8.9764	-28.445	-28.455	-28.64	-27.955			27.1	52	1319	1371	25	31	61	56	24	29.23	196
271.08	8.2021	9.0283	-27.23	-28.005	-27.89	-27.57	-143.2						33	65	125	161	83	29.84	467
272.65	8.2318	9.0757	-26.57	-26.615	-28.42	-26.61							24	44	73	94	40	29.6	275
274.15	8.2603	9.1209					-159.7		27.6	5	218	223	12	21	38	43	16	29.46	129
275.06	8.2775	9.1483											46	54	118	142	67	29.61	428
276.35	8.3019	9.1872	-26.42	-27.11	-28.49	-27.165	-167.4						33	65	108	132	30	29.33	369
277.25	8.319	9.2144	-26.95	-27.665	-28.665	-27.225	-155.4		27.5	8	306	314	36	59	107	135	61	29.63	397
286.05	8.4857	9.4797	-26.04	-27.17	-28.42	-27.96	-178.1	-171.9					52	109	208	262	113	29.74	744
287.55	8.5142	9.5249	-26.605	-27.985	-28.945	-28.53	-164.9		27.5	29	1077	1106	24	46	102	142	59	29.89	373
289.05	8.5426	9.5701	-26.63	-28.07	-29.145	-28.395	-164						18	36	69	87	35	29.69	246
290.4	8.5682	9.6109	-26.93	-28.09	-28.595	-28.19							27	47	77	98	40	29.53	289
292.05	8.5994	9.6606	-26.39	-28.72	-29.025	-28.735	-157.7						9	21	34	46	20	29.72	130
293.55	8.6278	9.7058	-27.18	-28.8	-28.68	-28.57	-163.6						21	29	49	64	27	29.49	191
295.77	8.6699	9.7728	-27.01	-28.365	-29.115	-28.35	-166.5		27.2	18	464	482	105	189	355	424	165	29.57	1238
297.27	8.6983	9.8180	-27.32	-28.63	-28.85	-28.645	-182.7	-173.5					30	56	103	133	55	29.67	378
298.75	8.7264	9.8626	-27.06	-28.25	-29.35	-28.74	-185.4	-170	27	14	318	333	24	45	80	85	31	29.41	266
300.25	8.7548	9.9079	-27.375	-28.17	-28.835	-28.685	-186.3						61	107	182	217	82	29.47	649
301.2	8.7728	9.9365	-27.62	-29.58	-29.8	-29.28	-169.7		26.8	88	1670	1757	47	87	192	263	103	29.83	692
305.45	8.8585	10.0646	-27.875		-29.605	-29.355							13	35	85	148	74	30.32	356
306.95	8.9317	10.1099	-27.89	-29.08	-29.165	-28.915							21	35	58	76	33	29.58	223
308.45	9.0049	10.1551	-28.86	-29.635	-30.33	-30.04							26	47	75	90	36	29.46	273
315.05	9.3268	10.3541	-28.025	-28.945	-29.485	-29.305							35	60	54	135	62	29.75	346
316.4	9.3927	10.3948	-27.955	-29.33	-29.865	-29.44			27.3	15	436	451	20	38	85	121	52	29.93	316
318	9.4707	10.4430	-28.255	-28.82	-29.875	-29.05							24	31	58	58	24	29.28	194
319.1	9.5244	10.4762	-27.64	-28.945	-29.765	-29.405			27.3	15	430	445	18	38	83	117	47	29.9	302
324.75	9.8	10.6466	-27.565	-29.25	-29.8	-29.255	-166.4						33	66	140	227	102	30.05	568
326.25	9.8732	10.6918	-27.45	-29.12	-29.86	-29.54	-164.5		27	26	590	616	34	63	114	132	58	29.58	400
327.75	9.9463	10.7370	-28.115	-29.29	-30.68	-30.015	-170.3						27	38	62	73	31	29.37	230
329.25	10.025	10.7823	-27.885	-29.215	-30.37	-29.83	-172.9						21	43	75	89	38	29.6	266
330.75	10.118	10.8275	-28.05	-29.485	-30.805	-30.35							15	28	60	83	35	29.86	221
332.25	10.212	10.8727	-28.925	-30.08	-30.635	-30.2	-159		27.4	8	255	263	29	56	115	158	69	29.85	427
333.2	10.271	10.9014	-28.665	-29.935	-30.375	-30.135							28	47	79	69	30	29.21	253
