# NOAA Paleoclimatology Program - Paleocean Site Data
# k708-1-tab.txt
# Complete Data
# File Created: 18-Jan-2005
#
#*********************************************************************************
# Please cite the contributor and the original publications when using these data
#*********************************************************************************
#
# Missing Values indicated by '-999'
#
# PI:             SPECMAP Contributors
# Core/Site:      K708-1
# Latitude:       50.00.00N	( 50)
# Longitude:      23.44.00W	( -23.73333)
# Water Depth(m): 4053
#
# Publications:
#   Imbrie, J., E.A. Boyle, S.C. Clemens, A. Duffy, W.R. Howard, G. Kukla, J. Kutzbach,
#     D.G. Martinson, A. McIntyre, A.C. Mix, B. Molfino, J.J. Morley, L.C. Peterson,
#     N.G. Pisias, W.L. Prell, M.E. Raymo, N.J. Shackleton, and J.R. Toggweiler. 1992.
#     On the structure and origin of major glaciation cycles. 1. Linear responses to
#     Milankovitch forcing. Paleoceanography 7:701-738.
#------------------
#
# Description & Notes:
#   Late Quaternary variations in ocean hydrography (SPECMAP)
#   
#
# Variables:
#             depth         Depth (cm)
#             yrBP          radiocarbon years B.P. (Libby half-life; B.P. = 1950)
#             sst-aug       Sea Surface Temperature (C, August)
#             sst-feb       Sea Surface Temperature (C, February)
#
# CORE: K708-1
depth	yrBP 	sst-aug	sst-feb	
0	0	17.0154	11.0117	
10	1661	17.6736	11.2675	
20	3322	18.64	12.1576	
30	4983.1	17.5964	11.5703	
40	6644.1	16.8579	11.1371	
45	7474.6	17.2946	11.0684	
50	8305.1	16.1309	10.8016	
55	9135.6	14.9407	9.4614	
58	9633.9	14.4761	9.7879	
60	9924.2	13.5288	8.795	
62	10172.7	12.4487	5.6073	
65	10545.5	13.6068	9.2105	
70	11166.7	12.5065	8.4562	
72	11415.2	14	8.3567	
75	11787.9	14.1646	8.9327	
80	12409.1	10.2273	5.4647	
85	13030.3	10.2437	5.6367	
90	13651.5	6.5013	0.5679	
95	14272.7	6.6077	0.5271	
100	14893.9	6.3184	0.2949	
110	16136.4	6.6168	0.6974	
120	17378.8	6.5267	0.4179	
130	18621.2	6.5401	0.5566	
140	19863.6	6.7465	0.5859	
150	21106	7.8262	1.7086	
160	22348.5	6.6722	0.7927	
170	23590.9	6.8883	1.1149	
180	24833.3	6.9573	0.4967	
190	26075.7	6.4015	0.4231	
200	27318.2	9.1482	1.4603	
210	28560.6	8.9652	2.8814	
220	29803	6.8508	0.7927	
230	31045.4	14.545	7.8506	
240	32287.8	13.3619	7.7394	
250	33530.3	13.2506	6.6623	
260	34772.7	7.467	1.666	
270	36015.1	6.8829	0.5826	
280	37257.5	9.94	2.7613	
290	38500	9.821	2.561	
300	39742.4	11.0834	5.8618	
310	40984.8	13.5728	7.7371	
320	42227.2	13.5139	8.7798	
330	43469.7	6.6422	0.5749	
340	44712.1	7.339	1.8803	
350	45954.5	10.7466	4.7456	
360	47196.9	11.6083	5.3181	
370	48439.4	14.4424	8.666	
380	49681.8	10.7549	4.0323	
389	50800	9.4611	3.3636	
400	53710.1	10.6954	4.7774	
410	56355.7	11.4502	5.7753	
420	59001.3	7.1442	1.3057	
430	61646.8	7.0405	1.3447	
432	62175.9	7.4454	1.5244	
436	63234.2	6.6758	0.8111	
440	64292.4	6.4097	0.2985	
444	65350.6	7.5601	2.0822	
448	66408.9	6.643	1.0776	
452	67467.1	10.1455	5.2068	
456	68525.3	14.5604	8.3614	
460	69583.5	16.895	9.7989	
464	70641.8	16.4786	9.6601	
468	71700	16.6726	9.6948	
472	72408.7	12.3927	7.2874	
476	73117.4	16.4481	9.7745	
480	73826.1	17.508	10.1723	
484	74534.8	14.2137	8.3992	
500	77369.6	21.0351	12.8364	
510	79141.3	13.8827	9.043	
520	80913	18.9197	13.7979	
530	82684.8	14.7572	10.4831	
540	84456.5	16.0379	11.9137	
550	86228.3	15.5239	10.8627	
560	88000	13.1449	6.6903	
570	89300.3	12.2473	5.8377	
580	90600.7	18.3134	11.1312	
590	91901	12.5074	7.1584	
600	93201.3	14.6932	7.5419	
610	94501.7	14.2283	8.2076	
620	95802	16.2798	9.8223	
630	97102.3	14.7289	9.2966	
640	98402.7	21.1157	12.6065	
650	99703	15.9723	9.0176	
660	101003	17.2929	10.8855	
670	102304	14.0214	8.1907	
680	103604	14.9942	9.4442	
690	104904	14.4368	8.5919	
700	106205	16.5269	9.867	
710	107505	16.6142	9.5247	
720	108805	12.3716	7.6289	
730	110106	16.8902	9.5952	
740	111406	15.7729	10.1631	
750	112706	15.3723	10.035	
760	114007	10.1975	5.0818	
770	115307	17.804	10.7465	
780	116607	17.788	11.1494	
785	117258	19.035	11.8344	
790	117908	21.1033	13.3968	
795	118558	21.426	13.145	
800	119208	19.0201	12.1566	
805	119858	18.5806	12.0335	
810	120508	18.1922	11.7077	
815	121159	18.8456	12.2352	
820	121809	18.0535	12.1197	
825	122459	19.8756	13.1343	
830	123109	19.9342	13.2616	
835	123759	17.0155	11.3156	
840	124409	17.5327	11.7972	
845	125060	17.6196	11.059	
848	125450	16.8716	10.9241	
850	125710	17.7796	11.1038	
853	126100	14.617	9.1258	
855	126360	9.6219	4.2148	
858	126750	8.4013	3.109	
860	127308	8.7641	4.0067	
863	128144	9.5606	4.41	
865	128702	5.9597	-0.1262	
870	130096	6.3566	0.2165	
875	131490	6.8435	0.9698	
880	132884	8.5687	2.1869	
890	135672	8.7858	2.6987	
900	138460	6.0816	-0.0131	
910	141248	7.4328	1.4507	
920	144036	9.2688	2.0406	
930	146824	7.7215	1.8385	
940	149612	6.1159	0.036	
950	152400	6.2213	0.3262	
960	157500	10.5275	6.1749	
970	162600	8.8806	3.8384	
980	167700	14.6108	8.1211	
990	169500	8.8486	2.8367	
1000	171300	12.8636	4.9843	
1010	173100	8.472	2.6912	
1020	174900	7.4121	1.5594	
1030	176700	11.7653	6.8149	
1040	178500	7.5962	2.0655	
1050	180300	7.137	1.1256	
1060	183115	7.3956	1.307	
1070	185930	16.34	10.1017	
1080	189125	17.1689	10.0368	
1090	192320	14.2119	7.8432	
1100	195514	18.1583	10.9021	
1110	198709	17.1412	10.7377	
1120	201904	15.9611	9.7038	
1130	205099	17.6177	10.7746	
1140	208293	19.2816	11.8891	
1145	209891	16.3598	9.4722	
1150	211488	17.4185	10.7608	
1155	213086	15.7787	8.7848	
1160	214683	18.4301	11.165	
1164	215961	18.4302	10.3953	
1168	217239	17.674	9.8394	
1172	218517	18.0069	10.1363	
1176	219795	14.3616	7.4593	
1178	220434	11.345	5.9088	
1180	221073	8.0514	2.4895	
1182	221712	6.784	0.8052	
1184	222350	7.2231	1.3944	
1186	222989	9.1475	3.9251	
1188	223628	7.9811	2.5712	
1190	224267	7.3066	1.882	
1192	224906	7.1101	1.5781	
1194	225545	7.6644	2.251	
1196	226184	9.3398	3.4605	
1197	226504	17.1101	10.3931	
1200	227462	16.0536	7.8242	
1204	228740	14.5495	7.3944	
1208	229526	15.6998	10.1201	
1212	230311	16.6055	9.2489	
1216	231096	15.8918	9.179	
1220	231882	16.5782	10.7573	
1224	232667	15.4188	9.5549	
1228	233453	14.6327	7.4337	
1230	233845	17.4568	10.1125	
1235	234827	13.2995	6.0942	
1240	235809	16.5344	8.5032	
1245	236791	17.9746	10.811	
1250	237773	16.4043	9.2778	
1255	238755	19.6139	12.3151	
1260	239736	17.7863	10.9007	
1265	240718	19.4676	11.9021	
1270	241700	10.0654	4.8694	
1275	242682	10.9792	6.227	
1290	245627	8.29	3.2594	
1305	248573	9.9566	4.8826	
1325	252500	14.9079	7.1629	
1335	254464	11.4735	7.0217	
1350	257409	11.9431	6.011	
1360	259373	8.6107	2.2296	
