# NOAA Paleoclimatology Program - Paleocean Site Data
# m2421-y-tab.txt
# Complete Data
# File Created: 09-Dec-2011
#
#*********************************************************************************
# Please cite the contributor and the original publications when using these data
#*********************************************************************************
#
# Missing Values indicated by '-999'
#
# PI:             Masanobu Yamamoto
# Core/Site:      MD01-2421
# Latitude:       36.01.00N	( 36.01667)
# Longitude:      141.47.00E	( 141.7833)
# Water Depth(m): 2224
#
# Publications:
#   Yamamoto, M., R. Suemune, and T. Oba. 2005. Equatorward shift of the subarctic
#     boundary in the northwestern Pacific during the last deglaciation. Geophys. Res.
#     Lett., Vol. 32, L05609.
#   Oba, T., T. Irino, M. Yamamoto, M. Murayama, A. Takamura, and K. Aoki. 2006.
#     Paleoceanographic change off central Japan since the last 144,000 years based
#     on high-resolution oxygen and carbon isotope records. Global and Planetary Change,
#     53: 5-20.
#   Yamamoto, M., M. Yamamuro, and R. Tada. 2000. Late Quaternary records of organic
#     carbon, calcium carbonate and biomarkers from Site 1016 off Point Conception,
#     California margin.  ODP Scientific Results, 167, 183-194.
#------------------
#
# Description & Notes:
#   Northwestern Pacific 144KYr Alkenone Sea Surface Temperature Estimates.
#   The analysis of alkenones and the calculation of temperature were conducted following
#   the methods of Yamamoto et al. [2000] and Prahl et al. [1988], respectively,
#   with an analytical accuracy of 0.24°C. Please see Oba et al. (2006) for age-depth
#   model.
#
# MD01-2421 C14 Dates
# 
#   yrBP      radiocarbon years B.P. (Libby half-life; B.P. = 1950)
# 
#  Depth      yrBP          Error+        Error-           Cal Age
#  8           690           20            20                                310
#  158         2180          35            35                                1790
#  308         3705          25            25                                3620
#  456         5195          30            30                                5570
#  606         7100          35            35                                7570
#  806         10780         70            70                                12010
#  829         11270         55            55                                12880
#  1003        18250         90            90                                21110
#  1210       -999          -999          -999                               28590
# 
# Variables:
#             depth         Depth (cm)
#             calyrBP       calendar years B.P. (B.P. = 1950)
#             sst-uk37      Sea Surface Temperature from Uk'37 (C)
#             uk37          Alkenone saturation index
#
# CORE: MD01-2421
depth	calyrBP 	sst-uk37	uk37	
1.1875	239.7	18.598	0.671	
5.9375	286.6	17.363	0.629	
74.55	965	18.286	0.661	
225.45	2612.9	18.967	0.684	
375.7375	4512.5	19.058	0.687	
453.3333	5534.9	19.324	0.696	
523.9375	6475.8	19.47	0.701	
603.2333	7533.1	20.486	0.736	
674.525	9091.3	19.345	0.697	
719.8875	10098.3	19.332	0.696	
729.9875	10322.5	19.926	0.717	
747.9667	10721.7	19.852	0.714	
750.5	10777.9	19.882	0.715	
753.0333	10834.1	18.816	0.679	
755.5625	10890.3	18.288	0.661	
758.0875	10946.3	18.715	0.675	
760.6125	11002.4	18.116	0.655	
763.1375	11058.5	17.104	0.621	
765.6875	11115.1	16.836	0.611	
768.2625	11172.2	17.643	0.639	
770.8375	11229.4	17.954	0.649	
773.4125	11286.6	16.129	0.587	
775.9625	11343.2	16.607	0.604	
778.4875	11399.2	16.721	0.608	
781.0125	11455.3	15.81	0.577	
783.5375	11511.3	15.606	0.57	
786.05	11567.1	15.863	0.578	
788.55	11622.6	14.693	0.539	
791.05	11678.1	15.411	0.563	
793.55	11733.6	15.438	0.564	
796.05	11789.1	15.978	0.582	
798.55	11844.6	13.954	0.513	
801.05	11900.1	15.167	0.555	
806.0375	12011.6	15.129	0.553	
813.4625	12334	13.291	0.491	
815.975	12443.1	13.591	0.501	
821.075	12664.5	14.418	0.529	
823.625	12775.2	12.994	0.481	
828.65	13000	14.434	0.53	
833.65	13232.6	14.118	0.519	
838.725	13468.7	15.203	0.556	
841.275	13587.3	15.782	0.576	
843.825	13705.9	15.913	0.58	
846.35	13823.3	16.381	0.596	
848.85	13939.6	15.804	0.576	
853.85	14172.2	16.137	0.588	
858.7375	14399.5	16.067	0.585	
863.5875	14625.1	15.153	0.554	
868.5875	14857.7	14.812	0.543	
873.6375	15092.6	14.874	0.545	
878.6125	15324	15.063	0.551	
883.5625	15554.3	15.024	0.55	
893.6375	16022.9	15.961	0.582	
897.1375	16185.7	15.709	0.573	
902.0875	16416	14.631	0.536	
907.05	16646.8	15.085	0.552	
912.05	16879.4	14.465	0.531	
917.025	17110.8	16.683	0.606	
921.925	17338.7	14.465	0.531	
926.85	17567.8	16.911	0.614	
934.35	17916.7	16.843	0.612	
936.7875	18030.1	16.277	0.592	
941.5375	18251	15.174	0.555	
961.225	19166.8	16.819	0.611	
970.9625	19619.8	17.163	0.623	
980.9125	20082.6	17.421	0.631	
990.825	20543.7	17.428	0.632	
1000.813	21008.2	18.134	0.656	
1005.838	21212.5	17.819	0.645	
1020.75	21751.4	15.701	0.573	
1030.688	22110.5	17.043	0.618	
1052.938	22914.5	17.627	0.638	
1072.988	23639	17.122	0.621	
1093.088	24365.3	18.413	0.665	
1123.213	25453.9	18.604	0.672	
1203.333	28349.1	17.923	0.648	
1213.35	28904.5	18.822	0.679	
1233.45	30791.8	19.152	0.69	
1253.25	32650.9	18.42	0.665	
1273.25	34528.8	18.04	0.652	
1293.088	36391.5	18.305	0.661	
1312.95	37812.4	18.213	0.658	
1332.95	38573.2	18.385	0.664	
1353.25	39345.4	17.899	0.648	
1363.25	39725.8	17.63	0.638	
1382.863	40471.8	16.738	0.608	
1402.425	41216	17.135	0.622	
1421.85	41954.9	16.961	0.616	
1441.375	42697.6	17.527	0.635	
1461.075	43409.7	16.936	0.615	
1480.8	43920.8	17.29	0.627	
1508.438	44636.9	16.859	0.612	
1518.325	44893.1	18.175	0.657	
1538.25	45409.4	16.522	0.601	
1558.463	45933.2	16.742	0.608	
1578.438	46450.8	16.485	0.6	
1598.25	46964.2	16.778	0.609	
1618.363	47485.3	17.543	0.635	
1638.537	48008.1	18.117	0.655	
1654.15	48412.6	17.204	0.624	
1664.325	48676.3	18.623	0.672	
1684.338	49194.8	18.572	0.67	
1704.15	49708.2	18.12	0.655	
1724.15	50226.5	18.594	0.671	
1744.15	50744.7	18.398	0.665	
1763.988	51258.7	17.792	0.644	
1783.688	51818.1	18.594	0.671	
1802.55	52426.8	17.885	0.647	
1812.425	52745.5	18.518	0.669	
1832.088	53380	18.982	0.684	
1851.95	54021	19.436	0.7	
1871.762	54660.3	19.339	0.697	
1889.287	55225.9	19.324	0.696	
1909.088	55864.8	18.926	0.682	
1928.863	56503	18.521	0.669	
1950.417	57198.6	18.094	0.654	
1960.45	57522.3	18.654	0.673	
1980.25	58161.3	17.694	0.641	
2000.125	58802.7	18.316	0.662	
2019.325	60080.9	17.863	0.646	
2031.713	61050.3	18.156	0.656	
2087.75	65289.9	19.283	0.695	
2100.233	65607	17.858	0.646	
2169.65	67370.3	18.762	0.677	
2210.233	68401.2	18.892	0.681	
2250.087	69413.5	17.926	0.648	
2319.413	71174.5	17.832	0.645	
2384.163	72819.3	18.669	0.674	
2453.712	74318.5	18.569	0.67	
2534.988	75566	18.854	0.68	
2564.688	76021.9	19.548	0.704	
2604.175	76628	19.863	0.714	
2684.65	77863.2	20.464	0.735	
2784.65	80351.5	19.312	0.696	
2794.817	81512.1	19.43	0.7	
2814.962	83811.7	20.103	0.723	
2834.8	85543.9	18.248	0.659	
2844.762	85974	19.593	0.705	
2904.85	88568.6	19.165	0.691	
2925.137	89444.6	21.01	0.753	
2945.063	90305	20.896	0.749	
2984.55	91436.3	20.375	0.732	
3050.25	92737.8	20.239	0.727	
3130.817	94409.2	20.292	0.729	
3200.925	96181	20.476	0.735	
3280.617	98195.1	20.713	0.743	
3350.163	101021	20.909	0.75	
3386.762	103670	21.009	0.753	
3424.258	106583	20.596	0.739	
3434.135	107472	19.419	0.699	
3493.788	111630	19.618	0.706	
3533.8	113105	20.588	0.739	
3573.775	114579	19.756	0.711	
3583.775	114947	19.942	0.717	
3624.063	116432	17.878	0.647	
3643.988	117167	18.184	0.657	
3684.063	117806	20.333	0.73	
3723.975	118359	21.506	0.77	
3754.175	118778	22.118	0.791	
3794.55	119337	22.871	0.817	
3852.125	120136	22.439	0.802	
3922.85	121116	22.535	0.805	
4001.942	122213	22.182	0.793	
4051.858	123406	22.161	0.792	
4114.575	125539	21.769	0.779	
4151.675	126801	19.228	0.693	
4181.775	127825	18.146	0.656	
4221.788	129186	17.88	0.647	
4261.612	130536	17.929	0.649	
4301.658	131887	17.521	0.635	
4371.313	135213	16.968	0.616	
4451.513	139769	17.021	0.618	
4522.15	143781	17.337	0.628	
4527.525	144086	17.68	0.64	
