# NOAA Paleoclimatology Program - Paleocean Site Data
# md972120-tab.txt
# Complete Data
# File Created: 16-Jul-2009
#
#*********************************************************************************
# Please cite the contributor and the original publications when using these data
#*********************************************************************************
#
# Missing Values indicated by '-999'
#
# PI:             Katharina Pahnke
# Core/Site:      MD97-2120
# Latitude:       45.32.04S	( -45.53444)
# Longitude:      174.55.51E	( 174.9308)
# Water Depth(m): 1210
#
# Publications:
#   Pahnke, K., R. Zahn, H. Elderfield, and M. Schulz. 2003. 340,000-Year centennial-scale
#     marine record of southern hemisphere climatic oscillation. Science,
#     301(5635):948-952.
#   Shackleton, N.J., M.A. Hall, and E. Vincent. 2000. Phase relationships between
#     millennial scale events 64000 to 24000 years ago. Paleoceanography 15(6):565.
#   Stuiver, M., and P.J. Reimer. 1993. Extended 14C database and revised CALIB radiocarbon
#     calibration program. Radiocarbon 35:215-230.
#   Wilson, C.J.N., V.R. Switsur, and A.P. Ward. 1998. A new 14C age for the Oruanui
#     (Wairakei) eruption, New Zealand. Geological Magazine 125:297-300.
#   Shackleton, N.J. 2000. The 100,000-year ice-age cycle identified and found to
#     lag temperature, carbon dioxide, and orbital eccentricity. Science
#     289:1897-1902.
#   Voelker, A.H.L., P.M. Grootes, M.J. Nadeau, and M. Sarnthein. 2000. Radiocarbon
#     levels in the Iceland Sea from 25-53 kyr and their link to the Earth's magnetic
#     field intensity. Radiocarbon 42:437-452.
#   Carter, L., H.L. Neil, and I.N. McCave. 2000. Glacial to interglacial changes
#     in non-carbonate and carbonate accumulation in the SW Pacific Ocean, New Zealand.
#     Palaeogeography, Palaeoclimatology, Palaeoecology 162:333-356.
#   Pahnke, K., and R. Zahn. 2005. Southern Hemisphere water mass conversion linked
#     with North Atlantic climate variability. Science, 307, 1741. 1746. 
#------------------
#
# Description & Notes:
#   340 KYr SW Pacific d18O Data and Mg/Ca-based SST Reconstruction
#   
# Notes on Chronology:
#   Chronology from Pahnke '05.
#
#   yrBP      radiocarbon years B.P. (Libby half-life; B.P. = 1950)
#
#  Depth      yrBP          Error+        Error-                      Notes
#  22.5        1950         -999          -999                                      14C AMS Calib4.3 (Stuiver & Reimer 1993)
#  36.5        3560         -999          -999                                      14C AMS Calib4.3 (Stuiver & Reimer 1993)
#  98.5        7760         -999          -999                                      14C AMS Calib4.3 (Stuiver & Reimer 1993)
#  180.5       11110        -999          -999                                      14C AMS reversal, interpolated Calib4.3 (Stuiver & Reimer 1993)
#  202.5       12470        -999          -999                                      14C AMS Calib4.3 (Stuiver & Reimer 1993)
#  230.5       13940        -999          -999                                      14C AMS Calib4.3 (Stuiver & Reimer 1993)
#  252.5       14350        -999          -999                                      14C AMS Calib4.3 (Stuiver & Reimer 1993)
#  284         16700        -999          -999                                      14C AMS reversal, interpolated Calib4.3 (Stuiver & Reimer 1993)
#  471         26170        -999          -999                                      Kawakawa tephra. Wilson et al. 1988; Carter et al. 2000
#  525         29570        -999          -999                                      14C AMS Voelker et al. 1998; 2000
#  573         33010        -999          -999                                      14C AMS Voelker et al. 1998; 2000
#  633         35260        -999          -999                                      14C AMS Voelker et al. 1998; 2000
#  683.25      40020        -999          -999                                      d18Ob tuned to d18Ob of MD95-2042   Shackleton et al. 2000
#  737.25      44830        -999          -999                                      d18Ob tuned to d18Ob of MD95-2042   Shackleton et al. 2000
#  775.25      47540        -999          -999                                      d18Ob tuned to d18Ob of MD95-2042   Shackleton et al. 2000
#  831.25      55980        -999          -999                                      d18Ob tuned to d18Ob of MD95-2042   Shackleton et al. 2000
#  1061.25     72130        -999          -999                                      d18Ob tuned to d18Ob of MD95-2042   Shackleton et al. 2000
#  1451.25     105140       -999          -999                                      SST tuned to Vostok dD. Vostok age model of Shackleton 2000
#  1651.25     135280       -999          -999                                      SST tuned to Vostok dD. Vostok age model of Shackleton 2000
#  1991.25     161060       -999          -999                                      SST tuned to Vostok dD. Vostok age model of Shackleton 2000
#  2071.25     168710       -999          -999                                      SST tuned to Vostok dD. Vostok age model of Shackleton 2000
#  2241.25     180910       -999          -999                                      SST tuned to Vostok dD. Vostok age model of Shackleton 2000
#  2491.25     220320       -999          -999                                      SST tuned to Vostok dD. Vostok age model of Shackleton 2000
#  2561.25     233340       -999          -999                                      SST tuned to Vostok dD. Vostok age model of Shackleton 2000
#  2741.25     245550       -999          -999                                      SST tuned to Vostok dD. Vostok age model of Shackleton 2000
#  2911.25     262590       -999          -999                                      SST tuned to Vostok dD. Vostok age model of Shackleton 2000
#  3211.25     281730       -999          -999                                      SST tuned to Vostok dD. Vostok age model of Shackleton 2000
#  3351.25     298830       -999          -999                                      SST tuned to Vostok dD. Vostok age model of Shackleton 2000
#  3491.25     315920       -999          -999                                      SST tuned to Vostok dD. Vostok age model of Shackleton 2000
#  3621.25     337800       -999          -999                                      SST tuned to Vostok dD. Vostok age model of Shackleton 2000
#
# Variables:
#             depth         Depth (cm)
#             calyrBP       calendar years B.P. (B.P. = 1950)
#             d18Og.bull250-350           delta O18 PDB (Globigerina bulloides 250-350 micron)
#             Mg/Ca-g.bull  Magnesium/Calcium ratio (Globigerina Bulloides)
#             sst-mg/ca     Sea surface temperature from Mg/Ca (C)
#
# CORE: MD97-2120
depth	calyrBP 	d18Og.bull250-350	Mg/Ca-g.bull	sst-mg/ca	
22.5	1951	2.152	1.667	11.753	
24.5	-999	2.118	-999	-999	
26.5	-999	2.216	-999	-999	
28.5	-999	2.129	-999	-999	
30.5	-999	2.18	-999	-999	
32.5	3098	-999	1.772	12.324	
34.5	-999	2.192	-999	-999	
36.5	-999	1.976	-999	-999	
38.5	-999	2.02	-999	-999	
40.5	-999	1.982	-999	-999	
42.5	3964	2.108	2.056	13.713	
44.5	-999	2.158	-999	-999	
46.5	-999	2.037	-999	-999	
48.5	-999	1.972	-999	-999	
50.5	-999	2.109	-999	-999	
52.5	4643	1.793	1.87	12.827	
54.5	-999	2.084	-999	-999	
56.5	-999	1.903	-999	-999	
58.5	-999	2.045	-999	-999	
60.5	-999	2.085	-999	-999	
62.5	5321	2.086	1.874	12.847	
64.5	-999	1.902	-999	-999	
66.5	-999	1.753	-999	-999	
68.5	-999	1.89	-999	-999	
70.5	-999	1.908	-999	-999	
72.5	6000	1.916	1.754	12.228	
74.5	-999	1.812	-999	-999	
76.5	-999	1.844	-999	-999	
78.5	-999	1.871	-999	-999	
80.5	-999	2.114	-999	-999	
82.5	6678	2.025	1.799	12.465	
84.5	-999	2.085	-999	-999	
86.5	-999	1.886	-999	-999	
88.5	-999	2.073	-999	-999	
90.5	-999	1.852	-999	-999	
92.5	7357	1.954	2.152	14.14	
94.5	-999	1.901	-999	-999	
96.5	-999	1.803	-999	-999	
98.5	-999	1.789	-999	-999	
100.5	-999	1.822	-999	-999	
102.5	7924	1.824	1.878	12.867	
104.5	-999	2.035	-999	-999	
106.5	-999	1.985	-999	-999	
108.5	-999	1.873	-999	-999	
110.5	-999	2.107	-999	-999	
112.5	8324	1.911	1.986	13.389	
114.5	-999	1.997	-999	-999	
116.5	-999	2.066	-999	-999	
118.5	-999	1.949	-999	-999	
120.5	-999	1.923	-999	-999	
122.5	8724	1.817	1.877	12.862	
124.5	-999	2.028	-999	-999	
126.5	-999	1.955	-999	-999	
128.5	-999	1.983	-999	-999	
130.5	-999	1.872	-999	-999	
132.5	9124	1.764	1.968	13.304	
134.5	-999	1.758	-999	-999	
136.5	-999	1.895	-999	-999	
138.5	-999	1.871	-999	-999	
140.5	-999	1.723	-999	-999	
142.5	9524	1.943	1.666	11.747	
144.5	-999	2.026	-999	-999	
146.5	-999	1.912	-999	-999	
148.5	-999	1.909	-999	-999	
150.5	-999	1.945	-999	-999	
152.5	9924	1.777	2.112	13.964	
154.5	-999	1.613	-999	-999	
156.5	-999	1.828	-999	-999	
158.5	-999	1.68	-999	-999	
160.5	-999	1.826	-999	-999	
162.5	10324	1.704	2.398	15.151	
164.5	-999	1.954	-999	-999	
166.5	-999	1.875	-999	-999	
168.5	-999	1.597	-999	-999	
170.5	-999	2.025	-999	-999	
172.5	10724	1.781	2.147	14.118	
174.5	-999	2.194	-999	-999	
176.5	-999	1.728	-999	-999	
178.5	-999	1.617	-999	-999	
180.5	-999	1.974	-999	-999	
182.5	11174	1.616	2.119	13.995	
184.5	-999	1.312	-999	-999	
186.5	-999	1.797	-999	-999	
188.5	-999	1.711	-999	-999	
190.5	-999	1.452	-999	-999	
192.5	11823	1.694	1.988	13.398	
194.5	-999	1.298	-999	-999	
196.5	-999	1.894	-999	-999	
198.5	-999	1.632	-999	-999	
200.5	-999	1.88	-999	-999	
202.5	12472	1.467	2.079	13.817	
204.5	-999	1.863	-999	-999	
206.5	-999	2.183	-999	-999	
208.5	-999	2.011	-999	-999	
210.5	-999	1.804	-999	-999	
212.5	12997	2.704	1.702	11.947	
214.5	-999	2.327	-999	-999	
216.5	-999	2.471	-999	-999	
218.5	-999	2.362	-999	-999	
220.5	-999	2.391	-999	-999	
222.5	13522	2.299	1.695	11.909	
224.5	-999	2.241	-999	-999	
226.5	-999	2.462	-999	-999	
228.5	-999	2.615	-999	-999	
230.5	-999	2.528	-999	-999	
232.5	13979	2.407	1.734	12.121	
234.5	-999	1.958	-999	-999	
236.5	-999	2.248	-999	-999	
238.5	-999	2.003	-999	-999	
240.5	-999	2.368	-999	-999	
242.5	14162	2.602	1.917	13.059	
244.5	-999	2.404	-999	-999	
246.5	-999	2.372	-999	-999	
248.5	-999	2.388	-999	-999	
250.5	-999	2.348	-999	-999	
252.5	14345	2.118	1.917	13.059	
254.5	-999	2.416	-999	-999	
256.5	-999	2.779	-999	-999	
258.5	-999	2.469	-999	-999	
260.5	14868	2.54	1.878	12.867	
262.5	-999	3.029	-999	-999	
264.5	-999	3.036	-999	-999	
266.5	-999	2.862	-999	-999	
268.5	-999	2.559	-999	-999	
270.5	15522	2.517	1.656	11.691	
272.5	-999	2.617	-999	-999	
274.5	-999	2.69	-999	-999	
276.5	-999	2.787	-999	-999	
278.5	-999	3.594	-999	-999	
280.5	16175	2.863	1.41	10.188	
282.5	-999	3.218	-999	-999	
284.5	-999	3.187	-999	-999	
286.5	-999	2.993	-999	-999	
288.5	-999	3.055	-999	-999	
290.5	16743	3.03	1.514	10.853	
292.5	-999	2.796	-999	-999	
294.5	-999	3.026	-999	-999	
296.5	-999	2.616	-999	-999	
298.5	-999	2.821	-999	-999	
300.5	17266	2.466	1.851	12.732	
302.5	-999	2.805	-999	-999	
304.5	-999	2.587	-999	-999	
306.5	-999	3.248	-999	-999	
308.5	-999	3.726	-999	-999	
310.5	17788	3.17	1.35	9.782	
312.5	-999	4.039	-999	-999	
314.5	-999	4	-999	-999	
318.5	-999	4.276	-999	-999	
320.5	18310	3.954	1.179	8.516	
324.5	-999	4.195	-999	-999	
326.5	-999	3.914	-999	-999	
328.5	-999	3.887	-999	-999	
330.5	18832	4.22	1.17	8.444	
332.5	-999	3.914	-999	-999	
338.5	-999	3.755	-999	-999	
340.5	19355	4.222	1	6.977	
342.5	-999	4.148	-999	-999	
344.5	-999	3.407	-999	-999	
346.5	-999	4.027	-999	-999	
348.5	19772	3.887	0.938	6.38	
350.5	19877	3.804	1.312	9.515	
352.5	-999	3.698	-999	-999	
354.5	-999	3.609	-999	-999	
356.5	-999	4.187	-999	-999	
358.5	-999	3.872	-999	-999	
360.5	20399	3.764	1.059	7.513	
362.5	-999	3.849	-999	-999	
364.5	-999	4.105	-999	-999	
366.5	-999	4.018	-999	-999	
368.5	-999	3.74	-999	-999	
370.5	20921	4.02	1.087	7.757	
372.5	-999	3.877	-999	-999	
374.5	-999	3.73	-999	-999	
376.5	-999	3.275	-999	-999	
378.5	21339	3.296	1.401	10.127	
380.5	21444	4.216	1.547	11.055	
382.5	21548	3.18	1.161	8.372	
384.5	-999	3.814	-999	-999	
386.5	-999	3.905	-999	-999	
388.5	-999	3.684	-999	-999	
390.5	21966	3.359	1.095	7.825	
392.5	-999	3.121	-999	-999	
394.5	-999	3.911	-999	-999	
396.5	-999	3.3	-999	-999	
398.5	-999	3.301	-999	-999	
400.5	22488	3.484	1.045	7.388	
402.5	-999	3.553	-999	-999	
404.5	-999	3.717	-999	-999	
406.5	-999	3.762	-999	-999	
408.5	-999	3.788	-999	-999	
410.5	23010	4.067	1.298	9.415	
412.5	-999	3.762	-999	-999	
414.5	-999	3.879	-999	-999	
416.5	-999	3.837	-999	-999	
418.5	-999	3.882	-999	-999	
420.5	23533	4.07	1.328	9.628	
422.5	-999	3.817	-999	-999	
424.5	-999	3.642	-999	-999	
426.5	-999	3.764	-999	-999	
428.5	-999	3.73	-999	-999	
430.5	24055	4.004	1.133	8.144	
432.5	-999	3.433	-999	-999	
434.5	-999	3.77	-999	-999	
436.5	-999	3.638	-999	-999	
438.5	-999	3.567	-999	-999	
440.5	24577	3.814	1.191	8.611	
442.5	-999	3.615	-999	-999	
444.5	-999	3.532	-999	-999	
446.5	-999	3.477	-999	-999	
448.5	-999	3.417	-999	-999	
451	25126	3.411	1.26	9.137	
453	-999	3.34	-999	-999	
455	-999	3.314	-999	-999	
457	-999	3.87	-999	-999	
459	-999	3.996	-999	-999	
461	25648	4.022	1.412	10.201	
463	-999	3.608	-999	-999	
465	-999	3.657	-999	-999	
467	-999	4.026	-999	-999	
469	-999	3.686	-999	-999	
471	26170	3.791	1.392	10.068	
475	-999	4.112	-999	-999	
477	-999	3.955	-999	-999	
479	-999	3.885	-999	-999	
481	26622	4.128	1.067	7.583	
485	-999	4.075	-999	-999	
487	-999	4.151	-999	-999	
489	-999	4.272	-999	-999	
491	27074	3.924	1.059	7.513	
493	-999	3.818	-999	-999	
495	-999	3.934	-999	-999	
497	-999	4.072	-999	-999	
499	-999	3.764	-999	-999	
501	27526	3.753	1.236	8.957	
503	-999	3.444	-999	-999	
505	-999	3.861	-999	-999	
507	-999	3.477	-999	-999	
509	-999	3.717	-999	-999	
511	27977	3.599	1.126	8.086	
513	-999	3.37	-999	-999	
515	-999	3.364	-999	-999	
517	-999	3.63	-999	-999	
519	-999	3.455	-999	-999	
521	28429	3.421	1.39	10.055	
523	-999	3.036	-999	-999	
525	-999	3.434	-999	-999	
527	-999	3.458	-999	-999	
529	-999	3.404	-999	-999	
531	28935	3.196	1.377	9.967	
533	-999	3.336	-999	-999	
535	-999	3.229	-999	-999	
537	-999	2.841	-999	-999	
539	-999	3.287	-999	-999	
541	29477	3.204	1.222	8.851	
543	-999	3.825	-999	-999	
545	-999	3.737	-999	-999	
547	-999	3.234	-999	-999	
549	-999	3.505	-999	-999	
551	30018	-999	0.96	6.596	
553	-999	3.79	-999	-999	
555	-999	3.495	-999	-999	
557	-999	3.66	-999	-999	
559	-999	3.473	-999	-999	
561	30560	3.563	1.074	7.644	
563	-999	3.358	-999	-999	
565	-999	3.428	-999	-999	
567	-999	2.981	-999	-999	
569	-999	3.31	-999	-999	
571	31102	2.993	1.437	10.365	
573	-999	2.82	-999	-999	
575	-999	3.192	-999	-999	
577	-999	3.341	-999	-999	
579	-999	3.113	-999	-999	
581	31674	3.259	1.238	8.972	
583	-999	2.709	-999	-999	
585	-999	3.414	-999	-999	
587	-999	3.385	-999	-999	
589	-999	3.245	-999	-999	
591	32254	3.162	1.276	9.255	
593	-999	3.43	-999	-999	
595	-999	2.852	-999	-999	
597	-999	3.133	-999	-999	
599	-999	2.921	-999	-999	
603	32950	3.014	1.172	8.46	
605	-999	3.175	-999	-999	
607	-999	3.488	-999	-999	
609	-999	3.561	-999	-999	
611	33414	3.429	1.125	8.078	
613	-999	3.327	-999	-999	
615	-999	3.055	-999	-999	
617	-999	3.231	-999	-999	
619	-999	2.939	-999	-999	
621	33994	3.195	1.361	9.858	
623	-999	3.032	-999	-999	
625	-999	2.969	-999	-999	
627	-999	3.052	-999	-999	
629	-999	3.011	-999	-999	
631	34574	2.832	1.346	9.754	
633	-999	2.811	-999	-999	
635	-999	2.933	-999	-999	
637	-999	2.974	-999	-999	
639	-999	2.664	-999	-999	
641	35538	2.832	1.23	8.912	
643	-999	2.963	-999	-999	
645	-999	2.494	-999	-999	
647	-999	2.619	-999	-999	
649	-999	2.63	-999	-999	
651	36598	3.156	1.216	8.805	
653	-999	3.33	-999	-999	
655	-999	3.064	-999	-999	
657	-999	3.1	-999	-999	
659	-999	3.064	-999	-999	
661	37658	2.818	1.539	11.006	
663	-999	2.849	-999	-999	
665.25	-999	2.995	-999	-999	
667.25	-999	2.841	-999	-999	
669.25	-999	2.878	-999	-999	
671.25	38745	2.799	1.579	11.246	
673.25	-999	3.052	-999	-999	
675.25	-999	2.849	-999	-999	
677.25	-999	2.927	-999	-999	
679.25	-999	3.153	-999	-999	
681.25	39805	3.358	1.393	10.075	
683.25	-999	3.363	-999	-999	
685.25	-999	3.128	-999	-999	
687.25	-999	3.375	-999	-999	
689.25	40552	3.013	1.176	8.491	
691.25	-999	3.577	-999	-999	
693.25	-999	3.449	-999	-999	
695.25	-999	3.309	-999	-999	
697.25	-999	3.281	-999	-999	
699.25	41443	3.405	1.129	8.113	
701.25	-999	3.427	-999	-999	
703.25	-999	3.571	-999	-999	
705.25	-999	3.215	-999	-999	
707.25	-999	3.259	-999	-999	
709.25	-999	3.324	-999	-999	
711.25	42512	3.114	1.13	8.119	
713.25	-999	3.472	-999	-999	
715.25	-999	3.581	-999	-999	
717.25	-999	3.485	-999	-999	
719.25	-999	3.411	-999	-999	
721.25	43403	3.247	1.267	9.189	
723.25	-999	3.209	-999	-999	
725.25	-999	3.124	-999	-999	
727.25	-999	3.186	-999	-999	
729.25	-999	3.46	-999	-999	
731.25	44294	3.489	1.164	8.396	
733.25	-999	3.675	-999	-999	
735.25	-999	3.307	-999	-999	
737.25	-999	2.895	-999	-999	
739.25	-999	3.003	-999	-999	
741.25	45114	2.87	1.35	9.782	
743.25	-999	2.914	-999	-999	
745.25	-999	2.855	-999	-999	
747.25	-999	2.887	-999	-999	
749.25	-999	3.012	-999	-999	
751.25	45827	2.903	1.584	11.276	
753.25	-999	2.88	-999	-999	
755.25	46113	3.014	1.466	10.55	
757.25	-999	3.163	-999	-999	
759.25	-999	3.292	-999	-999	
761.25	46541	3.194	1.099	7.859	
763.25	-999	3.145	-999	-999	
765.25	-999	3.309	-999	-999	
767.25	-999	3.358	-999	-999	
769.25	-999	3.286	-999	-999	
771.25	47254	3.181	1.141	8.21	
773.25	-999	3.016	-999	-999	
775.25	-999	3.351	-999	-999	
777.25	-999	2.935	-999	-999	
779.25	-999	3.124	-999	-999	
781.25	48443	3.098	1.164	8.396	
783.25	-999	2.682	-999	-999	
785.25	-999	2.983	-999	-999	
787.25	-999	2.624	-999	-999	
789.25	-999	2.934	-999	-999	
791.25	49950	2.92	1.347	9.761	
793.25	-999	2.832	-999	-999	
795.25	-999	2.778	-999	-999	
797.25	-999	2.82	-999	-999	
799.25	-999	2.684	-999	-999	
801.25	51457	2.749	1.546	11.049	
803.25	-999	2.625	-999	-999	
805.25	-999	2.728	-999	-999	
807.25	-999	2.876	-999	-999	
809.25	-999	2.913	-999	-999	
811.25	52964	2.673	1.457	10.495	
813.25	-999	2.716	-999	-999	
815.25	-999	3.434	-999	-999	
817.25	-999	2.93	-999	-999	
819.25	-999	2.817	-999	-999	
821.25	54471	3.051	1.38	9.987	
823.25	-999	2.888	-999	-999	
825.25	-999	2.84	-999	-999	
827.25	-999	2.925	-999	-999	
829.25	-999	2.993	-999	-999	
831.25	55978	3.103	1.279	9.277	
833.25	-999	3.006	-999	-999	
835.25	-999	3.095	-999	-999	
837.25	-999	3.117	-999	-999	
839.25	-999	2.811	-999	-999	
841.25	56680	2.959	1.34	9.712	
843.25	-999	2.696	-999	-999	
845.25	-999	2.812	-999	-999	
847.25	-999	2.642	-999	-999	
849.25	-999	2.719	-999	-999	
851.25	57382	2.606	1.597	11.352	
853.25	-999	2.907	-999	-999	
855.25	-999	2.525	-999	-999	
857.25	-999	2.853	-999	-999	
859.25	-999	2.941	-999	-999	
861.25	58084	2.966	1.633	11.56	
863.25	-999	2.676	-999	-999	
865.25	-999	2.698	-999	-999	
867.25	-999	2.315	-999	-999	
869.25	-999	2.554	-999	-999	
871.25	58787	2.655	1.717	12.029	
873.25	-999	2.704	-999	-999	
875.25	-999	2.511	-999	-999	
877.25	-999	2.67	-999	-999	
879.25	-999	2.582	-999	-999	
881.25	59489	2.952	1.47	10.578	
883.25	-999	2.679	-999	-999	
885.25	-999	2.789	-999	-999	
887.25	-999	2.303	-999	-999	
889.25	-999	2.625	-999	-999	
891.25	60191	2.468	1.524	10.915	
893.25	-999	2.398	-999	-999	
895.25	-999	3.154	-999	-999	
897.25	-999	3.033	-999	-999	
899.25	-999	2.836	-999	-999	
901.25	60893	3.255	1.377	9.967	
903.25	-999	2.746	-999	-999	
905.25	-999	2.933	-999	-999	
907.25	-999	2.764	-999	-999	
909.25	-999	3.16	-999	-999	
911.25	61595	3.225	1.166	8.412	
913.25	-999	3.639	-999	-999	
915.25	-999	3.583	-999	-999	
917.25	-999	3.633	-999	-999	
919.25	-999	3.288	-999	-999	
921.25	62297	3.531	1.11	7.952	
923.25	-999	3.18	-999	-999	
925.25	-999	3.342	-999	-999	
927.25	-999	2.984	-999	-999	
929.25	-999	2.906	-999	-999	
931.25	62999	3.417	1.084	7.731	
933.25	-999	3.212	-999	-999	
935.25	-999	3.162	-999	-999	
937.25	-999	3.159	-999	-999	
939.25	-999	3.137	-999	-999	
941.25	63701	3.288	1.215	8.797	
943.25	-999	3.018	-999	-999	
945.25	-999	3.361	-999	-999	
947.25	-999	3.532	-999	-999	
949.25	-999	3.557	-999	-999	
951.25	64404	3.388	1.066	7.574	
953.25	-999	3.209	-999	-999	
955.25	-999	3.577	-999	-999	
957.25	-999	2.487	-999	-999	
959.25	-999	2.451	-999	-999	
961.25	65106	3.203	1.25	9.063	
963.25	-999	3.446	-999	-999	
965.25	-999	3.205	-999	-999	
967.25	-999	3.342	-999	-999	
969.25	-999	2.845	-999	-999	
971.25	65808	2.425	1.682	11.837	
973.25	-999	2.212	-999	-999	
975.25	-999	1.971	-999	-999	
977.25	-999	2.165	-999	-999	
979.25	-999	1.986	-999	-999	
981.25	66510	2.338	1.63	11.543	
983.25	-999	2.401	-999	-999	
985.25	-999	2.558	-999	-999	
987.25	-999	2.446	-999	-999	
989.25	-999	2.388	-999	-999	
991.25	67212	2.191	1.413	10.208	
993.25	-999	2.346	-999	-999	
995.25	-999	2.676	-999	-999	
997.25	-999	2.324	-999	-999	
999.25	-999	2.337	-999	-999	
1001.25	67914	3.04	1.27	9.211	
1003.25	-999	3.079	-999	-999	
1005.25	-999	2.393	-999	-999	
1007.25	-999	3.582	-999	-999	
1009.25	-999	3.384	-999	-999	
1011.25	68616	3.417	1.049	7.424	
1013.25	-999	3.427	-999	-999	
1015.25	-999	3.426	-999	-999	
1017.25	-999	3.494	-999	-999	
1019.25	-999	3.44	-999	-999	
1021.25	69318	-999	1.255	9.1	
1023.25	-999	3.389	-999	-999	
1025.25	-999	3.587	-999	-999	
1027.25	-999	3.806	-999	-999	
1029.25	-999	3.659	-999	-999	
1031.25	70021	3.473	1.167	8.42	
1033.25	-999	3.458	-999	-999	
1035.25	-999	3.69	-999	-999	
1037.25	-999	3.62	-999	-999	
1039.25	-999	3.288	-999	-999	
1041.25	70723	3.298	1.172	8.46	
1043.25	-999	3.645	-999	-999	
1045.25	-999	3.608	-999	-999	
1047.25	-999	3.488	-999	-999	
1049.25	-999	3.752	-999	-999	
1051.25	71425	3.726	1.505	10.798	
1053.25	-999	3.389	-999	-999	
1055.25	-999	3.012	-999	-999	
1057.25	-999	3.488	-999	-999	
1059.25	-999	2.935	-999	-999	
1061.25	72127	3.057	1.442	10.398	
1063.25	-999	3.005	-999	-999	
1065.25	-999	2.713	-999	-999	
1067.25	-999	2.583	-999	-999	
1069.25	-999	2.686	-999	-999	
1071.25	72973	2.906	1.569	11.187	
1073.25	-999	2.77	-999	-999	
1075.25	-999	2.928	-999	-999	
1077.25	-999	2.763	-999	-999	
1079.25	-999	2.9	-999	-999	
1081.25	73820	2.492	1.3	9.429	
1083.25	-999	2.535	-999	-999	
1085.25	-999	2.426	-999	-999	
1087.25	-999	2.723	-999	-999	
1089.25	-999	2.901	-999	-999	
1091.25	74666	2.781	1.45	10.45	
1093.25	-999	2.762	-999	-999	
1095.25	-999	3.016	-999	-999	
1097.25	-999	2.871	-999	-999	
1099.25	-999	3.072	-999	-999	
1101.25	75513	2.729	1.292	9.371	
1103.25	-999	2.822	-999	-999	
1105.25	-999	3.003	-999	-999	
1107.25	-999	2.973	-999	-999	
1109.25	-999	2.771	-999	-999	
1111.25	76359	2.868	1.509	10.822	
1113.25	-999	2.763	-999	-999	
1115.25	-999	3.123	-999	-999	
1117.25	-999	3.059	-999	-999	
1119.25	-999	2.787	-999	-999	
1121.25	77206	2.883	1.42	10.254	
1123.25	-999	3.011	-999	-999	
1125.25	-999	2.911	-999	-999	
1127.25	-999	2.881	-999	-999	
1129.25	-999	2.824	-999	-999	
1131.25	78052	2.857	1.461	10.52	
1133.25	-999	2.873	-999	-999	
1135.25	-999	2.754	-999	-999	
1137.25	-999	2.736	-999	-999	
1139.25	-999	2.655	-999	-999	
1141.25	78898	2.728	1.508	10.816	
1143.25	-999	2.766	-999	-999	
1145.25	-999	2.647	-999	-999	
1147.25	-999	2.735	-999	-999	
1149.25	-999	2.74	-999	-999	
1151.25	79745	2.668	1.693	11.898	
1153.25	-999	2.74	-999	-999	
1155.25	-999	2.833	-999	-999	
1157.25	-999	2.771	-999	-999	
1159.25	-999	2.73	-999	-999	
1161.25	80591	2.746	1.745	12.18	
1163.25	-999	2.743	-999	-999	
1165.25	-999	2.662	-999	-999	
1167.25	-999	2.659	-999	-999	
1169.25	-999	2.616	-999	-999	
1171.25	81438	2.558	1.724	12.067	
1173.25	-999	2.493	-999	-999	
1175.25	-999	2.597	-999	-999	
1177.25	-999	2.539	-999	-999	
1179.25	-999	2.531	-999	-999	
1181.25	82284	2.416	1.918	13.064	
1183.25	-999	2.363	-999	-999	
1185.25	-999	2.382	-999	-999	
1187.25	-999	2.299	-999	-999	
1189.25	-999	2.253	-999	-999	
1191.25	83131	2.381	1.843	12.691	
1193.25	-999	2.087	-999	-999	
1195.25	-999	1.995	-999	-999	
1197.25	-999	2.031	-999	-999	
1199.25	-999	2.156	-999	-999	
1201.25	83977	2.09	1.946	13.199	
1203.25	-999	2.237	-999	-999	
1205.25	-999	2.675	-999	-999	
1207.25	-999	2.667	-999	-999	
1209.25	-999	2.662	-999	-999	
1211.25	84824	2.66	1.602	11.381	
1213.25	-999	2.55	-999	-999	
1215.25	-999	2.816	-999	-999	
1219.25	-999	2.534	-999	-999	
1221.25	85670	2.722	1.7	11.936	
1223.25	-999	2.8	-999	-999	
1225.25	-999	2.611	-999	-999	
1227.25	-999	2.708	-999	-999	
1229.25	-999	2.571	-999	-999	
1231.25	86516	2.693	1.541	11.019	
1233.25	-999	2.674	-999	-999	
1235.25	-999	2.358	-999	-999	
1237.25	-999	2.753	-999	-999	
1239.25	-999	2.567	-999	-999	
1241.25	87363	2.968	1.346	9.754	
1243.25	-999	2.68	-999	-999	
1245.25	-999	2.904	-999	-999	
1247.25	-999	2.865	-999	-999	
1249.25	-999	2.676	-999	-999	
1251.25	88209	3.127	1.273	9.233	
1253.25	-999	2.892	-999	-999	
1255.25	-999	3.035	-999	-999	
1257.25	-999	2.955	-999	-999	
1259.25	-999	2.899	-999	-999	
1261.25	89056	2.804	1.468	10.565	
1263.25	-999	2.944	-999	-999	
1265.25	-999	2.561	-999	-999	
1267.25	-999	2.717	-999	-999	
1269.25	-999	2.773	-999	-999	
1271.25	89902	2.777	1.466	10.552	
1273.25	-999	2.65	-999	-999	
1275.25	-999	2.556	-999	-999	
1277.25	-999	2.592	-999	-999	
1279.25	-999	2.576	-999	-999	
1281.25	90749	2.472	1.555	11.103	
1283.25	-999	2.692	-999	-999	
1285.25	-999	2.694	-999	-999	
1287.25	-999	2.756	-999	-999	
1289.25	-999	2.818	-999	-999	
1291.25	91595	-999	1.437	10.367	
1293.25	-999	2.885	-999	-999	
1295.25	-999	2.985	-999	-999	
1297.25	-999	2.861	-999	-999	
1299.25	-999	2.899	-999	-999	
1301.25	92441	2.756	1.421	10.261	
1303.25	-999	2.69	-999	-999	
1305.25	-999	2.906	-999	-999	
1307.25	-999	2.78	-999	-999	
1309.25	-999	2.786	-999	-999	
1311.25	93288	2.62	1.547	11.055	
1313.25	-999	2.753	-999	-999	
1315.25	-999	2.619	-999	-999	
1317.25	-999	2.878	-999	-999	
1319.25	-999	2.685	-999	-999	
1321.25	94134	2.843	1.664	11.736	
1323.25	-999	2.591	-999	-999	
1325.25	-999	2.72	-999	-999	
1327.25	-999	2.665	-999	-999	
1329.25	-999	2.707	-999	-999	
1331.25	94981	2.576	1.642	11.612	
1333.25	-999	2.54	-999	-999	
1335.25	-999	2.593	-999	-999	
1337.25	-999	2.641	-999	-999	
1339.25	-999	2.713	-999	-999	
1341.25	95827	2.63	1.571	11.199	
1351.25	96674	2.598	1.601	11.375	
1353.25	-999	2.486	-999	-999	
1355.25	-999	2.542	-999	-999	
1357.25	-999	2.602	-999	-999	
1359.25	-999	2.67	-999	-999	
1361.25	97520	2.515	1.595	11.34	
1363.25	-999	2.531	-999	-999	
1365.25	-999	2.436	-999	-999	
1367.25	-999	2.467	-999	-999	
1369.25	-999	2.811	-999	-999	
1371.25	98367	2.658	1.661	11.719	
1373.25	-999	2.571	-999	-999	
1375.25	-999	2.545	-999	-999	
1377.25	-999	2.459	-999	-999	
1379.25	-999	2.539	-999	-999	
1381.25	99213	2.496	1.827	12.61	
1383.25	-999	2.636	-999	-999	
1385.25	-999	2.632	-999	-999	
1387.25	-999	2.705	-999	-999	
1389.25	-999	2.684	-999	-999	
1391.25	100059	2.622	1.816	12.553	
1393.25	-999	2.704	-999	-999	
1395.25	-999	2.721	-999	-999	
1397.25	-999	2.682	-999	-999	
1399.25	-999	2.858	-999	-999	
1401.25	100906	2.86	1.557	11.115	
1403.25	-999	2.869	-999	-999	
1405.25	-999	2.937	-999	-999	
1407.25	-999	2.897	-999	-999	
1409.25	-999	2.876	-999	-999	
1411.25	101752	2.725	1.613	11.445	
1413.25	-999	2.797	-999	-999	
1415.25	-999	2.862	-999	-999	
1417.25	-999	2.766	-999	-999	
1419.25	-999	2.614	-999	-999	
1421.25	102599	2.795	1.571	11.199	
1423.25	-999	2.711	-999	-999	
1425.25	-999	2.658	-999	-999	
1427.25	-999	2.694	-999	-999	
1429.25	-999	2.77	-999	-999	
1431.25	103445	2.65	1.773	12.329	
1433.25	-999	2.757	-999	-999	
1435.25	-999	2.671	-999	-999	
1437.25	-999	2.759	-999	-999	
1439.25	-999	2.652	-999	-999	
1441.25	104292	2.736	1.796	12.45	
1443.25	-999	2.661	-999	-999	
1445.25	-999	2.826	-999	-999	
1447.25	-999	2.722	-999	-999	
1449.25	-999	2.494	-999	-999	
1451.25	105138	2.404	1.775	12.339	
1453.25	-999	2.691	-999	-999	
1455.25	-999	2.953	-999	-999	
1457.25	-999	2.896	-999	-999	
1459.25	-999	2.885	-999	-999	
1461.25	106646	2.81	1.422	10.266	
1463.25	-999	2.827	-999	-999	
1465.25	-999	2.712	-999	-999	
1467.25	-999	2.664	-999	-999	
1469.25	-999	2.696	-999	-999	
1471.25	108153	2.502	1.586	11.29	
1473.25	-999	2.608	-999	-999	
1475.25	-999	2.485	-999	-999	
1477.25	-999	2.444	-999	-999	
1479.25	-999	2.603	-999	-999	
1481.25	109660	2.595	1.554	11.097	
1483.25	-999	2.319	-999	-999	
1485.25	-999	2.506	-999	-999	
1487.25	-999	2.617	-999	-999	
1489.25	-999	2.349	-999	-999	
1491.25	111168	2.602	1.638	11.589	
1493.25	-999	2.462	-999	-999	
1495.25	-999	2.736	-999	-999	
1497.25	-999	2.52	-999	-999	
1499.25	-999	2.354	-999	-999	
1501.25	112676	2.556	1.568	11.181	
1503.25	-999	2.454	-999	-999	
1505.25	-999	2.374	-999	-999	
1507.25	-999	2.526	-999	-999	
1509.25	-999	2.253	-999	-999	
1511.25	114183	2.265	1.686	11.859	
1513.25	-999	2.3	-999	-999	
1515.25	-999	2.15	-999	-999	
1517.25	-999	2.102	-999	-999	
1519.25	-999	2.016	-999	-999	
1521.25	115690	1.938	1.769	12.308	
1523.25	-999	1.875	-999	-999	
1525.25	-999	1.699	-999	-999	
1527.25	-999	1.804	-999	-999	
1529.25	-999	1.863	-999	-999	
1531.25	117198	1.81	1.936	13.151	
1533.25	-999	1.705	-999	-999	
1535.25	-999	1.767	-999	-999	
1537.25	-999	1.748	-999	-999	
1539.25	-999	1.508	-999	-999	
1541.25	118706	1.59	2.083	13.835	
1543.25	-999	1.696	-999	-999	
1545.25	-999	2.122	-999	-999	
1547.25	-999	2.222	-999	-999	
1549.25	-999	2.198	-999	-999	
1551.25	120213	1.5	1.963	13.281	
1553.25	-999	1.479	-999	-999	
1555.25	-999	1.661	-999	-999	
1557.25	-999	1.649	-999	-999	
1559.25	-999	1.565	-999	-999	
1561.25	121720	1.57	1.889	12.921	
1563.25	-999	1.539	-999	-999	
1565.25	-999	1.418	-999	-999	
1567.25	-999	1.528	-999	-999	
1569.25	-999	1.309	-999	-999	
1571.25	123228	1.552	2.123	14.013	
1573.25	-999	1.523	-999	-999	
1575.25	-999	1.283	-999	-999	
1577.25	-999	1.104	-999	-999	
1579.25	-999	1.319	-999	-999	
1581.25	124736	1.313	2.226	14.456	
1583.25	-999	1.094	-999	-999	
1585.25	-999	1.153	-999	-999	
1587.25	-999	1.786	-999	-999	
1589.25	-999	1.125	-999	-999	
1591.25	126243	1.665	2.642	16.057	
1593.25	-999	1.35	-999	-999	
1595.25	-999	1.645	-999	-999	
1597.25	-999	1.699	-999	-999	
1599.25	-999	2.068	-999	-999	
1601.25	127750	1.616	2.067	13.763	
1603.25	-999	1.935	-999	-999	
1605.25	-999	1.876	-999	-999	
1607.25	-999	1.835	-999	-999	
1609.25	-999	2.282	-999	-999	
1611.25	129258	2.359	1.985	13.385	
1613.25	-999	2.175	-999	-999	
1615.25	-999	2.166	-999	-999	
1617.25	-999	2.203	-999	-999	
1619.25	-999	2.172	-999	-999	
1621.25	130766	2.448	2.023	13.562	
1623.25	-999	2.497	-999	-999	
1625.25	-999	2.816	-999	-999	
1627.25	-999	2.698	-999	-999	
1629.25	-999	2.805	-999	-999	
1631.25	132273	2.69	1.802	12.481	
1633.25	-999	2.865	-999	-999	
1635.25	-999	2.374	-999	-999	
1637.25	-999	2.833	-999	-999	
1639.25	-999	3.054	-999	-999	
1641.25	133780	2.699	1.889	12.921	
1643.25	-999	2.801	-999	-999	
1645.25	-999	3.17	-999	-999	
1647.25	-999	3.236	-999	-999	
1649.25	-999	3	-999	-999	
1651.25	135288	3.686	1.598	11.358	
1653.25	-999	3.292	-999	-999	
1655.25	-999	3.537	-999	-999	
1657.25	-999	3.621	-999	-999	
1659.25	-999	3.195	-999	-999	
1661.25	136046	3.127	1.393	10.075	
1663.25	-999	3.54	-999	-999	
1665.25	-999	2.884	-999	-999	
1667.25	-999	2.805	-999	-999	
1669.25	-999	3.409	-999	-999	
1671.25	136804	3.429	1.22	8.836	
1673.25	-999	3.59	-999	-999	
1675.25	-999	3.616	-999	-999	
1677.25	-999	3.684	-999	-999	
1679.25	-999	3.679	-999	-999	
1681.25	-999	3.709	-999	-999	
1683.25	137714	3.512	1.055	7.477	
1685.25	-999	3.663	-999	-999	
1687.25	-999	4.174	-999	-999	
1689.25	-999	4.214	-999	-999	
1691.25	138320	3.868	1.199	8.673	
1693.25	-999	4.255	-999	-999	
1695.25	-999	4.058	-999	-999	
1697.25	-999	3.917	-999	-999	
1699.25	-999	3.878	-999	-999	
1701.25	139078	3.927	1.017	7.135	
1703.25	-999	3.337	-999	-999	
1705.25	-999	3.726	-999	-999	
1707.25	-999	3.619	-999	-999	
1709.25	-999	3.614	-999	-999	
1711.25	139836	3.626	1.175	8.484	
1713.25	-999	3.686	-999	-999	
1715.25	-999	3.63	-999	-999	
1717.25	-999	3.168	-999	-999	
1719.25	-999	3.311	-999	-999	
1721.25	140594	3.361	1.433	10.339	
1723.25	-999	3.053	-999	-999	
1725.25	-999	3.336	-999	-999	
1727.25	-999	3.297	-999	-999	
1729.25	-999	3.281	-999	-999	
1731.25	141352	3.269	1.558	11.121	
1733.25	-999	2.998	-999	-999	
1735.25	-999	3.181	-999	-999	
1737.25	-999	3.127	-999	-999	
1739.25	-999	3.132	-999	-999	
1741.25	142111	2.873	1.392	10.068	
1743.25	-999	3.373	-999	-999	
1745.25	-999	3.324	-999	-999	
1747.25	-999	3.234	-999	-999	
1751.25	142869	3.217	1.375	9.953	
1753.25	-999	3.22	-999	-999	
1755.25	-999	2.98	-999	-999	
1757.25	-999	3.265	-999	-999	
1759.25	-999	2.928	-999	-999	
1761.25	143627	3.197	1.431	10.326	
1763.25	-999	3.393	-999	-999	
1765.25	-999	3.287	-999	-999	
1767.25	-999	3.278	-999	-999	
1769.25	-999	3.238	-999	-999	
1771.25	144385	3.154	1.24	8.987	
1773.25	-999	3.328	-999	-999	
1775.25	-999	3.174	-999	-999	
1777.25	-999	3.078	-999	-999	
1779.25	-999	3.257	-999	-999	
1781.25	145143	3.309	1.252	9.077	
1783.25	-999	3.314	-999	-999	
1785.25	-999	3.295	-999	-999	
1787.25	-999	3.303	-999	-999	
1789.25	-999	3.298	-999	-999	
1791.25	145901	3.151	1.38	9.987	
1793.25	-999	2.831	-999	-999	
1795.25	-999	3.158	-999	-999	
1797.25	-999	2.739	-999	-999	
1799.25	-999	2.936	-999	-999	
1801.25	146659	2.858	1.482	10.654	
1803.25	-999	2.842	-999	-999	
1805.25	-999	2.816	-999	-999	
1807.25	-999	3.004	-999	-999	
1809.25	-999	2.837	-999	-999	
1811.25	147417	2.904	1.394	10.082	
1813.25	-999	3.001	-999	-999	
1815.25	-999	3.027	-999	-999	
1817.25	-999	3.102	-999	-999	
1819.25	-999	3.05	-999	-999	
1821.25	148175	2.933	1.654	11.68	
1823.25	-999	2.93	-999	-999	
1825.25	-999	3.036	-999	-999	
1827.25	-999	2.683	-999	-999	
1829.25	-999	2.636	-999	-999	
1831.25	148933	3.063	1.498	10.754	
1833.25	-999	2.598	-999	-999	
1835.25	-999	2.721	-999	-999	
1837.25	-999	2.224	-999	-999	
1839.25	-999	2.562	-999	-999	
1841.25	149691	2.838	1.777	12.35	
1843.25	-999	2.692	-999	-999	
1845.25	-999	2.711	-999	-999	
1847.25	-999	3.12	-999	-999	
1849.25	-999	2.855	-999	-999	
1851.25	150449	3.19	1.641	11.606	
1853.25	-999	3.093	-999	-999	
1855.25	-999	3.007	-999	-999	
1857.25	-999	3.163	-999	-999	
1859.25	-999	2.932	-999	-999	
1861.25	151207	2.935	1.387	10.034	
1863.25	-999	2.369	-999	-999	
1865.25	-999	2.512	-999	-999	
1867.25	-999	3.184	-999	-999	
1869.25	-999	2.881	-999	-999	
1871.25	151965	2.92	1.538	11	
1873.25	-999	2.811	-999	-999	
1875.25	-999	2.932	-999	-999	
1877.25	-999	2.927	-999	-999	
1879.25	-999	3.335	-999	-999	
1881.25	152723	3.211	1.15	8.283	
1883.25	-999	3.281	-999	-999	
1885.25	-999	3.366	-999	-999	
1887.25	-999	3.194	-999	-999	
1889.25	-999	3.215	-999	-999	
1891.25	153481	3.342	1.304	9.458	
1893.25	-999	3.323	-999	-999	
1895.25	-999	3.643	-999	-999	
1897.25	-999	3.768	-999	-999	
1899.25	-999	3.892	-999	-999	
1901.25	154239	3.817	0.967	6.663	
1903.25	-999	3.848	-999	-999	
1905.25	-999	3.887	-999	-999	
1907.25	-999	4.105	-999	-999	
1909.25	-999	3.486	-999	-999	
1911.25	154998	3.99	0.959	6.586	
1913.25	-999	3.917	-999	-999	
1915.25	-999	3.781	-999	-999	
1917.25	-999	3.732	-999	-999	
1919.25	-999	3.454	-999	-999	
1921.25	155756	3.505	1.154	8.316	
1923.25	-999	3.657	-999	-999	
1925.25	-999	3.689	-999	-999	
1927.25	-999	3.698	-999	-999	
1929.25	-999	3.594	-999	-999	
1931.25	156514	3.994	0.999	6.968	
1933.25	-999	3.983	-999	-999	
1935.25	-999	3.86	-999	-999	
1937.25	-999	3.704	-999	-999	
1939.25	-999	4.109	-999	-999	
1941.25	-999	3.939	-999	-999	
1943.25	157423	3.773	1.11	7.956	
1945.25	-999	3.777	-999	-999	
1947.25	-999	3.663	-999	-999	
1949.25	157878	3.241	1.116	8.006	
1953.25	158181	3.715	0.994	6.921	
1955.25	-999	3.821	-999	-999	
1957.25	-999	4.325	-999	-999	
1959.25	-999	4.21	-999	-999	
1961.25	158788	3.659	1.335	9.677	
1963.25	158939	3.49	1.338	9.7	
1965.25	-999	3.372	-999	-999	
1967.25	-999	3.557	-999	-999	
1969.25	-999	3.614	-999	-999	
1971.25	159546	3.461	1.19	8.6	
1973.25	-999	3.464	-999	-999	
1975.25	-999	3.419	-999	-999	
1977.25	-999	3.338	-999	-999	
1979.25	-999	3.258	-999	-999	
1981.25	160304	3.342	1.111	7.959	
1983.25	-999	3.075	-999	-999	
1985.25	-999	3.028	-999	-999	
1987.25	-999	2.938	-999	-999	
1989.25	-999	2.932	-999	-999	
1991.25	161062	2.803	1.371	9.923	
1993.25	-999	2.828	-999	-999	
1995.25	-999	2.57	-999	-999	
1997.25	-999	2.789	-999	-999	
1999.25	-999	3.104	-999	-999	
2001.25	162018	2.703	1.764	12.283	
2003.25	-999	2.522	-999	-999	
2005.25	-999	3.056	-999	-999	
2007.25	-999	3.266	-999	-999	
2009.25	-999	3.054	-999	-999	
2011.25	162974	3.319	1.298	9.412	
2013.25	-999	2.907	-999	-999	
2015.25	-999	2.999	-999	-999	
2017.25	-999	3.033	-999	-999	
2019.25	-999	2.936	-999	-999	
2021.25	163930	2.899	1.237	8.964	
2023.25	-999	2.782	-999	-999	
2025.25	-999	2.816	-999	-999	
2027.25	-999	2.708	-999	-999	
2029.25	-999	3.033	-999	-999	
2031.25	164886	2.998	1.358	9.837	
2033.25	-999	3.043	-999	-999	
2035.25	-999	3.092	-999	-999	
2039.25	-999	3.109	-999	-999	
2041.25	165842	-999	1.297	9.411	
2043.25	-999	3.223	-999	-999	
2045.25	-999	3.406	-999	-999	
2047.25	-999	3.35	-999	-999	
2049.25	-999	3.375	-999	-999	
2051.25	166798	3.244	1.11	7.956	
2053.25	-999	3.179	-999	-999	
2055.25	-999	3.326	-999	-999	
2057.25	-999	3.256	-999	-999	
2059.25	-999	3.119	-999	-999	
2061.25	167754	2.94	1.17	8.443	
2063.25	-999	2.902	-999	-999	
2065.25	-999	2.913	-999	-999	
2067.25	-999	2.748	-999	-999	
2069.25	-999	2.842	-999	-999	
2071.25	168710	2.748	1.451	10.457	
2073.25	-999	2.68	-999	-999	
2075.25	-999	2.601	-999	-999	
2077.25	-999	2.581	-999	-999	
2079.25	-999	2.799	-999	-999	
2081.25	169428	2.607	1.597	11.352	
2083.25	-999	2.782	-999	-999	
2085.25	-999	2.776	-999	-999	
2089.25	-999	2.995	-999	-999	
2091.25	170145	2.886	1.46	10.516	
2093.25	-999	2.67	-999	-999	
2095.25	-999	2.831	-999	-999	
2097.25	-999	2.89	-999	-999	
2099.25	-999	2.925	-999	-999	
2111.25	171581	2.817	1.512	10.839	
2113.25	-999	2.736	-999	-999	
2115.25	-999	2.557	-999	-999	
2117.25	-999	2.702	-999	-999	
2119.25	-999	2.699	-999	-999	
2121.25	172298	2.738	1.681	11.829	
2123.25	-999	2.768	-999	-999	
2125.25	-999	2.905	-999	-999	
2127.25	-999	3.064	-999	-999	
2129.25	-999	2.936	-999	-999	
2131.25	173016	3.053	1.442	10.395	
2133.25	-999	2.973	-999	-999	
2135.25	-999	3.083	-999	-999	
2137.25	-999	3.07	-999	-999	
2139.25	-999	3.212	-999	-999	
2141.25	173734	3.138	1.247	9.041	
2143.25	-999	3.16	-999	-999	
2145.25	-999	3.231	-999	-999	
2147.25	-999	3.408	-999	-999	
2149.25	-999	3.464	-999	-999	
2151.25	174451	3.311	1.283	9.309	
2153.25	-999	3.494	-999	-999	
2155.25	-999	3.242	-999	-999	
2157.25	-999	3.44	-999	-999	
2159.25	-999	3.333	-999	-999	
2161.25	175169	3.452	1.115	7.991	
2163.25	-999	3.353	-999	-999	
2165.25	-999	3.323	-999	-999	
2167.25	-999	3.226	-999	-999	
2169.25	-999	3.29	-999	-999	
2171.25	175886	3.238	1.284	9.314	
2173.25	-999	3.196	-999	-999	
2175.25	-999	3.296	-999	-999	
2177.25	-999	3.25	-999	-999	
2179.25	-999	3.148	-999	-999	
2181.25	176604	3.271	1.284	9.312	
2183.25	-999	3.273	-999	-999	
2185.25	-999	3.242	-999	-999	
2187.25	-999	3.389	-999	-999	
2189.25	-999	3.355	-999	-999	
2191.25	177322	3.353	1.384	10.012	
2193.25	-999	3.403	-999	-999	
2195.25	-999	3.526	-999	-999	
2197.25	-999	3.326	-999	-999	
2199.25	-999	3.336	-999	-999	
2201.25	178039	3.181	1.098	7.852	
2203.25	-999	3.334	-999	-999	
2205.25	-999	3.105	-999	-999	
2207.25	-999	3.077	-999	-999	
2209.25	-999	2.967	-999	-999	
2211.25	178757	3.031	1.497	10.748	
2213.25	-999	2.915	-999	-999	
2215.25	-999	2.852	-999	-999	
2217.25	-999	2.889	-999	-999	
2219.25	-999	3.011	-999	-999	
2221.25	179475	3.065	1.525	10.921	
2223.25	-999	2.834	-999	-999	
2225.25	-999	3.087	-999	-999	
2227.25	-999	2.892	-999	-999	
2229.25	-999	2.969	-999	-999	
2231.25	180192	3.105	1.717	12.029	
2233.25	-999	2.902	-999	-999	
2235.25	-999	3.053	-999	-999	
2237.25	-999	3.051	-999	-999	
2239.25	-999	3.25	-999	-999	
2241.25	180910	3.341	1.268	9.196	
2243.25	-999	3.595	-999	-999	
2245.25	-999	3.623	-999	-999	
2247.25	-999	3.537	-999	-999	
2249.25	-999	3.47	-999	-999	
2251.25	182486	3.415	1.209	8.751	
2253.25	-999	3.751	-999	-999	
2255.25	-999	3.71	-999	-999	
2257.25	-999	3.5	-999	-999	
2259.25	-999	3.583	-999	-999	
2261.25	184063	3.398	1.389	10.048	
2263.25	-999	3.759	-999	-999	
2265.25	-999	3.54	-999	-999	
2267.25	-999	3.541	-999	-999	
2269.25	-999	3.405	-999	-999	
2271.25	185639	3.652	1.195	8.642	
2273.25	-999	3.448	-999	-999	
2275.25	-999	2.974	-999	-999	
2277.25	-999	3.047	-999	-999	
2279.25	-999	2.702	-999	-999	
2281.25	187216	2.769	1.193	8.624	
2283.25	-999	2.756	-999	-999	
2285.25	-999	2.746	-999	-999	
2287.25	-999	2.625	-999	-999	
2289.25	-999	2.595	-999	-999	
2291.25	188792	2.589	1.549	11.067	
2293.25	-999	2.75	-999	-999	
2295.25	-999	2.404	-999	-999	
2297.25	-999	2.74	-999	-999	
2299.25	-999	2.669	-999	-999	
2301.25	190368	2.625	1.315	9.534	
2303.25	-999	2.565	-999	-999	
2305.25	-999	2.453	-999	-999	
2307.25	-999	2.507	-999	-999	
2309.25	-999	2.38	-999	-999	
2311.25	191945	2.556	1.529	10.943	
2313.25	-999	2.64	-999	-999	
2315.25	-999	2.421	-999	-999	
2317.25	-999	2.4	-999	-999	
2319.25	-999	2.457	-999	-999	
2321.25	193521	2.342	1.579	11.247	
2323.25	-999	2.372	-999	-999	
2325.25	-999	2.508	-999	-999	
2327.25	-999	2.278	-999	-999	
2329.25	-999	2.092	-999	-999	
2331.25	195098	2.136	1.61	11.428	
2333.25	-999	2.15	-999	-999	
2335.25	-999	2.145	-999	-999	
2337.25	-999	2.204	-999	-999	
2339.25	-999	2.04	-999	-999	
2341.25	196674	2.085	1.719	12.04	
2343.25	-999	2.066	-999	-999	
2345.25	-999	2.018	-999	-999	
2347.25	-999	1.943	-999	-999	
2349.25	-999	2.11	-999	-999	
2351.25	198250	1.996	1.895	12.951	
2353.25	-999	2.019	-999	-999	
2355.25	-999	2.012	-999	-999	
2357.25	-999	2.002	-999	-999	
2359.25	-999	2.027	-999	-999	
2361.25	199827	1.975	1.948	13.209	
2363.25	-999	1.869	-999	-999	
2365.25	-999	2.14	-999	-999	
2367.25	-999	2.023	-999	-999	
2369.25	-999	2.055	-999	-999	
2371.25	201403	1.951	1.972	13.323	
2373.25	-999	2.163	-999	-999	
2375.25	-999	2.187	-999	-999	
2377.25	-999	2.149	-999	-999	
2379.25	-999	2.049	-999	-999	
2381.25	202980	2.138	1.823	12.59	
2383.25	-999	2.201	-999	-999	
2385.25	-999	2.245	-999	-999	
2387.25	-999	2.462	-999	-999	
2389.25	-999	2.474	-999	-999	
2391.25	204556	2.524	1.644	11.622	
2393.25	-999	2.585	-999	-999	
2395.25	-999	2.564	-999	-999	
2397.25	-999	2.449	-999	-999	
2399.25	-999	2.546	-999	-999	
2401.25	206132	2.383	1.418	10.238	
2403.25	-999	2.454	-999	-999	
2405.25	-999	2.439	-999	-999	
2407.25	-999	2.433	-999	-999	
2409.25	-999	2.274	-999	-999	
2411.25	207709	2.249	1.739	12.148	
2413.25	-999	2.243	-999	-999	
2415.25	-999	2.175	-999	-999	
2417.25	-999	2.175	-999	-999	
2419.25	-999	2.119	-999	-999	
2421.25	209285	2.208	2.035	13.616	
2423.25	-999	2.049	-999	-999	
2425.25	-999	2.106	-999	-999	
2427.25	-999	2.036	-999	-999	
2429.25	-999	1.942	-999	-999	
2431.25	210862	2.057	1.961	13.271	
2433.25	-999	2.182	-999	-999	
2435.25	-999	2.011	-999	-999	
2437.25	-999	2.051	-999	-999	
2439.25	-999	2.13	-999	-999	
2441.25	212438	2.178	1.994	13.425	
2443.25	-999	2.095	-999	-999	
2445.25	-999	2.094	-999	-999	
2447.25	-999	2.154	-999	-999	
2449.25	-999	2.207	-999	-999	
2451.25	214014	2.199	1.961	13.27	
2453.25	-999	2.372	-999	-999	
2455.25	-999	2.345	-999	-999	
2457.25	-999	2.372	-999	-999	
2459.25	-999	2.221	-999	-999	
2461.25	215591	2.458	1.996	13.436	
2463.25	-999	2.333	-999	-999	
2465.25	-999	2.438	-999	-999	
2467.25	-999	2.308	-999	-999	
2469.25	-999	2.488	-999	-999	
2471.25	217167	2.544	1.965	13.292	
2473.25	-999	2.292	-999	-999	
2475.25	-999	2.327	-999	-999	
2477.25	-999	2.416	-999	-999	
2479.25	-999	2.367	-999	-999	
2481.25	218744	2.711	1.835	12.651	
2483.25	-999	2.703	-999	-999	
2485.25	-999	2.533	-999	-999	
2487.25	-999	2.661	-999	-999	
2489.25	-999	2.803	-999	-999	
2491.25	220320	2.958	1.573	11.211	
2493.25	-999	2.561	-999	-999	
2495.25	-999	2.99	-999	-999	
2497.25	-999	3.157	-999	-999	
2499.25	-999	3.065	-999	-999	
2501.25	222180	3.158	1.289	9.348	
2503.25	-999	3.203	-999	-999	
2505.25	-999	2.958	-999	-999	
2507.25	-999	2.994	-999	-999	
2509.25	-999	3.269	-999	-999	
2511.25	224040	3.093	1.348	9.768	
2513.25	-999	3.197	-999	-999	
2515.25	-999	3.208	-999	-999	
2517.25	-999	2.954	-999	-999	
2519.25	-999	3.057	-999	-999	
2521.25	225900	3.197	1.305	9.465	
2523.25	-999	3.135	-999	-999	
2525.25	-999	3.171	-999	-999	
2527.25	-999	2.913	-999	-999	
2529.25	-999	3.484	-999	-999	
2531.25	227760	3.467	1.126	8.083	
2533.25	-999	3.449	-999	-999	
2535.25	-999	3.353	-999	-999	
2537.25	-999	3.483	-999	-999	
2539.25	-999	3.429	-999	-999	
2541.25	229620	3.35	1.254	9.093	
2543.25	-999	3.14	-999	-999	
2545.25	-999	3.143	-999	-999	
2547.25	-999	3.126	-999	-999	
2549.25	-999	3.18	-999	-999	
2551.25	231480	3.025	1.49	10.703	
2553.25	-999	3.119	-999	-999	
2555.25	-999	3.1	-999	-999	
2557.25	-999	3.133	-999	-999	
2559.25	-999	2.717	-999	-999	
2561.25	233340	2.786	1.722	12.058	
2563.25	-999	2.675	-999	-999	
2565.25	-999	2.716	-999	-999	
2567.25	-999	2.804	-999	-999	
2569.25	-999	2.985	-999	-999	
2571.25	234018	2.894	1.502	10.779	
2573.25	-999	2.887	-999	-999	
2575.25	-999	3.023	-999	-999	
2577.25	-999	2.924	-999	-999	
2579.25	-999	2.793	-999	-999	
2581.25	234697	2.802	1.441	10.393	
2583.25	-999	2.798	-999	-999	
2585.25	-999	2.765	-999	-999	
2587.25	-999	2.605	-999	-999	
2589.25	-999	2.661	-999	-999	
2591.25	235375	2.619	1.68	11.827	
2593.25	-999	2.528	-999	-999	
2595.25	-999	2.512	-999	-999	
2597.25	-999	2.63	-999	-999	
2599.25	-999	2.627	-999	-999	
2601.25	236053	2.557	1.382	10.001	
2603.25	-999	2.328	-999	-999	
2605.25	-999	2.433	-999	-999	
2607.25	-999	2.406	-999	-999	
2609.25	-999	2.379	-999	-999	
2611.25	236732	2.307	1.727	12.081	
2613.25	-999	2.363	-999	-999	
2615.25	-999	2.319	-999	-999	
2619.25	-999	2.309	-999	-999	
2621.25	237410	2.169	1.851	12.734	
2623.25	-999	2.2	-999	-999	
2625.25	-999	2.341	-999	-999	
2627.25	-999	2.115	-999	-999	
2629.25	-999	2.21	-999	-999	
2631.25	238088	2.208	1.82	12.573	
2637.25	-999	2.102	-999	-999	
2639.25	-999	1.983	-999	-999	
2641.25	238767	2.17	1.932	13.133	
2643.25	-999	2.189	-999	-999	
2645.25	-999	2.034	-999	-999	
2647.25	-999	1.949	-999	-999	
2649.25	-999	2.003	-999	-999	
2651.25	239445	2.105	1.904	12.997	
2653.25	-999	2.001	-999	-999	
2655.25	-999	1.958	-999	-999	
2657.25	-999	1.991	-999	-999	
2659.25	-999	1.899	-999	-999	
2661.25	240123	1.976	2.125	14.021	
2663.25	-999	1.797	-999	-999	
2665.25	-999	1.891	-999	-999	
2667.25	-999	1.874	-999	-999	
2669.25	-999	1.83	-999	-999	
2671.25	240802	1.886	2	13.456	
2673.25	-999	1.953	-999	-999	
2675.25	-999	1.68	-999	-999	
2677.25	-999	1.532	-999	-999	
2679.25	-999	1.442	-999	-999	
2681.25	241480	1.456	2.423	15.247	
2683.25	-999	1.592	-999	-999	
2685.25	-999	1.765	-999	-999	
2687.25	-999	1.225	-999	-999	
2689.25	-999	1.146	-999	-999	
2691.25	242158	1.363	2.311	14.807	
2693.25	-999	1.481	-999	-999	
2695.25	-999	1.154	-999	-999	
2697.25	-999	1.416	-999	-999	
2699.25	-999	1.52	-999	-999	
2701.25	242837	1.931	2.099	13.907	
2703.25	-999	2.301	-999	-999	
2705.25	-999	1.758	-999	-999	
2707.25	-999	1.715	-999	-999	
2709.25	-999	1.808	-999	-999	
2711.25	243515	1.908	2.24	14.513	
2713.25	-999	1.858	-999	-999	
2715.25	-999	2.015	-999	-999	
2717.25	-999	2.197	-999	-999	
2719.25	-999	2.018	-999	-999	
2721.25	244193	2.062	2.156	14.158	
2723.25	-999	2.214	-999	-999	
2725.25	-999	2.209	-999	-999	
2727.25	-999	2.618	-999	-999	
2729.25	-999	2.775	-999	-999	
2731.25	244872	2.388	1.984	13.381	
2733.25	-999	2.68	-999	-999	
2735.25	-999	2.591	-999	-999	
2737.25	-999	2.742	-999	-999	
2739.25	-999	2.98	-999	-999	
2741.25	245550	2.662	1.801	12.473	
2743.25	-999	2.775	-999	-999	
2745.25	-999	2.725	-999	-999	
2747.25	-999	2.899	-999	-999	
2749.25	-999	2.759	-999	-999	
2751.25	246552	2.785	1.827	12.61	
2753.25	-999	2.815	-999	-999	
2755.25	-999	2.765	-999	-999	
2757.25	-999	2.81	-999	-999	
2759.25	-999	2.635	-999	-999	
2761.25	247555	2.525	1.68	11.827	
2763.25	-999	2.57	-999	-999	
2765.25	-999	2.397	-999	-999	
2767.25	-999	2.469	-999	-999	
2769.25	-999	2.609	-999	-999	
2771.25	248557	2.592	1.53	10.95	
2773.25	-999	2.491	-999	-999	
2775.25	-999	2.701	-999	-999	
2777.25	-999	2.377	-999	-999	
2779.25	-999	2.811	-999	-999	
2781.25	249559	2.649	1.589	11.302	
2783.25	-999	2.843	-999	-999	
2785.25	-999	3.359	-999	-999	
2787.25	-999	3.205	-999	-999	
2789.25	-999	3.401	-999	-999	
2791.25	250562	3.676	1.199	8.672	
2793.25	-999	3.449	-999	-999	
2795.25	-999	3.58	-999	-999	
2797.25	-999	3.858	-999	-999	
2799.25	-999	3.429	-999	-999	
2801.25	251564	2.701	1.487	10.684	
2803.25	-999	2.909	-999	-999	
2805.25	-999	3.591	-999	-999	
2807.25	-999	3.977	-999	-999	
2809.25	-999	2.832	-999	-999	
2811.25	252566	3.576	1.17	8.448	
2813.25	-999	3.411	-999	-999	
2815.25	-999	3.409	-999	-999	
2817.25	-999	3.284	-999	-999	
2819.25	-999	3.523	-999	-999	
2821.25	253569	3.329	1.117	8.008	
2823.25	-999	3.486	-999	-999	
2825.25	-999	3.654	-999	-999	
2827.25	-999	3.379	-999	-999	
2829.25	-999	3.438	-999	-999	
2831.25	254571	3.192	1.26	9.139	
2833.25	-999	3.422	-999	-999	
2835.25	-999	3.255	-999	-999	
2837.25	-999	3.36	-999	-999	
2839.25	-999	3.25	-999	-999	
2841.25	255574	2.802	1.235	8.951	
2843.25	-999	3.184	-999	-999	
2845.25	-999	3.143	-999	-999	
2847.25	-999	2.671	-999	-999	
2849.25	-999	2.271	-999	-999	
2851.25	256576	3.115	1.392	10.07	
2853.25	-999	3.18	-999	-999	
2855.25	-999	3.176	-999	-999	
2857.25	-999	3.146	-999	-999	
2859.25	-999	2.952	-999	-999	
2861.25	257578	2.944	1.366	9.891	
2863.25	-999	2.672	-999	-999	
2865.25	-999	2.971	-999	-999	
2867.25	-999	2.878	-999	-999	
2869.25	-999	2.975	-999	-999	
2871.25	258581	3.154	1.371	9.924	
2873.25	-999	3.355	-999	-999	
2875.25	-999	3.091	-999	-999	
2877.25	-999	3.324	-999	-999	
2881.25	259583	3.19	1.376	9.961	
2883.25	-999	3.099	-999	-999	
2885.25	-999	3.132	-999	-999	
2887.25	-999	3.129	-999	-999	
2889.25	-999	3.06	-999	-999	
2891.25	260585	3.086	1.348	9.767	
2893.25	-999	3.25	-999	-999	
2895.25	-999	3.344	-999	-999	
2897.25	-999	3.32	-999	-999	
2899.25	-999	3.276	-999	-999	
2901.25	261588	3.393	1.164	8.398	
2903.25	-999	3.297	-999	-999	
2905.25	-999	3.148	-999	-999	
2907.25	-999	3.154	-999	-999	
2909.25	-999	2.981	-999	-999	
2911.25	262590	3.026	1.596	11.347	
2913.25	-999	3.105	-999	-999	
2915.25	-999	2.948	-999	-999	
2917.25	-999	2.926	-999	-999	
2919.25	-999	2.895	-999	-999	
2921.25	263228	3.134	1.882	12.885	
2923.25	-999	3.003	-999	-999	
2925.25	-999	2.969	-999	-999	
2927.25	-999	2.796	-999	-999	
2929.25	-999	2.987	-999	-999	
2931.25	263866	3.091	1.723	12.064	
2933.25	-999	3.122	-999	-999	
2935.25	-999	2.784	-999	-999	
2939.25	-999	3.231	-999	-999	
2941.25	264504	3.056	1.499	10.763	
2943.25	-999	3.051	-999	-999	
2945.25	-999	3.353	-999	-999	
2947.25	-999	3.273	-999	-999	
2949.25	-999	3.295	-999	-999	
2951.25	265142	3.373	1.517	10.871	
2953.25	-999	3.395	-999	-999	
2955.25	-999	2.995	-999	-999	
2957.25	-999	3.265	-999	-999	
2959.25	-999	3.269	-999	-999	
2961.25	265780	3.138	1.403	10.143	
2963.25	-999	3.471	-999	-999	
2965.25	-999	3.554	-999	-999	
2967.25	-999	3.495	-999	-999	
2969.25	-999	3.511	-999	-999	
2971.25	266418	3.433	1.427	10.298	
2973.25	-999	3.523	-999	-999	
2975.25	-999	3.236	-999	-999	
2977.25	-999	3.25	-999	-999	
2979.25	-999	3.264	-999	-999	
2981.25	267056	3.542	1.407	10.165	
2983.25	-999	3.45	-999	-999	
2985.25	-999	3.424	-999	-999	
2987.25	-999	3.64	-999	-999	
2989.25	-999	3.734	-999	-999	
2991.25	267694	3.22	1.375	9.95	
2993.25	-999	3.665	-999	-999	
2995.25	-999	3.476	-999	-999	
2997.25	-999	3.547	-999	-999	
2999.25	-999	3.945	-999	-999	
3001.25	268332	3.621	1.328	9.63	
3003.25	-999	3.492	-999	-999	
3005.25	-999	3.404	-999	-999	
3007.25	-999	3.415	-999	-999	
3009.25	-999	3.353	-999	-999	
3011.25	268970	3.537	1.068	7.589	
3013.25	-999	3.634	-999	-999	
3015.25	-999	3.636	-999	-999	
3017.25	-999	3.282	-999	-999	
3019.25	-999	3.566	-999	-999	
3021.25	269608	3.492	1.269	9.202	
3023.25	-999	3.574	-999	-999	
3025.25	-999	3.405	-999	-999	
3027.25	-999	3.515	-999	-999	
3029.25	270118	3.666	1.052	7.452	
3031.25	-999	3.473	-999	-999	
3033.25	-999	3.608	-999	-999	
3035.25	-999	3.83	-999	-999	
3037.25	-999	3.67	-999	-999	
3039.25	270756	3.745	1.188	8.59	
3041.25	-999	3.809	-999	-999	
3043.25	-999	3.5	-999	-999	
3045.25	-999	3.65	-999	-999	
3047.25	-999	3.576	-999	-999	
3049.25	-999	3.62	-999	-999	
3051.25	271522	3.497	1.104	7.903	
3053.25	-999	3.824	-999	-999	
3055.25	-999	3.557	-999	-999	
3057.25	-999	3.718	-999	-999	
3059.25	272032	3.714	1.41	10.188	
3061.25	-999	3.529	-999	-999	
3063.25	-999	3.396	-999	-999	
3065.25	-999	3.723	-999	-999	
3067.25	-999	3.527	-999	-999	
3069.25	-999	3.195	-999	-999	
3071.25	272798	3.743	1.062	7.541	
3073.25	-999	3.738	-999	-999	
3077.25	-999	3.814	-999	-999	
3079.25	-999	3.433	-999	-999	
3081.25	-999	3.609	-999	-999	
3089.25	-999	3.615	-999	-999	
3093.25	-999	3.625	-999	-999	
3095.25	-999	3.378	-999	-999	
3097.25	-999	3.837	-999	-999	
3101.25	-999	3.74	-999	-999	
3103.25	-999	3.81	-999	-999	
3107.25	-999	3.416	-999	-999	
3109.25	275222	3.793	1.125	8.079	
3111.25	-999	3.28	-999	-999	
3117.25	-999	3.783	-999	-999	
3119.25	-999	3.858	-999	-999	
3121.25	275988	3.739	1.001	6.983	
3123.25	-999	3.784	-999	-999	
3125.25	-999	3.726	-999	-999	
3127.25	-999	3.722	-999	-999	
3129.25	-999	3.669	-999	-999	
3131.25	-999	3.698	-999	-999	
3133.25	276754	3.315	0.943	6.429	
3135.25	-999	3.379	-999	-999	
3137.25	-999	3.686	-999	-999	
3139.25	-999	3.787	-999	-999	
3141.25	-999	3.813	-999	-999	
3143.25	277392	3.582	1.074	7.641	
3145.25	-999	3.413	-999	-999	
3147.25	-999	3.579	-999	-999	
3149.25	-999	3.484	-999	-999	
3151.25	277902	3.373	1.27	9.214	
3153.25	-999	3.245	-999	-999	
3155.25	-999	3.435	-999	-999	
3157.25	-999	3.63	-999	-999	
3159.25	-999	3.603	-999	-999	
3161.25	278540	3.659	1.238	8.975	
3163.25	-999	3.447	-999	-999	
3165.25	-999	3.513	-999	-999	
3167.25	-999	3.65	-999	-999	
3169.25	-999	3.63	-999	-999	
3171.25	279178	3.325	1.185	8.563	
3173.25	-999	3.429	-999	-999	
3175.25	-999	3.55	-999	-999	
3177.25	-999	3.521	-999	-999	
3179.25	-999	3.593	-999	-999	
3181.25	279816	3.472	1.06	7.521	
3183.25	-999	3.29	-999	-999	
3185.25	-999	3.317	-999	-999	
3187.25	-999	3.397	-999	-999	
3189.25	-999	2.999	-999	-999	
3191.25	280454	3.337	1.123	8.062	
3193.25	-999	2.997	-999	-999	
3195.25	-999	2.961	-999	-999	
3197.25	-999	3.08	-999	-999	
3199.25	-999	2.932	-999	-999	
3201.25	281092	3.02	1.137	8.177	
3203.25	-999	2.937	-999	-999	
3205.25	-999	2.955	-999	-999	
3209.25	-999	2.893	-999	-999	
3211.25	281730	2.916	1.323	9.59	
3213.25	-999	2.945	-999	-999	
3215.25	-999	2.759	-999	-999	
3217.25	-999	2.792	-999	-999	
3219.25	-999	2.777	-999	-999	
3221.25	282951	2.538	1.651	11.662	
3223.25	-999	2.747	-999	-999	
3225.25	-999	2.26	-999	-999	
3227.25	-999	2.428	-999	-999	
3229.25	-999	2.417	-999	-999	
3231.25	284173	2.443	1.867	12.812	
3233.25	-999	2.68	-999	-999	
3235.25	-999	2.659	-999	-999	
3237.25	-999	2.676	-999	-999	
3239.25	-999	2.418	-999	-999	
3241.25	285394	2.665	1.956	13.247	
3243.25	-999	2.582	-999	-999	
3245.25	-999	2.681	-999	-999	
3247.25	-999	2.574	-999	-999	
3249.25	-999	2.97	-999	-999	
3251.25	286616	2.555	1.945	13.193	
3253.25	-999	3	-999	-999	
3255.25	-999	2.646	-999	-999	
3257.25	-999	2.922	-999	-999	
3259.25	-999	2.442	-999	-999	
3261.25	287837	2.573	1.835	12.649	
3263.25	-999	2.507	-999	-999	
3265.25	-999	2.88	-999	-999	
3267.25	-999	2.726	-999	-999	
3269.25	-999	2.706	-999	-999	
3271.25	289059	2.197	1.855	12.753	
3273.25	-999	2.5	-999	-999	
3275.25	-999	2.484	-999	-999	
3277.25	-999	2.527	-999	-999	
3279.25	-999	2.498	-999	-999	
3281.25	290280	2.532	2.034	13.614	
3283.25	-999	2.642	-999	-999	
3285.25	-999	2.659	-999	-999	
3287.25	-999	2.618	-999	-999	
3289.25	-999	2.799	-999	-999	
3291.25	291501	2.831	2.013	13.513	
3293.25	-999	3.147	-999	-999	
3295.25	-999	2.932	-999	-999	
3297.25	-999	3.269	-999	-999	
3299.25	-999	2.963	-999	-999	
3301.25	292723	3.125	1.41	10.189	
3303.25	-999	2.905	-999	-999	
3305.25	-999	3.258	-999	-999	
3307.25	-999	3.123	-999	-999	
3309.25	-999	3.303	-999	-999	
3311.25	293944	3.378	1.396	10.097	
3313.25	-999	3.357	-999	-999	
3315.25	-999	3.387	-999	-999	
3317.25	-999	3.339	-999	-999	
3319.25	-999	3.473	-999	-999	
3321.25	295166	3.39	1.214	8.788	
3323.25	-999	3.478	-999	-999	
3325.25	-999	3.278	-999	-999	
3327.25	-999	3.096	-999	-999	
3329.25	-999	3.397	-999	-999	
3331.25	296387	3.362	1.355	9.82	
3333.25	-999	3.18	-999	-999	
3335.25	-999	3.331	-999	-999	
3337.25	-999	3.334	-999	-999	
3339.25	-999	3.121	-999	-999	
3341.25	297609	3.272	1.555	11.102	
3343.25	-999	2.98	-999	-999	
3345.25	-999	3.058	-999	-999	
3347.25	-999	3.238	-999	-999	
3349.25	-999	3.32	-999	-999	
3351.25	298830	3.241	1.337	9.69	
3353.25	-999	3.122	-999	-999	
3355.25	-999	3.333	-999	-999	
3357.25	-999	3.327	-999	-999	
3359.25	-999	3.014	-999	-999	
3361.25	300051	2.855	1.234	8.946	
3363.25	-999	3.417	-999	-999	
3365.25	-999	3.056	-999	-999	
3367.25	-999	3.047	-999	-999	
3369.25	-999	3.345	-999	-999	
3371.25	301271	2.808	1.419	10.25	
3373.25	-999	2.865	-999	-999	
3375.25	-999	2.895	-999	-999	
3377.25	-999	3.004	-999	-999	
3379.25	-999	2.797	-999	-999	
3381.25	302492	2.581	1.522	10.901	
3383.25	-999	3.365	-999	-999	
3385.25	-999	2.957	-999	-999	
3387.25	-999	3.095	-999	-999	
3389.25	-999	2.762	-999	-999	
3391.25	303713	2.925	1.582	11.266	
3393.25	-999	2.568	-999	-999	
3395.25	-999	2.601	-999	-999	
3397.25	-999	2.841	-999	-999	
3399.25	-999	2.602	-999	-999	
3401.25	304934	2.888	1.518	10.876	
3403.25	-999	2.825	-999	-999	
3405.25	-999	2.911	-999	-999	
3407.25	-999	2.971	-999	-999	
3409.25	-999	3.207	-999	-999	
3411.25	306154	3.003	1.566	11.17	
3413.25	-999	2.724	-999	-999	
3415.25	-999	2.6	-999	-999	
3417.25	-999	2.761	-999	-999	
3419.25	-999	2.649	-999	-999	
3421.25	307375	3.03	1.546	11.046	
3423.25	-999	2.388	-999	-999	
3425.25	-999	2.636	-999	-999	
3427.25	-999	2.587	-999	-999	
3429.25	-999	2.571	-999	-999	
3431.25	308596	2.515	1.745	12.178	
3433.25	-999	2.592	-999	-999	
3435.25	-999	2.519	-999	-999	
3437.25	-999	2.548	-999	-999	
3439.25	-999	2.408	-999	-999	
3441.25	309816	2.291	1.773	12.331	
3443.25	-999	2.339	-999	-999	
3445.25	-999	2.404	-999	-999	
3447.25	-999	2.323	-999	-999	
3449.25	-999	2.319	-999	-999	
3451.25	311037	2.385	1.703	11.952	
3453.25	-999	2.372	-999	-999	
3455.25	-999	2.262	-999	-999	
3457.25	-999	2.257	-999	-999	
3459.25	-999	2.265	-999	-999	
3461.25	312258	2.427	1.852	12.739	
3463.25	-999	2.299	-999	-999	
3465.25	-999	2.333	-999	-999	
3467.25	-999	2.187	-999	-999	
3469.25	-999	2.22	-999	-999	
3471.25	313479	2.163	1.793	12.432	
3473.25	-999	2.23	-999	-999	
3475.25	-999	2.231	-999	-999	
3477.25	-999	2.283	-999	-999	
3479.25	-999	2.186	-999	-999	
3481.25	314699	2.297	1.685	11.851	
3483.25	-999	2.221	-999	-999	
3485.25	-999	2.345	-999	-999	
3487.25	-999	2.472	-999	-999	
3489.25	-999	2.54	-999	-999	
3491.25	315920	2.381	1.704	11.96	
3493.25	-999	2.6	-999	-999	
3495.25	-999	2.512	-999	-999	
3497.25	-999	2.412	-999	-999	
3499.25	-999	2.592	-999	-999	
3501.25	317603	2.496	1.396	10.097	
3503.25	-999	2.707	-999	-999	
3505.25	-999	2.434	-999	-999	
3507.25	-999	2.3	-999	-999	
3509.25	-999	2.48	-999	-999	
3511.25	319286	2.183	1.646	11.633	
3513.25	-999	2.396	-999	-999	
3515.25	-999	2.292	-999	-999	
3517.25	-999	2.171	-999	-999	
3519.25	-999	2.009	-999	-999	
3521.25	320969	2.098	1.673	11.785	
3523.25	-999	2.063	-999	-999	
3525.25	-999	2.138	-999	-999	
3527.25	-999	2.016	-999	-999	
3529.25	-999	1.961	-999	-999	
3531.25	322652	1.886	1.841	12.679	
3533.25	-999	1.877	-999	-999	
3535.25	-999	1.747	-999	-999	
3537.25	-999	1.873	-999	-999	
3539.25	-999	1.874	-999	-999	
3541.25	324335	1.763	1.916	13.054	
3543.25	-999	1.836	-999	-999	
3545.25	-999	2.402	-999	-999	
3547.25	-999	1.767	-999	-999	
3549.25	-999	1.724	-999	-999	
3551.25	326018	1.854	1.94	13.172	
3553.25	-999	1.816	-999	-999	
3555.25	-999	1.817	-999	-999	
3557.25	-999	1.644	-999	-999	
3559.25	-999	1.76	-999	-999	
3561.25	327702	1.703	1.86	12.778	
3563.25	-999	1.809	-999	-999	
3565.25	-999	1.707	-999	-999	
3567.25	-999	1.961	-999	-999	
3569.25	-999	1.674	-999	-999	
3571.25	329385	1.786	1.873	12.843	
3573.25	-999	1.691	-999	-999	
3575.25	-999	1.693	-999	-999	
3577.25	-999	1.71	-999	-999	
3579.25	-999	1.729	-999	-999	
3581.25	331068	1.745	2.27	14.64	
3583.25	-999	1.653	-999	-999	
3585.25	-999	1.642	-999	-999	
3587.25	-999	1.34	-999	-999	
3589.25	-999	1.519	-999	-999	
3591.25	332751	1.485	2.241	14.518	
3595.25	-999	1.881	-999	-999	
3597.25	-999	1.788	-999	-999	
3599.25	-999	1.887	-999	-999	
3601.25	334434	2.074	2.521	15.62	
3603.25	-999	2.373	-999	-999	
3605.25	-999	2.237	-999	-999	
3607.25	-999	2.342	-999	-999	
3609.25	-999	2.049	-999	-999	
3611.25	336117	2.391	2.039	13.637	
3613.25	-999	2.395	-999	-999	
3615.25	-999	2.334	-999	-999	
3617.25	-999	2.595	-999	-999	
3619.25	-999	2.592	-999	-999	
3621.25	337800	2.704	1.819	12.57	
3623.25	-999	2.569	-999	-999	
3625.25	-999	2.95	-999	-999	
3627.25	-999	3.246	-999	-999	
3629.25	-999	3.095	-999	-999	
3631.25	339483	3.162	1.805	12.498	
3633.25	-999	2.955	-999	-999	
3635.25	-999	3.119	-999	-999	
3637.25	-999	3.367	-999	-999	
3639.25	340830	3.141	1.543	11.029	
