Tropical Pacific ODP806B Pleistocene Mg/Ca Data and SST Estimates
-----------------------------------------------------------------------
               World Data Center for Paleoclimatology, Boulder
                                  and
                     NOAA Paleoclimatology Program
-----------------------------------------------------------------------
NOTE: PLEASE CITE CONTRIBUTORS WHEN USING THIS DATA!!!!!


NAME OF DATA SET: 
Tropical Pacific ODP806B Pleistocene Mg/Ca Data and SST Estimates
LAST UPDATE: 2/2006 (Original receipt by WDC Paleo)

CONTRIBUTORS:  Martin Medina-Elizalde and David W. Lea, 
University of California Santa Barbara,
IGBP PAGES/WDCA CONTRIBUTION SERIES NUMBER: 2006-010

SUGGESTED DATA CITATION: Medina-Elizalde, M. and D.W. Lea.  2006. 
Tropical Pacific ODP806B Pleistocene Mg/Ca Data and SST Estimates.
IGBP PAGES/World Data Center for Paleoclimatology 
Data Contribution Series # 2006-010.
NOAA/NCDC Paleoclimatology Program, Boulder CO, USA.


ORIGINAL REFERENCE: Medina-Elizalde, M. and D.W. Lea.  2005.
The Mid-Pleistocene Transition in the Tropical Pacific.
Science, Vol. 310, pp. 1009 - 1012, 11 November 2005.

ABSTRACT:
A sea surface temperature (SST) record based on planktonic foraminiferal
magnesium/calcium ratios from a site in the western equatorial Pacific 
warm pool reveals that glacial-interglacial oscillations in SST shifted 
from a period of 41,000 to 100,000 years at the mid-Pleistocene transition, 
950,000 years before the present. SST changes at both periodicities were 
synchronous with eastern Pacific cold-tongue SSTs but preceded changes in 
continental ice volume. The timing and nature of tropical Pacific SST changes 
over the mid-Pleistocene transition implicate a shift in the periodicity of 
radiative forcing by atmospheric carbon dioxide as the cause of the switch 
in climate periodicities at this time.


GEOGRAPHIC REGION:  Warm Pool, tropical western Pacific
PERIOD OF RECORD: 1348 - 4 KYrBP
FUNDING SOURCES: Supported by NSF (OCE0317611) and CONACYT-UCMEXUS


DESCRIPTION:  
Tropical Pacific ODP806B Pleistocene Mg/Ca Data and SST Estimates

ODP Hole 806B, Cores 1H through 4H section 2W: 
0 deg 19.1' N, 159 deg 21.7' East, 2520m. depth

Mg/Ca data on cleaned G. ruber shells by ICP-MS. 203 individual points from Lea et al., 2000, 
and 360 individual points from Medina-Elizalde M. and Lea W. D., 2005.   

Data precision: Mg/Ca, ± 2.2%; SST (est.), ±0.6°C d18O data on cleaned G. rubers, 
203 individual points from Lea et al., 2000, and 360 individual points from 
Medina-Elizalde M. and Lea D., 2005. 

SST estimations based on core-top calibration in Lea et al. 2000: 
SST (deg C)= LN((Mg/Ca-m)/0.3)/0.09. 

Chrono-strat info: conversion of core depth to age based on the visual alignment of the 
ODP 806B G. ruber d18O to the ODP 677 G. ruber d18O record. 

d18O seawater data calculated by extracting the component 
in G. ruber d18O explained by the Mg/Ca derived SST using the low-light 
paleotemperature equation by Bemis et al., 1998.  




DATA:
1.  Age Model

Column 1: meters below seafloor (mbsf) 
Column 2: adjusted meters below sea floor (ambsf) 
Column 3: Age (kyr) 

Depth (mbsf)     ambsf     Age(kyr)
       9.52       9.21        452
      10.57      10.16        512
      13.77      13.04        632
      16.17       15.2      749.5
Coring Gap
      16.02      16.11      784.5
      16.62      16.66     809.02
      17.77      17.71     866.95
      18.87      18.71     921.95
      19.02      18.84     926.15
      20.32      20.03     978.15
      20.52      20.21     984.15
      21.67      21.25    1031.25
      22.02      21.57     1044.1
      22.82       22.3     1076.9
      25.12      24.39     1202.8
      25.72      24.94     1235.2
Coring Gap
      25.52      25.51       1258
      27.77      27.56       1348




2. Mg/Ca and d18O Data and SST estimates

Column 1: meters below seafloor (mbsf) 
Column 2: adjusted meters below sea floor (ambsf) 
Column 3: Age (kyr) 
Column 4: d18O (per mil) 
Column 5: Mg/Ca	(mmol/mol) 
Column 6: SST (°C) 
Column 7: d18Oseawater (per mil)


mbsf       ambsf      Age      d18O     Mg/Ca      SST       d18Oseawater
 0.03      0.03       4.3      -2.3      3.86      28.6      0.49
 0.08      0.08         6      -2.4      3.89      28.7      0.41
  0.1       0.1       6.5     -2.27      4.08      29.2      0.65
 0.13      0.13       7.3     -2.27      4.01        29       0.6
 0.18      0.17       8.6     -2.03       3.8      28.4      0.72
  0.2      0.19       9.1     -1.96      4.08      29.2      0.96
 0.23      0.22       9.9     -2.14      4.04      29.1      0.76
 0.28      0.27      11.2     -1.84      3.98      28.9      1.01
  0.3      0.29      11.7     -1.72      3.88      28.6      1.07
 0.33      0.32      12.5     -1.98      3.87      28.6      0.81
 0.38      0.37      13.8     -1.57      3.71      28.1      1.12
  0.4      0.39      14.3     -1.37      3.72      28.2      1.34
 0.43      0.42      15.1     -1.51      3.62      27.9      1.14
  0.5      0.49      16.9     -1.16      3.07        26      1.09
 0.58      0.56        19     -1.33      3.14      26.3      0.98
  0.6      0.58      19.7     -1.12      #N/A      #N/A      #N/A
 0.63      0.61      20.7     -1.32      3.19      26.4      1.01
 0.68      0.66      22.3     -1.35      3.11      26.1      0.92
  0.7      0.68        23     -1.39      3.07        26      0.86
 0.73      0.71        24     -1.38      3.05      25.9      0.85
 0.78      0.76      26.9     -1.57      3.31      26.8      0.85
  0.8      0.78      28.1     -1.38      3.17      26.4      0.95
 0.83      0.81      29.8     -1.54      3.13      26.2      0.75
 0.88      0.85      32.7     -1.63      3.16      26.3      0.68
  0.9      0.87      33.9     -1.47      3.31      26.9      0.97
 0.93       0.9      35.6     -1.44      3.14      26.3      0.87
 0.98      0.95      38.5     -1.61      3.17      26.4      0.72
    1      0.97      39.7     -1.35      #N/A      #N/A      #N/A
 1.03         1      41.4     -1.54      3.08        26      0.71
 1.08      1.05      44.3     -1.57      3.18      26.4      0.76
  1.1      1.07      45.5     -1.36      3.19      26.4      0.97
 1.13       1.1      47.2     -1.67      3.25      26.6       0.7
 1.18      1.14      50.1     -1.54      3.11      26.1      0.73
  1.2      1.16      51.3     -1.61      3.17      26.4      0.72
 1.23      1.19        53     -1.95      3.21      26.5       0.4
 1.28      1.24        56     -1.64      3.09      26.1      0.63
  1.3      1.26      57.2     -1.47      3.24      26.6       0.9
 1.33      1.29        59     -1.62      3.31      26.9      0.82
 1.38      1.34        62      -1.5       3.2      26.5      0.85
  1.4      1.36      63.2     -1.37      3.33      26.9      1.07
 1.43      1.39        65     -1.36      3.32      26.9      1.08
 1.48      1.44      67.1     -1.36      3.17      26.4      0.97
  1.5      1.46        68     -1.44      #N/A      #N/A      #N/A
 1.53      1.48      69.3     -1.74      3.08        26      0.51
 1.58      1.53      71.4     -1.49      3.28      26.8      0.93
  1.6      1.55      72.3     -1.43      #N/A      #N/A      #N/A
 1.63      1.58      73.6     -1.85       3.3      26.8      0.57
 1.68      1.63      75.7     -1.91      3.46      27.4      0.63
  1.7      1.65      76.6     -1.73      3.44      27.3      0.79
 1.73      1.68      77.9     -1.92      3.45      27.3       0.6
 1.78      1.73        80     -1.98      3.54      27.6       0.6
  1.8      1.75      82.8     -1.83      3.75      28.3       0.9
 1.83      1.78        87     -1.81      3.47      27.4      0.73
 1.88      1.82      89.1     -1.82       3.8      28.4      0.93
  1.9      1.84      89.9     -1.83      #N/A      #N/A      #N/A
 1.94      1.88      91.6     -1.91      3.57      27.7      0.69
 1.99      1.93      93.6     -1.88      3.59      27.8      0.74
    2      1.94        94     -1.92      3.57      27.7      0.68
 2.03      1.97      95.3     -1.94      3.43      27.2      0.56
 2.09      2.03      97.8     -1.84      3.52      27.5      0.72
  2.1      2.04      98.2     -1.89      #N/A      #N/A      #N/A
 2.12      2.06        99     -2.08       3.6      27.8      0.54
 2.18      2.11     101.3     -1.94      3.43      27.3      0.58
  2.2      2.13       102     -1.93       3.7      28.1      0.76
 2.23      2.16     103.2     -1.73       3.5      27.5      0.83
 2.29      2.22     105.5     -1.87      3.54      27.6      0.71
  2.3      2.23     105.9     -1.97      #N/A      #N/A      #N/A
 2.33      2.26       107     -1.75      3.52      27.6      0.83
 2.38      2.31     110.4     -1.89      3.66        28      0.78
  2.4      2.33     111.8     -2.06      #N/A      #N/A      #N/A
 2.43      2.36     113.8     -1.58      3.59      27.8      1.04
 2.48      2.41     117.2     -2.07      3.76      28.3      0.66
  2.5      2.43     118.6      -2.3      #N/A      #N/A      #N/A
 2.55      2.47       122     -2.47      3.94      28.8      0.36
 2.58       2.5     123.4     -2.13      4.22      29.6      0.87
  2.6      2.52     124.3     -2.22      #N/A      #N/A      #N/A
 2.63      2.55     125.7     -2.24      4.05      29.1      0.66
 2.68       2.6       128     -1.86      4.18      29.5      1.12
  2.7      2.62     128.9     -1.85      3.99        29      1.02
 2.73      2.65     130.2     -1.25      3.84      28.5      1.52
 2.78       2.7     132.4     -1.16      3.55      27.7      1.44
  2.8      2.72     133.3     -1.34      3.23      26.6      1.03
 2.84      2.75       135      -1.1      3.33      26.9      1.34
 2.88      2.79     138.4      -1.1      3.19      26.4      1.23
  2.9      2.81     140.1     -1.24      3.06        26      1.01
 2.93      2.84     142.6     -1.26      3.36        27       1.2
 2.97      2.88       146     -1.39      3.52      27.5      1.17
    3      2.91     146.6     -1.24      3.39      27.1      1.24
 3.03      2.94     147.9      -1.3      3.53      27.6      1.28
 3.08      2.99     149.4     -1.25      3.23      26.6      1.12
 3.13      3.04       151     -1.17      3.47      27.4      1.37
 3.18      3.08     153.9      -1.2      3.28      26.8      1.22
 3.23      3.13     156.7      -1.5      3.21      26.5      0.85
 3.28      3.18     159.6     -1.46      3.27      26.7      0.94
 3.33      3.23     162.4     -1.56      3.25      26.7      0.84
 3.38      3.28     165.3      -1.4      3.17      26.4      0.93
 3.43      3.33     168.1     -1.65      3.29      26.8      0.77
 3.48      3.38       171     -1.65       3.2      26.5       0.7
 3.53      3.42     172.6     -1.54      3.36        27      0.92
 3.58      3.47     174.1     -1.45      3.42      27.2      1.05
 3.63      3.52     175.7     -1.49      3.26      26.7      0.91
 3.68      3.57     177.3      -1.6      3.19      26.4      0.73
 3.73      3.62     178.9     -1.42      3.25      26.6      0.95
 3.78      3.67     180.4     -1.58       3.5      27.5      0.98
 3.83      3.72       182     -1.13      3.28      26.7      1.27
 3.88      3.76       184     -1.34      3.41      27.2      1.16
 3.93      3.81       186     -1.57      3.39      27.1      0.91
 3.98      3.86     188.3     -1.81       3.3      26.8      0.61
 4.03      3.91     190.5     -1.84      3.74      28.2      0.87
 4.08      3.96     192.8     -1.79      3.56      27.7      0.81
 4.13      4.01       195     -1.88      3.65      27.9      0.77
 4.18      4.05     197.3     -1.76      3.82      28.5      1.01
 4.53      4.39     213.7     -1.76      3.93      28.8      1.07
 4.58      4.44       216     -1.92      4.05      29.1      0.98
 4.63      4.49     219.8     -1.33      3.87      28.6      1.46
 4.68      4.54     223.5     -1.42      3.66        28      1.25
 4.74       4.6       228     -1.39      3.11      26.2       0.9
 4.78      4.64     229.4      -1.4      3.28      26.7         1
 4.84      4.69     231.4     -1.61      3.56      27.7      0.99
 4.88      4.73     232.8     -1.71      3.37      27.1      0.77
 4.94      4.79     234.9     -1.86      3.75      28.3      0.87
 4.98      4.83     236.3     -1.82      3.77      28.3      0.91
 5.03      4.88       238     -1.99      3.66        28      0.68
 5.08      4.93     240.3     -1.85      3.89      28.7      0.96
 5.13      4.98     242.7     -1.69      3.91      28.7      1.12
 5.18      5.02       245      -1.7       4.1      29.2      1.22
 5.23      5.07     245.8     -1.54      3.94      28.8      1.29
 5.28      5.12     246.7     -1.47      3.32      26.9      0.97
 5.33      5.17     247.5     -1.45       3.5      27.5      1.11
 5.38      5.22     248.3     -1.41      3.26      26.7      0.99
 5.43      5.27     249.2     -1.43      3.42      27.2      1.07
 5.48      5.32       250     -1.32      3.32      26.9      1.12
 5.53      5.36     251.2     -1.53      3.33      26.9      0.91
 5.58      5.41     252.3     -1.17      3.46      27.3      1.35
 5.64      5.47     253.7     -1.34      3.53      27.6      1.24
 5.68      5.51     254.7     -1.31      3.28      26.7      1.09
 5.73      5.56     255.8     -1.26      3.12      26.2      1.03
 5.78      5.61       257     -1.58      3.31      26.9      0.86
 5.83      5.66     259.4     -1.39      3.27      26.7      1.01
 5.88       5.7     261.8     -1.51      3.14      26.2      0.78
 5.93      5.75     264.2     -1.53       3.4      27.2      0.97
 5.98       5.8     266.6     -1.65      3.39      27.1      0.83
 6.03      5.85       269     -1.35      3.32      26.9      1.09
 6.08       5.9     273.5     -1.35      3.16      26.3      0.96
 6.13      5.95       278     -1.41      3.53      27.6      1.17
 6.18      5.99     282.5     -1.37      3.65        28       1.3
 6.23      6.04       287     -1.69      4.01        29      1.18
 6.28      6.09       289     -1.59      3.57      27.7      1.01
 6.53      6.33       299     -1.54      3.89      28.7      1.27
 6.58      6.38     302.7     -1.85      3.66        28      0.82
 6.63      6.43     306.3     -1.86      3.64      27.9      0.79
 6.68      6.48       310     -2.01      3.43      27.3      0.51
 6.73      6.53     313.8     -1.91      3.92      28.7       0.9
 6.78      6.58     317.6     -1.68      3.66        28      0.99
 6.83      6.63     321.5     -1.78      3.74      28.2      0.93
 6.88      6.67     325.3     -1.75      3.95      28.8      1.08
 6.93      6.72     329.1     -1.67      3.79      28.4      1.08
 6.98      6.77       335      -1.8       3.8      28.4      0.95
 7.03      6.82       343     -1.14      3.53      27.6      1.44
 7.08      6.87     345.3     -1.23       3.2      26.5      1.12
 7.13      6.92     347.5     -1.25      3.25      26.7      1.15
 7.18      6.96     349.8     -1.27      3.59      27.8      1.35
 7.23      7.01       352     -1.04      3.05      25.9      1.19
 7.28      7.06     353.6     -1.05      2.92      25.5       1.1
 7.33      7.11     355.2     -1.19      3.08        26      1.06
 7.43      7.21     358.4     -1.41      3.29      26.8      1.01
 7.48      7.26       360     -1.29      3.07        26      0.96
 7.58      7.35     363.2     -1.47      2.89      25.3      0.63
 7.63       7.4     364.8     -1.43       2.9      25.4      0.69
 7.68      7.45     366.4     -1.57      3.01      25.8      0.64
 7.73       7.5       368     -1.63      2.85      25.2      0.45
 7.78      7.55     371.5     -1.57      3.05      25.9      0.66
 7.83       7.6       375     -1.42      3.49      27.4      1.12
 7.88      7.64       378     -1.54      3.29      26.8      0.88
 7.93      7.69       381     -1.69       3.6      27.8      0.93
 7.98      7.74       384     -1.67      3.54      27.6      0.91
 8.02      7.78     386.4     -1.75      3.38      27.1      0.73
 8.08      7.84       390      -1.7      3.54      27.6      0.88
 8.18      7.93       396      #N/A      3.91      28.7      #N/A
 8.22      7.97     398.4     -1.85      4.11      29.3      1.09
 8.28      8.03       402     -2.21      4.25      29.7      0.81
 8.33      8.08       405     -2.41      4.26      29.7      0.61
 8.38      8.13       407        -2      4.26      29.7      1.02
 8.48      8.23     408.9     -2.12      4.38        30      0.96
 8.52      8.26     410.8     -2.06      4.48      30.2      1.06
 8.57      8.31     412.7     -1.91      4.43      30.1      1.19
 8.63      8.37     414.6     -1.92      4.06      29.1      0.98
 8.68      8.42     416.5     -1.67      4.07      29.2      1.25
 8.77      8.51     418.4     -1.49      3.99        29      1.38
 8.82      8.56     420.3     -1.25      3.92      28.8      1.58
 8.88      8.61     422.2     -0.77      3.85      28.5         2
 8.95      8.68     424.1     -0.75      3.26      26.7      1.65
 8.99      8.72       426     -0.77      3.29      26.8      1.65
 9.05      8.78     427.9     -0.44      3.41      27.2      2.06
 9.08      8.81     429.8     -0.75      3.24      26.6      1.62
 9.12      8.85     431.7      -1.1      3.61      27.8      1.52
 9.18       8.9     433.6     -0.99      3.17      26.4      1.34
 9.22      8.94     435.5     -1.03      3.16      26.3      1.28
 9.28         9     437.4     -1.12      3.03      25.9      1.11
 9.35      9.07     439.3     -1.25      3.29      26.8      1.17
 9.42      9.14     441.2     -1.45      3.12      26.2      0.84
 9.47      9.19     443.1     -1.24      3.16      26.3      1.07
 9.52      9.22       452     -1.37      3.31     26.97      1.08
 9.57      9.26    454.85     -1.04      3.25     26.76      1.37
 9.62      9.31     457.7     -1.25       2.9     25.48      0.89
 9.67      9.35    460.55     -1.27      3.04     26.02      0.98
 9.72       9.4     463.4     -1.38      3.14     26.39      0.95
 9.77      9.44    466.25     -1.23      2.98     25.81      0.98
 9.82      9.49     469.1     -1.46      2.97     25.77      0.74
 9.87      9.53    471.95      -1.6      3.15     26.42      0.73
 9.92      9.58     474.8     -1.63      3.54     27.75      0.98
 9.97      9.62    477.65     -1.93      3.52     27.66      0.66
10.02      9.67     480.5     -2.16      3.37     27.17      0.33
10.07      9.71    483.35     -1.91      3.45     27.44      0.64
10.12      9.76     486.2     -1.75      3.43     27.37      0.79
10.17       9.8    489.05     -1.89       3.2      26.6      0.49
10.22      9.85     491.9     -2.02      3.51     27.62      0.57
10.27      9.89    494.75     -1.96      3.52     27.66      0.63
10.32      9.94     497.6     -2.07       3.7     28.24      0.64
10.37      9.98    500.45        -2       3.7     28.24      0.71
10.42     10.03     503.3     -1.97      3.63     28.03       0.7
10.47     10.07    506.15     -1.76      3.66      28.1      0.93
10.52     10.12       509     -1.72      3.64     28.04      0.95
10.57     10.16       512     -1.65      3.67     28.12      1.04
10.62     10.21     513.9     -1.68      3.61     27.95      0.98
10.67     10.25     515.8     -1.59      3.43     27.38      0.94
10.72      10.3     517.7     -1.52      3.51     27.64      1.07
10.77     10.34     519.6     -1.62      3.55     27.76      0.99
10.82     10.39     521.5     -1.63      3.88      28.7      1.19
10.87     10.43     523.4     -1.71      3.48     27.53      0.86
10.92     10.48     525.3     -1.73      3.61     27.94      0.93
10.97     10.52     527.2     -1.58      4.14     29.48      1.39
11.02     10.57     529.1      -1.6      3.66     28.11      1.08
11.07     10.61       531     -1.32      3.36     27.15      1.17
11.12     10.66     532.9     -1.65       3.6     27.93         1
11.17      10.7     534.8     -1.48      3.38     27.57       1.1
11.22     10.75     536.7     -1.51      3.44      27.4      1.03
11.27     10.79     538.6     -1.49      3.28     26.89      0.94
11.32     10.84     540.5     -1.43      3.26     26.82      0.99
11.37     10.88     542.4     -1.43      3.46     27.47      1.13
11.42     10.93     544.3     -1.61      3.38     27.21      0.89
11.47     10.97     546.2     -1.68      3.32        27      0.78
11.52     11.02     548.1     -1.63      3.42     27.33      0.89
11.57     11.06       550      -1.6      3.55     27.75      1.02
11.62     11.11     551.9     -1.71      3.61     27.96      0.95
11.67     11.15     553.8     -1.74       3.3     26.94       0.7
11.72      11.2     555.7     -1.67      3.68     28.15      1.03
11.77     11.24     557.6     -1.68      3.42     27.33      0.85
11.82     11.29     559.5     -1.75      3.41      27.3      0.77
11.87     11.33     561.4     -1.79      3.49     27.59      0.79
11.92     11.38     563.3     -1.69      3.77     28.44      1.07
11.97     11.42     565.2     -1.89      4.08     29.33      1.05
12.02     11.47     567.1     -1.62      3.85     28.67      1.18
12.07     11.51       569     -1.64      3.57     27.83         1
12.12     11.56     570.9      -1.8       3.5     27.59      0.78
12.17      11.6     572.8     -1.63       4.1     29.32      1.31
12.22     11.65     574.7     -1.96       4.1     29.37      0.99
12.27     11.69     576.6     -1.89      3.89     28.78      0.94
12.32     11.74     578.5     -1.82      4.04     29.15      1.09
12.37     11.78     580.4     -1.89      3.78     28.48      0.88
12.42     11.83     582.3     -1.78      3.85     28.69      1.03
12.52     11.92     584.2     -1.53      3.25     26.76      0.88
12.57     11.96     586.1     -1.45      3.25     26.77      0.96
12.62     12.01       588     -1.54       3.2     26.61      0.83
12.67     12.05     589.9     -1.83      3.48     27.53      0.74
12.72      12.1     591.8     -1.75      3.61     27.96      0.91
12.77     12.14     593.7     -1.89      3.53     27.71      0.71
12.82     12.19     595.6     -1.92      3.57     27.81      0.71
12.87     12.23     597.5     -1.77      3.56     27.79      0.86
12.92     12.28     599.4     -1.86      3.78     28.46       0.9
12.97     12.32     601.3     -1.96      3.48     27.54      0.61
13.02     12.37     603.2     -1.64      3.65     28.09      1.05
13.07     12.41     605.1     -1.71      3.72     28.27      1.01
13.12     12.46       607     -1.79      3.45     27.44      0.76
13.17      12.5     608.9     -1.79      3.42     27.35      0.74
13.22     12.55     610.8     -1.73      3.28     26.86       0.7
13.27     12.59     612.7     -1.97      3.84     28.66      0.84
13.32     12.64     614.6     -1.99      3.74      27.9      0.66
13.37     12.68     616.5     -1.87      4.02     28.74      0.95
13.42     12.73     618.4     -1.61      3.92     28.03      1.06
13.47     12.77     620.3     -1.43      3.78     28.47      1.34
13.52     12.82     622.2     -1.27       3.6     27.92      1.38
13.57     12.86     624.1     -1.11      3.67     28.13      1.58
13.62     12.91       626     -1.09      3.45     27.45      1.46
13.67     12.95     627.9     -0.99      3.34     27.06      1.48
13.72        13     629.8     -1.02      3.41      27.3       1.5
13.77     13.04       632     -1.01      3.31     26.98      1.44
13.82     13.09     634.5        -1      3.26      26.8      1.42
13.87     13.13       637     -1.04       3.4     27.26      1.47
13.92     13.18     639.5     -1.14      3.41      27.3      1.38
14.02     13.27       642     -1.38      3.37     27.19      1.11
14.07     13.31     644.5     -1.22      3.34     27.08      1.26
14.12     13.36       647     -1.26      3.38     27.22      1.25
14.17      13.4     649.5     -1.15      3.39     27.26      1.36
14.22     13.45       652     -1.11      3.27     26.84      1.31
14.27     13.49     654.5     -1.27      3.29      26.9      1.17
14.32     13.54       657     -1.42      3.39     27.23      1.08
14.37     13.58     659.5     -1.29      3.46     27.48      1.27
14.42     13.63       662     -1.28      3.23     26.71      1.11
14.47     13.67     664.5     -1.39      3.29     26.89      1.04
14.52     13.72       667     -1.35      3.54     27.73      1.26
14.57     13.76     669.5     -1.18      3.23     26.72      1.22
14.62     13.81       672     -1.24      3.46     27.47      1.32
14.67     13.85     674.5     -1.48       3.4     27.71      1.12
14.72      13.9       677     -1.63      3.45     27.95      1.02
14.77     13.94     679.5     -1.51      3.29     26.92      0.93
14.82     13.99       682     -1.43      3.34     27.07      1.05
14.87     14.03     684.5     -1.54       3.3     26.94      0.91
14.92     14.08       687     -1.61      3.52     27.67      0.99
14.97     14.12     689.5     -1.68      3.55     27.75      0.93
15.02     14.17       692     -1.79      3.68     28.18      0.92
15.07     14.21     694.5     -1.84      3.73     28.31      0.89
15.12     14.26       697     -1.87      3.78     28.46      0.89
15.17      14.3     699.5     -1.82      3.73     28.31      0.91
15.22     14.35       702     -1.83      3.71     28.24      0.89
15.27     14.39     704.5     -1.77      3.69      28.2      0.94
15.32     14.44       707     -1.78      3.95     28.96      1.08
15.37     14.48     709.5     -1.61      3.86     28.72      1.21
15.42     14.53       712     -1.59      3.62     27.99      1.07
15.47     14.57     714.5     -1.36       3.5     27.61      1.22
15.52     14.62       717     -1.23      3.45     27.44      1.32
15.57     14.66     719.5     -1.18      3.42     27.34      1.35
15.62     14.71       722     -1.28      3.52     27.68      1.32
15.67     14.75     724.5      -1.3      3.31     26.96      1.15
15.72      14.8       727     -1.35      3.36     27.14      1.14
15.77     14.84     729.5      -1.3      3.28     26.88      1.13
15.82     14.89       732     -1.55      3.36     27.15      0.94
15.87     14.93     734.5     -1.65      3.45     27.44       0.9
15.92     14.98       737     -1.63      3.58     27.84         1
15.97     15.02     739.5     -1.63       3.6     27.92      1.02
16.02     15.07       742     -1.55      3.51     27.65      1.04
16.07     15.11     744.5     -1.47      3.48     27.54       1.1
16.12     15.16       747     -1.52      3.69      28.2      1.19
16.17      15.2     749.5     -1.48      3.76     28.41      1.27
16.02     16.12     784.5     -2.27      4.11     29.42      0.69
16.07     16.16     786.5      -1.9      3.41     27.32      0.62
16.12     16.21     788.5     -1.76      3.85     28.66      1.04
16.17     16.25     790.5     -1.81      3.77     28.43      0.95
16.22      16.3     792.5     -1.56       3.9     28.83      1.28
16.27     16.35     794.5     -1.57      3.87     28.74      1.25
16.32     16.39     796.5     -1.41      3.73     28.32      1.32
16.37     16.44     798.5     -1.24      3.32     27.02      1.22
16.42     16.48     800.5     -1.32      3.41     27.32       1.2
16.47     16.53     802.5     -1.21      3.27     26.84      1.21
16.52     16.57     804.5     -1.27      3.26     26.81      1.15
16.57     16.62     806.5     -1.44      3.38      27.2      1.06
16.62     16.66    809.02     -1.47      3.35     27.11      1.01
16.67     16.71    811.54     -1.68      3.42     27.34      0.85
16.72     16.76    814.06     -1.81      3.46     27.46      0.74
16.77      16.8    816.58     -1.67      3.49     27.58      0.91
16.82     16.85     819.1     -1.66      3.65     28.07      1.02
16.87     16.89    821.62     -1.95      3.57     27.84      0.68
16.92     16.94    824.14     -1.86      3.63     28.03      0.82
16.97     16.98    826.66     -1.66      3.58     27.87      0.98
17.02     17.03    829.18     -1.84      3.37     27.19      0.66
17.07     17.07     831.7     -1.82      3.51     27.64      0.77
17.12     17.12    834.22     -1.69      3.46     27.46      0.87
17.17     17.16    836.74     -1.68      3.29     26.89      0.75
17.22     17.21    839.26     -1.78      3.42     27.34      0.75
17.27     17.26    841.78     -1.68       3.5     27.59       0.9
17.32      17.3     844.3     -1.78      3.61     27.94      0.87
17.37     17.35    846.82     -1.86      4.02     29.16      1.05
17.42     17.39    849.34     -2.01      4.22     29.69      1.01
17.47     17.44    851.86      -1.8      3.85     28.69      1.01
17.52     17.48    854.38     -1.77      3.79     28.48      0.99
17.57     17.53     856.9        -2       3.8     28.52      0.78
17.62     17.57    859.42      -1.9       4.1     29.38      1.05
17.67     17.62    861.94     -1.76       4.1     29.37      1.19
17.72     17.67    864.46     -1.61      4.22     29.71      1.41
17.77     17.71    866.95     -1.41      4.17     29.58      1.58
17.82     17.76    869.45     -1.28      3.51     27.62      1.31
17.87      17.8    871.95     -1.17      3.41     27.31      1.35
17.92     17.85    874.45     -1.27      3.29     26.89      1.16
17.97     17.89    876.95      -1.3      3.21     26.63      1.08
18.02     17.94    879.45      -1.3      3.14      26.4      1.04
18.07     17.98    881.95     -1.21      3.24     26.74       1.2
18.12     18.03    884.45     -1.17       3.3     26.93      1.27
18.17     18.07    886.95      -1.3      3.17     26.47      1.05
18.22     18.12    889.45     -1.23      3.32     27.03      1.23
18.27     18.17    891.95     -1.18      3.32     27.02      1.28
18.32     18.21    894.45     -1.55      3.43     27.37      0.98
18.37     18.26    896.95     -1.64      3.46     27.49      0.92
18.42      18.3    899.45     -1.54      3.69      28.2      1.16
18.47     18.35    901.95     -1.51      3.29     26.91      0.93
18.52     18.39    904.45     -1.54      3.55     28.32      1.19
18.57     18.44    906.95     -1.56      3.48     27.54      1.01
18.62     18.48    909.45     -1.45      3.53      27.7      1.15
18.67     18.53    911.95      -1.5      3.58     27.86      1.13
18.71     18.57    914.45     -1.37      3.21     26.64      1.01
18.77     18.62    916.95     -1.27      3.25     26.78      1.14
18.82     18.67    919.45     -1.27      3.14     26.38      1.06
18.87     18.71    921.95      -1.3      3.15     26.42      1.04
19.02     18.85    926.15     -1.53      3.44     27.41      1.01
19.07     18.89    928.15     -1.78      3.55     27.76      0.84
19.12     18.94    930.15      -1.9      3.39     27.24      0.61
19.17     18.98    932.15     -1.66       3.4     27.29      0.86
19.22     19.03    934.15     -1.66      3.52     27.68      0.94
19.27     19.08    936.15     -1.69      3.58     27.84      0.94
19.32     19.12    938.15     -1.49      3.87     28.73      1.33
19.37     19.17    940.15     -1.47      3.54     27.74      1.14
19.42     19.21    942.15     -1.76      3.65     28.06      0.92
19.47     19.26    944.15     -1.76      3.66     28.11      0.93
19.52      19.3    946.15     -1.78      3.91     28.86      1.07
19.57     19.35    948.15     -1.84      3.82     28.58      0.95
19.62     19.39    950.15     -1.72      4.01     29.13      1.18
19.67     19.44    952.15      -1.6      4.11     29.41      1.36
19.72     19.49    954.15     -1.77      4.04     29.21      1.15
19.77     19.53    956.15     -1.56      4.28     29.85      1.49
19.82     19.58    958.15     -1.78       4.1     29.38      1.18
19.87     19.62    960.15     -1.59       3.9     28.83      1.25
19.92     19.67    962.15     -1.67      3.56     27.81      0.95
19.97     19.71    964.15     -1.31      3.43     27.37      1.22
20.02     19.76    966.15     -1.45      3.65     28.09      1.24
20.07      19.8    968.15      -1.7      3.61     27.96      0.95
20.12     19.85    970.15     -1.49       3.6     27.93      1.16
20.17     19.89    972.15     -1.73      3.76     28.41      1.03
20.22     19.94    974.15     -1.85      3.62        28      0.82
20.27     19.99    976.15     -1.63       3.8     28.51      1.14
20.32     20.03    978.15     -1.69      3.84     28.65      1.11
20.52     20.21    984.15      -1.6      3.71     28.26      1.12
20.57     20.26     986.2     -1.58      3.48     27.56         1
20.62      20.3    988.25     -1.64      3.59      27.9         1
20.67     20.35     990.3     -1.45      3.65     28.07      1.23
20.72      20.4    992.35     -1.67       3.5      27.6      0.91
20.77     20.44     994.4     -1.65      3.53      27.7      0.96
20.82     20.49    996.45     -1.61      3.66     28.09      1.08
20.87     20.53     998.5     -1.62      3.66      28.1      1.07
20.92     20.58   1000.55     -1.78       3.7     28.23      0.94
20.97     20.62    1002.6     -1.66      3.63     28.02      1.01
21.02     20.67   1004.65     -1.59      3.64     28.03      1.08
21.07     20.71    1006.7     -1.73      3.69      28.2      0.98
21.12     20.76   1008.75     -1.62      3.56      27.8         1
21.17      20.8    1010.8     -1.64      3.62     27.99      1.03
21.22     20.85   1012.85     -1.43      3.72     28.28       1.3
21.27      20.9    1014.9     -1.53      3.72     28.29       1.2
21.32     20.94   1016.95     -1.47      3.61     27.94      1.18
21.37     20.99      1019     -1.73      3.72     28.28         1
21.42     21.03   1021.05     -1.54      3.89      28.8      1.29
21.47     21.08    1023.1     -1.68      3.74     28.33      1.06
21.52     21.12   1025.15     -1.79      3.75     28.38      0.96
21.57     21.17    1027.2     -1.74      3.85     28.67      1.07
21.62     21.21   1029.25     -1.68      3.92     28.87      1.16
21.67     21.26   1031.25     -1.56      3.75     28.39      1.19
22.02     21.58    1044.1     -1.78      3.42     27.35      0.75
22.07     21.62    1046.1     -1.65      3.27     26.84      0.78
22.12     21.67    1048.1     -1.79      3.33     27.05      0.68
22.17     21.71    1050.1     -1.44      3.23      26.7      0.96
22.22     21.76    1052.1     -1.57      3.01     25.92      0.67
22.27     21.81    1054.1     -1.35      3.35     27.11      1.13
22.32     21.85    1056.1     -1.55      3.52     27.67      1.05
22.37      21.9    1058.1     -1.69       3.7     28.21      1.02
22.42     21.94    1060.1     -1.72      3.88     28.76       1.1
22.47     21.99    1062.1     -1.93      3.82     28.58      0.86
22.52     22.03    1064.1        -2      3.81     28.56      0.79
22.57     22.08    1066.1     -2.17      3.85     28.67      0.64
22.62     22.12    1068.1     -2.21      3.88     28.75      0.61
22.67     22.17    1070.1     -2.16      3.81     28.56      0.62
22.72     22.22    1072.1      -2.2      3.91     28.86      0.64
22.77     22.26    1074.1     -2.08      4.24     29.77      0.95
22.82     22.31    1076.9     -2.01      3.77     28.44      0.75
22.87     22.35    1079.7     -1.85      3.74     28.35      0.89
22.92      22.4    1082.5     -1.86      3.73     28.32      0.87
22.97     22.44    1085.3     -1.74      3.86     28.72      1.08
23.02     22.49    1088.1     -1.59      3.76      28.4      1.16
23.07     22.53    1090.9      -1.7      3.73     28.31      1.03
23.12     22.58    1093.7      #N/A      3.71     28.27      #N/A
23.17     22.62    1096.5      #N/A      3.42     27.34      #N/A
23.22     22.67    1099.3     -1.37      3.33     27.05       1.1
23.27     22.72    1102.1     -1.48      3.37     27.19      1.01
23.32     22.76    1104.9     -1.64      3.56     27.79      0.98
23.37     22.81    1107.7     -1.73      3.71     28.27         1
23.42     22.85    1110.5      #N/A      3.69     28.21      #N/A
23.52     22.94    1113.3     -1.71      3.89     28.79      1.12
23.57     22.99    1116.1     -1.49      3.92     28.88      1.35
23.62     23.03    1118.9     -1.43      3.71     28.24      1.29
23.67     23.08    1121.7     -1.57       3.7     28.22      1.14
23.72     23.13    1124.5     -1.37      3.72      28.3      1.36
23.77     23.17    1127.3      -1.4      3.77     28.43      1.36
23.82     23.22    1130.1     -1.25       3.5     27.62      1.34
23.87     23.26    1132.9     -1.36       3.5     27.59      1.22
23.92     23.31    1135.7     -1.51       3.4     27.29      1.01
23.97     23.35    1138.5      -1.6      3.57     27.84      1.03
24.02      23.4    1141.3     -1.43      3.66     28.11      1.26
24.07     23.44    1144.1     -1.72      3.68     28.18      0.99
24.12     23.49    1146.9     -1.64      3.73     28.31      1.09
24.17     23.53    1149.7      -1.5      3.68     28.15       1.2
24.22     23.58    1152.5      -1.4      3.46     27.47      1.15
24.27     23.63    1155.3      -1.5      3.52     27.66      1.09
24.32     23.67    1158.1     -1.52      3.62     27.98      1.15
24.37     23.72    1160.9     -1.57      3.44     27.41      0.97
24.42     23.76    1163.7     -1.66      3.52     27.66      0.94
24.47     23.81    1166.5     -1.62      3.37     27.18      0.87
24.52     23.85    1169.3     -1.66      3.55     27.76      0.96
24.57      23.9    1172.1      #N/A      3.72     28.29      #N/A
24.62     23.94    1174.9     -1.52      3.67     28.15      1.18
24.67     23.99    1177.7      #N/A      3.81     28.57      #N/A
24.72     24.04    1180.5      #N/A      3.78     28.48      #N/A
24.77     24.08    1183.3     -1.77      3.74     28.34      0.96
24.82     24.13    1186.1     -1.83      3.68     28.16      0.87
24.87     24.17    1188.9     -1.72      3.92     28.88      1.13
24.92     24.22    1191.7     -1.63      3.83     28.61      1.17
24.97     24.26    1194.5     -1.56      3.75     28.38      1.19
25.02     24.31    1197.3     -1.43       3.9     28.81      1.41
25.07     24.35    1200.1     -1.42      3.65     28.07      1.26
25.12      24.4    1202.8     -1.31      3.63     28.03      1.36
25.17     24.44    1205.5     -1.39      3.31     26.99      1.06
25.22     24.49    1208.2     -1.27      3.32        27      1.19
25.27     24.54    1210.9     -1.33      3.45     27.43      1.22
25.32     24.58    1213.6     -1.47      3.45     27.43      1.07
25.37     24.63    1216.3     -1.31      3.33     27.03      1.15
25.42     24.67      1219      -1.4      3.11     26.26       0.9
25.47     24.72    1221.7      -1.4      3.21     26.62      0.98
25.52     24.76    1224.4     -1.76      3.35     27.11      0.72
25.57     24.81    1227.1     -1.83      3.38     27.21      0.67
25.62     24.85    1229.8     -1.61      3.33     27.05      0.86
25.67      24.9    1232.5     -1.64      3.14      26.4      0.69
25.72     24.95    1235.2     -1.63      3.17      26.5      0.72
25.52     25.52      1258     -1.52      3.32     27.01      0.94
25.57     25.56      1260     -2.05      3.89      28.8      0.78
25.62     25.61      1262     -1.37      3.94     28.94      1.49
25.67     25.65      1264     -1.48       3.7     28.24      1.23
25.72      25.7      1266     -1.59      3.54     27.74      1.02
25.77     25.75      1268     -1.68      3.43     27.37      0.85
25.82     25.79      1270     -1.46      3.58     27.85      1.18
25.87     25.84      1272     -1.69      3.42     27.33      0.84
25.92     25.88      1274     -1.49      3.53     27.71      1.12
25.97     25.93      1276     -1.65      3.68     28.16      1.05
26.02     25.97      1278     -1.76      3.82     28.57      1.03
26.07     26.02      1280     -1.88      3.66     28.09      0.81
26.12     26.06      1282     -1.67      3.94     28.94      1.19
26.17     26.11      1284     -1.48      3.76     28.41      1.27
26.22     26.16      1286     -1.26      3.29     26.93      1.18
26.27      26.2      1288     -1.32      3.47     27.51      1.24
26.32     26.25      1290     -1.34      3.36     27.15      1.15
26.37     26.29      1292     -1.29      3.19     26.55      1.08
26.42     26.34      1294     -1.65      3.43     27.39      0.89
26.47     26.38      1296     -1.56      3.35      27.1      0.91
26.52     26.43      1298     -1.62      3.25     26.77      0.79
26.57     26.47      1300     -1.66      3.47     27.49       0.9
26.62     26.52      1302     -1.76      3.57     27.81      0.86
26.67     26.56      1304     -1.78      3.37     27.17      0.71
26.72     26.61      1306     -1.94      3.42     27.33      0.59
26.77     26.66      1308     -1.79      3.67     28.13      0.91
26.82      26.7      1310     -1.76      3.67     28.14      0.93
26.87     26.75      1312     -1.69      3.61     27.94      0.97
26.92     26.79      1314     -1.69      3.67     28.14         1
26.97     26.84      1316     -1.39      3.66     28.09       1.3
27.02     26.88      1318     -1.69      3.97     29.01      1.18
27.07     26.93      1320     -1.89      3.94     28.93      0.96
27.12     26.97      1322     -1.85      3.96        29      1.02
27.17     27.02      1324     -1.81      4.04      29.2      1.11
27.22     27.07      1326      -1.8      3.93     28.91      1.05
27.27     27.11      1328     -1.87      3.91     28.85      0.97
27.32     27.16      1330     -1.65      4.25      29.8      1.39
27.37      27.2      1332     -1.63       3.6     27.91      1.01
27.42     27.25      1334     -1.51      3.59     27.89      1.13
27.47     27.29      1336     -1.63      3.61     27.94      1.02
27.52     27.34      1338     -1.59      3.48     27.54      0.98
27.57     27.38      1340     -1.45      3.26      26.8      0.96
27.62     27.43      1342     -1.53      3.39     27.26      0.98
27.67     27.47      1344     -1.55      3.19     26.55      0.82
27.72     27.52      1346     -1.65      3.55     27.17      0.85
27.77     27.57      1348     -1.94      3.58     27.84      0.69




