# NOAA Paleoclimatology Program - Paleocean Site Data
# o806b-mm-tab.txt
# Complete Data
# File Created: 19-Mar-2009
#
#*********************************************************************************
# Please cite the contributor and the original publications when using these data
#*********************************************************************************
#
# Missing Values indicated by '-999'
#
# PI:             Martin Medina-Elizalde
# Core/Site:      ODP806B
# Latitude:       0.19.04N	( 0.31778)
# Longitude:      159.21.25E	( 159.3569)
# Water Depth(m): 2520
#
# Publications:
#   Medina-Elizalde, M., D.W. Lea, and M.S. Fantle. 2008. Implications of seawater
#     Mg/Ca variability for Plio-Pleistocene tropical climate reconstruction. Earth
#     and Planetary Science Letters, 269(3-4), 585-595.
#------------------
#
# Description & Notes:
#   Plio-Pleistocene Seawater Mg/Ca Variability Data and SST reconstruction
#   All Mg/Ca data from Wara et al., 2005, Science
#
# Variables:
#             depth         Depth (cm)
#             yrBP          radiocarbon years B.P. (Libby half-life; B.P. = 1950)
#             Mg/Ca-g.sac   Magnesium/Calcium ratio (Globigerinoides sacculifer) (mmol/mol)
#             sst-mg/ca     Sea surface temperature from Mg/Ca
#             sst-mg/ca.adj Sea surface temperature from Mg/Ca adjusted for Mg/Ca variation
#
# CORE: ODP806B
depth	yrBP 	Mg/Ca-g.sac	sst-mg/ca	sst-mg/ca.adj	
-999	24000	4	29.358	29.401	
-999	36000	3.583	28.133	28.198	
-999	48000	3.21	26.911	26.999	
-999	60000	3.324	27.3	27.409	
-999	72000	3.4	27.552	27.683	
-999	84000	3.4	27.552	27.706	
-999	96000	3.504	27.888	28.064	
-999	108000	3.661	28.373	28.572	
-999	120000	3.79	28.759	28.98	
-999	132000	3.876	29.008	29.252	
-999	144000	3.59	28.158	28.424	
-999	156000	3.38	27.486	27.776	
-999	168000	3.32	27.287	27.6	
-999	180000	3.264	27.097	27.432	
-999	192000	3.209	26.91	27.268	
-999	204000	3.568	28.089	28.471	
-999	216000	3.855	28.947	29.352	
-999	228000	3.675	28.416	28.844	
-999	240000	3.752	28.647	29.099	
-999	252000	4.013	29.394	29.864	
-999	264000	3.94	29.19	29.654	
-999	276000	3.7	28.491	28.95	
-999	288000	3.373	27.462	27.915	
-999	300000	3.127	26.623	27.07	
-999	312000	3.291	27.19	27.631	
-999	324000	3.543	28.009	28.445	
-999	336000	3.881	29.022	29.452	
-999	348000	3.767	28.69	29.114	
-999	360000	3.586	28.145	28.563	
-999	372000	3.314	27.266	27.678	
-999	384000	3.1	26.526	26.932	
-999	396000	2.929	25.894	26.294	
-999	408000	3.233	26.993	27.388	
-999	420000	3.336	27.342	27.731	
-999	432000	3.833	28.885	29.268	
-999	444000	4.633	30.991	31.368	
-999	456000	4.071	29.554	29.926	
-999	468000	3.5	27.874	28.239	
-999	480000	3.5	27.874	28.234	
-999	492000	3.45	27.714	28.068	
-999	504000	3.567	28.084	28.431	
-999	516000	4.233	29.988	30.327	
-999	528000	4.25	30.031	30.362	
-999	540000	4.029	29.439	29.762	
-999	552000	3.747	28.632	28.947	
-999	564000	3.647	28.332	28.639	
-999	576000	3.633	28.289	28.589	
-999	588000	3.767	28.69	28.981	
-999	600000	4.012	29.39	29.673	
-999	612000	4.106	29.648	29.923	
-999	624000	3.824	28.856	29.123	
-999	636000	3.8	28.788	29.047	
-999	648000	3.756	28.657	28.908	
-999	660000	3.622	28.255	28.498	
-999	672000	3.659	28.367	28.602	
-999	684000	3.644	28.323	28.55	
-999	696000	3.511	27.909	28.128	
-999	708000	3.561	28.066	28.277	
-999	720000	3.794	28.772	28.974	
-999	732000	4.261	30.06	30.255	
-999	744000	3.994	29.342	29.528	
-999	756000	3.772	28.706	28.891	
-999	768000	3.706	28.508	28.697	
-999	780000	3.468	27.773	27.967	
-999	792000	3.319	27.284	27.483	
-999	804000	3.376	27.474	27.678	
-999	816000	3.8	28.788	28.996	
-999	828000	3.935	29.177	29.39	
-999	840000	3.3	27.22	27.439	
-999	852000	3.208	26.905	27.128	
-999	864000	3.475	27.794	28.022	
-999	876000	3.682	28.438	28.671	
-999	888000	3.811	28.82	29.058	
-999	900000	3.878	29.013	29.256	
-999	912000	3.633	28.289	28.537	
-999	924000	3.311	27.258	27.51	
-999	936000	3.378	27.479	27.737	
-999	948000	3.489	27.839	28.101	
-999	960000	3.611	28.221	28.489	
-999	972000	3.678	28.425	28.697	
-999	984000	3.789	28.755	29.033	
-999	996000	3.9	29.076	29.359	
-999	1008000	3.9	29.076	29.368	
-999	1020000	3.665	28.385	28.688	
-999	1032000	3.417	27.606	27.921	
-999	1044000	3.483	27.821	28.147	
-999	1056000	3.7	28.491	28.829	
-999	1068000	3.833	28.885	29.233	
-999	1080000	3.567	28.084	28.444	
-999	1092000	3.45	27.714	28.086	
-999	1104000	3.6	28.187	28.57	
-999	1116000	4.4	30.417	30.811	
-999	1128000	4.2	29.9	30.306	
-999	1140000	3.833	28.885	29.303	
-999	1152000	3.967	29.265	29.694	
-999	1164000	3.8	28.788	29.229	
-999	1176000	3.618	28.241	28.694	
-999	1188000	3.688	28.456	28.921	
-999	1200000	4.033	29.45	29.927	
-999	1212000	4.211	29.929	30.418	
-999	1224000	3.944	29.202	29.702	
-999	1236000	3.639	28.307	28.819	
-999	1248000	3.326	27.308	27.832	
-999	1260000	3.856	28.949	29.493	
-999	1272000	3.878	29.013	29.579	
-999	1284000	3.7	28.491	29.08	
-999	1296000	3.7	28.491	29.103	
-999	1308000	3.989	29.327	29.961	
-999	1320000	3.322	27.295	27.951	
-999	1332000	3.456	27.732	28.411	
-999	1344000	3.844	28.917	29.619	
-999	1356000	3.511	27.909	28.634	
-999	1368000	3.667	28.391	29.138	
-999	1380000	3.989	29.327	30.097	
-999	1392000	3.922	29.14	29.932	
-999	1404000	3.806	28.805	29.621	
-999	1416000	3.7	28.491	29.33	
-999	1428000	3.7	28.491	29.353	
-999	1440000	3.5	27.874	28.759	
-999	1452000	3.367	27.442	28.35	
-999	1464000	3.633	28.289	29.22	
-999	1476000	3.4	27.552	28.506	
-999	1488000	3.179	26.805	27.782	
-999	1500000	3.495	27.857	28.858	
-999	1512000	3.6	28.187	29.202	
-999	1524000	3.583	28.135	29.165	
-999	1536000	3.517	27.927	28.971	
-999	1548000	3.606	28.205	29.263	
-999	1560000	3.744	28.624	29.697	
-999	1572000	3.878	29.013	30.1	
-999	1584000	4.011	29.389	30.49	
-999	1596000	4.033	29.45	30.566	
-999	1608000	3.833	28.885	30.015	
-999	1620000	3.845	28.92	30.065	
-999	1632000	3.9	29.076	30.236	
-999	1644000	3.643	28.319	29.492	
-999	1656000	3.6	28.187	29.374	
-999	1668000	3.52	27.937	29.136	
-999	1680000	3.314	27.268	28.479	
-999	1692000	2.929	25.894	27.117	
-999	1704000	3.162	26.744	27.979	
-999	1716000	3.257	27.075	28.322	
-999	1728000	3.1	26.526	27.784	
-999	1740000	3.1	26.526	27.795	
-999	1752000	3.357	27.411	28.692	
-999	1764000	3.477	27.801	29.09	
-999	1776000	3.179	26.804	28.102	
-999	1788000	2.838	25.546	26.854	
-999	1800000	2.977	26.075	27.392	
-999	1812000	3.264	27.099	28.425	
-999	1824000	3.177	26.798	28.132	
-999	1836000	3.143	26.678	28.021	
-999	1848000	3.4	27.552	28.904	
-999	1860000	3.308	27.246	28.607	
-999	1872000	3.221	26.953	28.322	
-999	1884000	3.338	27.349	28.728	
-999	1896000	3.4	27.552	28.939	
-999	1908000	3.492	27.85	29.246	
-999	1920000	3.408	27.577	28.982	
-999	1932000	3.1	26.526	27.94	
-999	1944000	3.11	26.561	27.985	
-999	1956000	3.17	26.774	28.206	
-999	1968000	3.23	26.982	28.423	
-999	1980000	3.29	27.187	28.637	
-999	1992000	3.3	27.22	28.679	
-999	2004000	3.3	27.22	28.682	
-999	2016000	3.3	27.22	28.673	
-999	2028000	3.153	26.714	28.157	
-999	2040000	2.976	26.074	27.508	
-999	2052000	2.8	25.395	26.819	
-999	2064000	3.12	26.597	28.012	
-999	2076000	3.306	27.24	28.646	
-999	2088000	3.447	27.705	29.101	
-999	2100000	3.588	28.151	29.538	
-999	2112000	3.233	26.993	28.371	
-999	2124000	3.1	26.526	27.894	
-999	2136000	3.1	26.526	27.885	
-999	2148000	3.1	26.526	27.875	
-999	2160000	3.12	26.598	27.939	
-999	2172000	3.145	26.685	28.016	
-999	2184000	3.169	26.772	28.093	
-999	2196000	3.194	26.857	28.169	
-999	2208000	3.2	26.878	28.181	
-999	2220000	3.267	27.107	28.401	
-999	2232000	3.282	27.159	28.442	
-999	2244000	3.033	26.284	27.558	
-999	2256000	2.93	25.899	27.156	
-999	2268000	3.425	27.633	28.865	
-999	2280000	3.1	26.526	27.732	
-999	2292000	3.188	26.835	28.016	
-999	2304000	3.4	27.552	28.709	
-999	2316000	3.6	28.187	29.318	
-999	2328000	3.567	28.084	29.19	
-999	2340000	3.1	26.526	27.606	
-999	2352000	3.385	27.502	28.558	
-999	2364000	3.4	27.552	28.582	
-999	2376000	3.4	27.552	28.557	
-999	2388000	3.218	26.941	27.921	
-999	2400000	3.275	27.136	28.091	
-999	2412000	3.34	27.354	28.283	
-999	2424000	3.66	28.371	29.275	
-999	2436000	3.175	26.791	27.67	
-999	2448000	3.1	26.526	27.379	
-999	2460000	3.48	27.81	28.638	
-999	2472000	3.2	26.878	27.681	
-999	2484000	3.2	26.878	27.655	
-999	2496000	3.538	27.992	28.744	
-999	2508000	3.45	27.714	28.462	
-999	2520000	3.133	26.644	27.398	
-999	2532000	2.9	25.785	26.544	
-999	2544000	3.062	26.387	27.152	
-999	2556000	3.362	27.426	28.197	
-999	2568000	2.9	25.785	26.562	
-999	2580000	3.362	27.426	28.209	
-999	2592000	3.392	27.527	28.316	
-999	2604000	3.387	27.508	28.303	
-999	2616000	3.653	28.35	29.152	
-999	2628000	3.744	28.622	29.429	
-999	2640000	3.069	26.413	27.226	
-999	2652000	3.238	27.008	27.827	
-999	2664000	3.393	27.53	28.355	
-999	2676000	3.953	29.227	30.059	
-999	2688000	3.34	27.354	28.192	
-999	2700000	3.318	27.281	28.125	
-999	2712000	3.325	27.304	28.154	
-999	2724000	2.968	26.044	26.9	
-999	2736000	2.68	24.908	25.771	
-999	2748000	3.16	26.739	27.608	
-999	2760000	3.4	27.552	28.445	
-999	2772000	3.325	27.304	28.224	
-999	2784000	3.14	26.668	27.615	
-999	2796000	3.133	26.644	27.619	
-999	2808000	3.4	27.552	28.554	
-999	2820000	3.36	27.42	28.45	
-999	2832000	3.12	26.597	27.654	
-999	2844000	3.4	27.552	28.636	
-999	2856000	3.453	27.725	28.837	
-999	2868000	3.567	28.084	29.223	
-999	2880000	3.211	26.917	28.083	
-999	2892000	3.3	27.22	28.415	
-999	2904000	3.217	26.936	28.158	
-999	2916000	3.145	26.687	27.937	
-999	2928000	3.467	27.768	29.045	
-999	2940000	3.927	29.154	30.458	
-999	2952000	3.917	29.124	30.456	
-999	2964000	3.7	28.491	29.851	
-999	2976000	3.409	27.582	28.969	
-999	2988000	3	26.161	27.576	
-999	3000000	3.082	26.46	27.903	
-999	3012000	3.3	27.22	28.693	
-999	3024000	3.491	27.845	29.347	
-999	3036000	3.533	27.979	29.511	
-999	3048000	3.5	27.874	29.435	
-999	3060000	3.4	27.552	29.142	
-999	3072000	3.417	27.606	29.226	
-999	3084000	3.591	28.159	29.808	
-999	3096000	3.522	27.944	29.624	
-999	3108000	3.6	28.187	29.896	
-999	3120000	3.75	28.641	30.379	
-999	3132000	3.627	28.271	30.039	
-999	3144000	3.733	28.591	30.389	
-999	3156000	3.65	28.34	30.167	
-999	3168000	3.3	27.22	29.077	
-999	3180000	3.709	28.519	30.405	
-999	3192000	3.675	28.416	30.332	
-999	3204000	3.908	29.1	31.045	
-999	3216000	3.936	29.18	31.154	
-999	3228000	3.456	27.732	29.736	
-999	3240000	3.818	28.841	30.875	
-999	3252000	3.45	27.714	29.778	
-999	3264000	3.518	27.932	30.026	
-999	3276000	3.665	28.386	30.51	
-999	3288000	3.605	28.202	30.358	
-999	3300000	3.783	28.739	30.925	
-999	3312000	3.3	27.22	29.436	
-999	3324000	3.1	26.526	28.772	
-999	3336000	3.8	28.788	31.065	
-999	3348000	3.727	28.573	30.881	
-999	3360000	3.683	28.441	30.78	
-999	3372000	3.612	28.226	30.594	
-999	3384000	3.65	28.34	30.739	
-999	3396000	3.618	28.243	30.673	
-999	3408000	3.827	28.867	31.327	
-999	3420000	3.783	28.739	31.229	
-999	3432000	3.65	28.34	30.86	
-999	3444000	3.7	28.491	31.042	
-999	3456000	3.8	28.788	31.368	
-999	3468000	3.944	29.202	31.812	
-999	3480000	3.536	27.989	30.628	
-999	3492000	3.642	28.315	30.984	
-999	3504000	3.836	28.894	31.593	
-999	3516000	3.8	28.788	31.515	
-999	3528000	3.536	27.989	30.744	
-999	3540000	3.5	27.874	30.658	
-999	3552000	3.227	26.973	29.785	
-999	3564000	3.58	28.125	30.965	
-999	3576000	3.3	27.22	30.088	
-999	3588000	3.655	28.354	31.25	
-999	3600000	3.933	29.171	32.095	
-999	3612000	3.973	29.282	32.234	
-999	3624000	4.233	29.988	32.968	
-999	3636000	4.036	29.458	32.467	
-999	3648000	3.4	27.552	30.589	
-999	3660000	2.95	25.975	29.039	
-999	3672000	3.55	28.032	31.124	
-999	3684000	3.983	29.311	32.432	
-999	3696000	3.918	29.128	32.276	
-999	3708000	3.3	27.22	30.396	
-999	3720000	3.709	28.519	31.723	
-999	3732000	4	29.358	32.589	
-999	3744000	3.733	28.591	31.851	
-999	3756000	4.2	29.9	33.181	
-999	3768000	3.8	28.788	32.083	
-999	3780000	3.378	27.479	30.788	
-999	3792000	3.625	28.264	31.588	
-999	3804000	3.419	27.613	30.951	
-999	3816000	3.644	28.321	31.673	
-999	3828000	3.5	27.874	31.24	
-999	3840000	3.5	27.874	31.255	
-999	3852000	3.488	27.837	31.231	
-999	3864000	3.418	27.609	31.018	
-999	3876000	3.412	27.593	31.016	
-999	3888000	3.75	28.641	32.078	
-999	3900000	3.525	27.953	31.405	
-999	3912000	3.478	27.803	31.269	
-999	3924000	3.5	27.874	31.354	
-999	3936000	3.7	28.491	31.986	
-999	3948000	3.4	27.552	31.061	
-999	3960000	3.488	27.834	31.357	
-999	3972000	3.65	28.34	31.877	
-999	3984000	3.675	28.416	31.967	
-999	3996000	3.433	27.66	31.226	
-999	4008000	3.3	27.22	30.786	
-999	4020000	3.375	27.47	31.03	
-999	4032000	3.5	27.874	31.427	
-999	4044000	3.5	27.874	31.421	
-999	4056000	3.325	27.304	30.845	
-999	4068000	3.25	27.051	30.585	
-999	4080000	3.5	27.874	31.402	
-999	4092000	3.241	27.02	30.542	
-999	4104000	3.1	26.526	30.041	
-999	4116000	3.325	27.304	30.813	
-999	4128000	3.2	26.878	30.381	
-999	4140000	3.438	27.674	31.17	
-999	4152000	3.512	27.914	31.403	
-999	4164000	3.067	26.405	29.888	
-999	4176000	3.55	28.032	31.508	
-999	4188000	3.5	27.874	31.344	
-999	4200000	3.3	27.22	30.683	
-999	4212000	3	26.161	29.617	
-999	4224000	3.1	26.526	29.975	
-999	4236000	3.162	26.747	30.19	
-999	4248000	3.275	27.136	30.571	
-999	4260000	3.1	26.526	29.942	
-999	4272000	3.2	26.878	30.274	
-999	4284000	2.9	25.785	29.16	
-999	4296000	3.1	26.526	29.88	
-999	4308000	3.288	27.178	30.512	
-999	4320000	3.45	27.714	31.027	
-999	4332000	3.25	27.051	30.342	
-999	4344000	3.156	26.723	29.994	
-999	4356000	3.433	27.66	30.91	
-999	4368000	3.55	28.032	31.26	
-999	4380000	2.9	25.785	28.992	
-999	4392000	3.1	26.526	29.712	
-999	4404000	3.675	28.416	31.581	
-999	4416000	3.4	27.552	30.695	
-999	4428000	2.862	25.64	28.762	
-999	4440000	3.05	26.345	29.446	
-999	4452000	3.267	27.107	30.187	
-999	4464000	3.06	26.381	29.439	
-999	4476000	3.167	26.762	29.798	
-999	4488000	3.562	28.071	31.086	
-999	4500000	3.4	27.552	30.545	
-999	4512000	2.912	25.832	28.799	
-999	4524000	3.4	27.552	30.491	
-999	4536000	3.55	28.032	30.944	
-999	4548000	3.3	27.22	30.105	
-999	4560000	3.5	27.874	30.732	
-999	4572000	3.507	27.897	30.727	
-999	4584000	3.593	28.165	30.968	
-999	4596000	3.512	27.914	30.689	
-999	4608000	3.7	28.491	31.24	
-999	4620000	3.75	28.641	31.361	
-999	4632000	2.9	25.785	28.477	
-999	4644000	3.633	28.289	30.955	
-999	4656000	3.8	28.788	31.425	
-999	4668000	3.738	28.604	31.213	
-999	4680000	3.8	28.788	31.369	
-999	4692000	3.589	28.153	30.707	
-999	4704000	3	26.161	28.687	
-999	4716000	3.32	27.287	29.785	
-999	4728000	3.4	27.552	30.021	
-999	4740000	3.367	27.442	29.884	
-999	4752000	3.59	28.156	30.57	
-999	4764000	3.35	27.387	29.777	
-999	4776000	3.6	28.187	30.552	
-999	4788000	3	26.161	28.502	
-999	4800000	3.4	27.552	29.869	
-999	4812000	3.5	27.874	30.166	
-999	4824000	3.433	27.66	29.928	
-999	4836000	3.1	26.526	28.769	
-999	4848000	3.4	27.552	29.771	
-999	4860000	3.3	27.22	29.415	
-999	4872000	3.383	27.497	29.667	
-999	4884000	3.217	26.936	29.081	
-999	4896000	3.409	27.582	29.702	
-999	4908000	3.467	27.768	29.863	
-999	4920000	3.318	27.281	29.352	
-999	4932000	3.4	27.552	29.598	
-999	4944000	3.325	27.304	29.325	
-999	4956000	3.155	26.719	28.716	
-999	4968000	3.267	27.107	29.079	
-999	4980000	3.091	26.493	28.439	
-999	4992000	3.108	26.555	28.477	
-999	5004000	3.445	27.7	29.6	
-999	5016000	3.55	28.032	29.916	
-999	5028000	3.5	27.874	29.743	
-999	5040000	3.618	28.243	30.096	
-999	5052000	3.683	28.441	30.278	
-999	5064000	3.664	28.382	30.203	
-999	5076000	3.567	28.084	29.889	
-999	5088000	3.433	27.66	29.45	
-999	5100000	3.327	27.312	29.085	
-999	5112000	3.45	27.714	29.472	
-999	5124000	3.582	28.131	29.872	
