# NOAA Paleoclimatology Program - Paleocean Site Data
# odp1168a-tab.txt
# Complete Data
# File Created: 26-Dec-2007
#
#*********************************************************************************
# Please cite the contributor and the original publications when using these data
#*********************************************************************************
#
# Missing Values indicated by '-999'
#
# PI:             Dirk Nuernberg
# Core/Site:      ODP1168A
# Latitude:       42.36.35S	( -42.60972)
# Longitude:      144.24.46E	( 144.4128)
# Water Depth(m): 2463
#
# Publications:
#   Nuernberg, D., N. Brughmans, J. Schönfeld, U.S. Ninnemann, and C. Dullo. 2004.
#     Paleo-export productivity, terrigenous flux, and sea surface temperature around
#     Tasmania - Implications for glacial/interglacial changes in the Subtropical Convergence
#     Zone. in Exon, N., J.P. Kennett, and M. Malone (eds.) The Cenozic Southern Ocean:Tectonics,
#     Sedimentation and Climate Change Between Australia and Antarctica. Geophysical
#     Monograph Series, 151, 291-318.
#------------------
#
# Description & Notes:
#   Tasmanian Gateway ODP Leg 189 Sediment Data and SST Reconstructions
#   SST calculated from Mg/Ca using formula in Mashiotta et al., 1999.
#
# Variables:
#             depth         Depth (cm)
#             yrBP          radiocarbon years B.P. (Libby half-life; B.P. = 1950)
#             Al umol/g     Aluminum (µmol/g)
#             carb%         Calcium Carbonate percent
#             carb-coar%    Coarse Calcium Carbonate percent
#             chlor         Chlorins (µg/g)
#             d18Oc.wuell   delta O18 PDB (Cibicidoides wuellerstorfi)
#             Fe umol/g     Iron (µmol/g)
#             L*            Sediment lightness (L*), CIE scale
#             Mg/Ca-g.bull  Magnesium/Calcium ratio (Globigerina Bulloides)
#             silic%        Siliciclast percent
#             sst-mg/ca     Sea surface temperature from Mg/Ca
#             Ti umol/g     Titanium (µmol/g)
#             toc%          Total organic carbon percent
#             susc          Magnetic Susceptibility
#             d18Og.bull    delta O18 PDB (Globigerina bulloides)
#             mg/ca-rep     Magnesium/Calcium ratio replicate
#
# CORE: ODP1168A
depth	yrBP 	Al umol/g	carb%	carb-coar%	chlor	d18Oc.wuell	Fe umol/g	L*	Mg/Ca-g.bull	silic%	sst-mg/ca	Ti umol/g	toc%	susc	d18Og.bull	mg/ca-rep	notes
5	7810	470.59	80.863	36.298	399.226	1.092	145.444	64.04	2.38	19.137	15.08	17.178	0.284	-999	-999	-999	1-1-005
10	9818	496.415	78.901	32.816	93.407	3.089	157.759	64.36	2.32	21.099	14.84	18.191	0.298	8	-999	-999	1-1-010
15	11826	606.461	75.376	31.872	299.051	3.329	233.202	59.15	2.16	24.624	14.17	23.559	0.28	9	-999	-999	1-1-015
20	13834	711.319	72.501	28.911	276.653	-999	254.132	56.71	2.31	27.499	14.8	27.585	0.387	11	-999	-999	1-1-020
25	15842	486.77	62.123	29.197	734.613	3.208	140.068	54.52	2.4	37.877	15.16	19.295	0.472	8	-999	-999	1-1-025
30	17850	739.382	71.414	38.311	1020.157	4.061	208.595	53.87	2.2	28.586	14.35	28.132	0.482	6	-999	-999	1-1-030
35	18668	849.727	68.46	43.598	1248.793	3.711	219.517	52.23	2.42	31.54	15.24	27.593	0.534	7	-999	-999	1-1-035
40	19486	868.897	67.768	42.896	955.955	-999	208.762	54.26	1.82	32.232	12.57	27.659	0.503	9	-999	-999	1-1-040
45	20304	917.756	68.376	42.648	1938.713	-999	208.674	55.2	2.12	31.624	14	30.667	0.52	12	-999	-999	1-1-045
50	21122	792.405	71.122	42.683	1034.961	3.628	187.258	54.47	2.04	28.878	13.64	27.296	0.481	12	-999	-999	1-1-050
55	21940	863.724	70.547	46.946	1193.397	3.841	194.902	53.25	1.7	29.453	11.94	29.986	0.524	10	-999	-999	1-1-055
60	25473.7	674.121	74.535	44.542	1692.817	3.383	147.203	49.65	2.28	25.465	14.68	24.82	0.546	9	-999	-999	1-1-060
75	36075	328.4	87.117	14.774	112.429	2.844	106.977	67.84	2.28	12.883	14.68	10.995	0.198	0	-999	-999	1-1-075
80	39608.8	316.919	87.067	14.998	148.892	-999	93.592	64.54	2.34	12.933	14.92	10.982	0.235	1	-999	-999	1-1-080
85	43142.5	339.589	86.784	8.646	493.353	3.038	96.532	65.03	2.57	13.216	15.8	12.359	0.238	0	-999	-999	1-1-085
90	46676.3	437.693	83.588	7.469	548.763	2.81	122.409	62.45	2.67	16.412	16.16	16.911	0.216	2	-999	-999	1-1-090
95	50210	714.337	74.005	17.277	1932.611	2.526	193.942	61.44	2.6	25.995	15.91	28.017	0.506	2	-999	-999	1-1-095
100	54836.7	664.888	77.076	30.002	1343	2.987	154.681	60.68	1.71	22.924	11.99	22.86	0.34	2	-999	-999	1-1-100
105	59463.3	775.29	73.73	25.675	826.162	2.589	193.461	63.23	1.86	26.27	12.78	26.9	0.352	3	-999	-999	1-1-105
110	64090	521.341	81.693	20.834	581.545	3.65	139.711	61.38	1.68	18.307	11.83	17.39	0.184	2	-999	-999	1-1-110
115	72162.5	435.981	84.134	21.839	589.613	3.376	111.55	63.79	1.5	15.866	10.77	14.426	0.154	4	-999	-999	1-1-115
120	80235	365.152	84.851	14.588	488.029	2.921	93.773	65.46	2.13	15.149	14.04	12.174	0.256	1	-999	-999	1-1-120
125	88307.5	268.501	87.992	8.981	239.745	3.118	67.536	66.22	1.95	12.008	13.22	8.655	0.181	0	-999	-999	1-1-125
130	96380	329.894	85.572	7.548	278.408	2.18	102.936	62.86	2.09	14.428	13.87	12.18	0.244	1	-999	-999	1-1-130
135	101616	476.423	80.938	13.462	513.934	-999	127.784	60.08	2.17	19.062	14.22	16.912	0.186	1	2.346	-999	1-1-135
140	106852	734.359	73.118	25.787	1274.34	3.047	205.531	58.5	1.76	26.882	12.26	25.843	0.426	3	3.152	-999	1-1-140
150	117324	1480.052	54.764	28.991	2230.703	3.494	392.262	51.16	1.86	45.236	12.78	51.812	0.49	-999	2.351	1.67	1-2-000
155	122560	774.452	72.764	30.427	538.045	1.686	216.719	53.76	1.87	27.236	12.83	26.263	0.3	-999	2.627	-999	1-2-005
160	126740	765.609	73.322	27.191	775.178	1.708	203.496	59.25	2.01	26.678	13.5	25.779	0.276	4	3.174	1.9	1-2-010
165	130920	730.471	73.714	23.906	757.445	3.128	188.107	58.27	2.18	26.286	14.26	22.404	0.222	3	3.632	-999	1-2-015
170	135100	538.903	78.664	13.128	538.664	4.541	136.315	59.26	1.78	21.336	12.37	19.488	0.242	3	3.237	-999	1-2-020
175	155075	579.211	77.647	16.375	806.38	3.99	181.87	58.55	2.62	22.353	15.98	22.242	0.274	2	2.651	2.59	1-2-025
180	175050	588.395	76.397	16.751	1946.855	3.731	156.314	58.29	2.41	23.603	15.2	21.775	0.396	3	3.172	2.53	1-2-030
185	184060	510.394	79.551	11.215	566.93	4.25	128.192	60.21	2.26	20.449	14.6	16.699	0.276	2	3.323	-999	1-2-035
190	193070	750.686	73.918	25.177	857.4	3.586	191.878	57.89	2.77	26.082	16.5	25.266	0.359	3	3.504	-999	1-2-040
195	200560	482.194	81.043	13.078	468.858	3.894	136.931	58.58	2.3	18.957	14.76	16.952	0.227	2	3.014	2.09	1-2-045
200	208050	809.053	71.564	20.907	762.918	3.9	190.412	60.21	2.04	28.436	13.64	24.419	0.305	3	3.633	-999	1-2-050 A
205	215540	752.274	74.355	24.321	780.784	2.444	195.378	60.41	1.89	25.645	12.93	25.808	0.342	4	2.966	-999	1-2-055
210	227865	784.453	73.639	24.842	857.513	3.061	199.045	59.23	2.05	26.361	13.69	26.34	0.302	3	2.71	-999	1-2-060
215	240190	761.966	73.585	26.847	822.868	2.844	190.994	59.19	1.58	26.415	11.25	25.854	0.271	3	2.557	-999	1-2-065
220	246560	688.71	76.034	8.989	709.377	3.813	178.402	59.04	1.83	23.966	12.62	23.369	0.311	3	2.633	-999	1-2-070
225	252930	1083.52	64.864	46.476	252.518	3.52	263.352	59.12	2.05	35.136	13.69	38.882	0.344	4	2.847	2.07	1-2-075
230	259300	866.825	71.005	23.322	791.108	3.965	205.48	62.43	1.7	28.995	11.94	29.826	0.419	4	3.149	-999	1-2-080
235	265670	1255.203	59.756	23.889	950.924	4.286	291.233	55.19	1.53	40.244	10.95	42.165	0.414	5	3.019	-999	1-2-085
240	271387	1167.477	60.848	23.842	956.348	3.959	309.876	56.28	1.65	39.152	11.66	39.944	0.445	5	3.027	-999	1-2-090
245	277105	1029.21	67.281	23.237	859.887	4.119	264.165	56.45	1.74	32.719	12.15	35.491	0.338	5	-999	1.49	1-2-095
250	282822	480.563	82.643	17.394	481.589	3.994	121.378	63.14	1.49	17.357	10.7	15.842	0.278	3	-999	-999	1-2-100
255	288540	346.477	85.747	12.341	331.611	3.095	86.292	64.78	2.27	14.253	14.64	11.212	0.232	2	-999	-999	1-2-105
260	292832	279.986	89.063	8.78	334.835	-999	72.34	70.31	2.02	10.937	13.55	8.975	0.094	0	-999	-999	1-2-110
265	297124	404.493	84.322	7.377	389.324	3.347	106.501	65.7	2.21	15.678	14.39	15.486	0.209	1	-999	-999	1-2-115
270	301416	452.164	82.893	15.893	428.742	3.191	117.676	62.52	1.8	17.107	12.47	15.082	0.172	3	-999	-999	1-2-120
275	305708	340.72	85.872	12.874	54.198	3.413	80.984	64.19	1.59	14.128	11.31	12.641	0.102	2	-999	-999	1-2-125
280	310000	501.094	81.238	14.14	710.078	2.395	129.255	61.49	1.56	18.762	11.13	16.924	0.256	1	-999	-999	1-2-130
285	314200	759.384	73.426	21.567	816.768	3.279	198.59	59.54	1.73	26.574	12.1	25.587	0.294	4	-999	-999	1-2-135
290	318400	449.248	82.113	19.673	498.693	3.578	114.95	60.88	1.83	17.887	12.62	15.227	0.272	3	-999	-999	1-2-140
295	322600	330.414	85.942	9.057	497.742	2.98	81.669	64.09	1.72	14.058	12.05	11.612	0.278	2	-999	-999	1-2-145
300	326800	243.39	89.901	7.677	187.074	3.002	60.698	61.25	2.51	10.099	15.58	7.617	0.178	-999	-999	-999	1-3-000
305	331000	303.218	87.501	9.466	274.78	2.646	74.432	69.69	2.12	12.499	14	9.804	0.18	-999	-999	2.31	1-3-005
310	333500	350.365	86.022	8.912	338.739	-999	90.423	69.08	2.02	13.978	13.55	11.636	0.234	0	-999	-999	1-3-010
315	336000	315.583	84.901	8.821	178.414	2.824	97.18	64.35	2.11	15.099	13.96	11.253	0.358	0	-999	-999	1-3-015
320	338500	578.77	77.793	8.682	597.408	3.434	151.458	64.93	2.18	22.207	14.26	22.61	0.44	2	-999	-999	1-3-020
325	341000	523.64	78.505	16.245	1080.825	3.514	135.457	58.59	1.77	21.495	12.31	19.243	0.404	2	-999	-999	1-3-025
330	344200	600.312	77.164	12.842	563.897	3.429	143.77	58.36	1.8	22.836	12.47	19.179	0.333	2	-999	-999	1-3-030
335	347400	1025.74	64.66	25.871	1022.353	3.207	240.056	58.85	1.94	35.34	13.17	30.667	0.374	2	-999	1.88	1-3-035
340	350600	1053.873	65.385	27.243	370.927	2.5	247.08	56.85	2.01	34.615	13.5	36.907	0.292	3	-999	-999	1-3-040
345	353800	413.136	85.084	26.464	224.717	2.3	110.503	56.96	2.38	14.916	15.08	13.365	0.226	5	-999	2.78	1-3-045
350	357000	334.235	86.755	34.174	189.139	2.047	90.991	52.44	2.73	13.245	16.36	11.558	0.188	3	-999	-999	1-3-050
355	360200	344.651	84.567	20.997	179.397	2.561	90.772	50.37	3.28	15.433	18.08	11.905	0.373	1	-999	-999	1-3-055
360	363400	289.921	85.917	30.32	251.872	2.489	81.625	64.7	2.86	14.083	16.8	9.642	0.21	2	-999	-999	1-3-060
365	366600	497.309	81.826	34.27	230.691	2.456	132.487	53.85	2.32	18.174	14.84	17.247	0.273	3	-999	-999	1-3-065
370	369800	367.976	84.98	32.674	130.603	2.093	96.246	48.57	2.78	15.02	16.53	12.636	0.233	2	-999	-999	1-3-070
375	373000	405.982	84.226	31.444	254.222	2.269	121.922	53.71	2.77	15.774	16.5	13.816	0.232	2	-999	-999	1-3-075
380	376200	441.075	77.664	33.773	397.687	2.74	156.716	57.72	2.74	22.336	16.4	14.829	0.25	2	-999	-999	1-3-080
385	379400	299.457	87.517	28.041	256.448	2.676	90.096	50.14	2.76	12.483	16.47	9.87	0.196	2	-999	-999	1-3-085
390	382600	411.247	84.388	55.965	345.81	2.499	118.477	54.19	3.02	15.612	17.31	13.793	0.288	1	-999	-999	1-3-090
395	385800	365.738	84.992	42.412	300.81	1.914	106.831	52.13	2.86	15.008	16.8	11.847	0.246	1	-999	-999	1-3-095
400	389000	253.335	87.088	59.178	173.119	2.099	103.453	62.08	2.82	12.912	16.67	8.393	0.248	1	-999	-999	1-3-100
405	392200	330.557	81.163	60.512	225.475	2.297	147.66	66.81	2.53	18.837	15.65	10.979	0.259	0	-999	-999	1-3-105
410	395400	366.59	85.672	37.158	347.688	2.324	136.36	56.47	2.42	14.328	15.24	11.959	0.268	1	-999	-999	1-3-110
415	398600	496.804	80.58	29.238	229.36	2.535	143.106	65.35	2.78	19.42	16.53	16.625	0.272	1	-999	-999	1-3-115
420	401800	351.436	84.184	36.058	256.027	2.062	98.896	64.22	2.33	15.816	14.88	11.364	0.309	1	-999	-999	1-3-120
425	405000	386.469	83.238	30.497	272.094	1.986	120.467	56	2.35	16.762	14.96	12.766	0.423	1	-999	-999	1-3-125
430	407231	648.284	76.13	26.811	351.581	2.446	231.053	61.77	2.07	23.87	13.78	20.559	0.317	2	-999	-999	1-3-130
435	409462	447.33	84.192	24.412	169.118	2.228	116.927	66.73	2.35	15.808	14.96	14.201	0.242	1	-999	-999	1-3-135
440	411692	465.439	82.218	24.84	327.912	2.958	129.683	63.78	2.04	17.782	13.64	14.914	0.282	-999	-999	-999	1-3-140
450	416154	570.209	79.759	24.841	260.528	3.371	147.055	59.4	2.31	20.241	14.8	18.725	0.352	-999	-999	-999	1-4-000
455	418385	567.901	79.272	25.776	252.598	3.544	144.225	62.02	2.05	20.728	13.69	18.58	0.269	-999	-999	-999	1-4-005
460	420615	593.468	78.584	23.282	102.59	2.884	138.845	61.54	2.44	21.416	15.31	19.647	0.292	3	-999	-999	1-4-010
465	422846	566.969	79.755	27.3	246.961	2.666	136.008	60.38	1.93	20.245	13.12	18.83	0.289	2	-999	-999	1-4-015
470	425077	729.309	70.356	20.256	74.413	3.051	194.776	61.4	2.17	29.644	14.22	26.311	0.257	3	-999	-999	1-4-020
475	427308	900.749	70.285	26.538	339.382	2.193	245.862	57.69	1.7	29.715	11.94	31.375	0.296	4	-999	-999	1-4-025
480	429538	1136.575	63.152	33.185	363.035	3.052	264.177	-999	1.69	36.848	11.88	39.113	0.316	5	-999	-999	1-4-030
485	431769	1178.085	62.348	42.666	836.644	4.151	265.093	-999	1.95	37.652	13.22	40.361	0.387	5	-999	-999	1-4-035
490	434000	1231.509	59.198	50.394	716.858	4.336	311.629	49.94	2.05	40.802	13.69	42.326	0.45	6	-999	-999	1-4-040
495	438111	1075.57	64.231	49.679	867.092	4.081	261.419	50.9	2.07	35.769	13.78	37.718	0.38	5	-999	-999	1-4-045
500	442222	869.817	67.431	52.783	610.339	3.995	302.584	51.37	2.57	32.569	15.8	31.676	0.284	3	-999	-999	1-4-050
505	446333	931.242	67.422	41.025	378.569	2.677	223.071	57.15	2.61	32.578	15.94	33.542	0.342	3	-999	-999	1-4-055
510	450444	384.243	83.276	21.656	95.051	3.02	106.841	68.68	2.27	16.724	14.64	12.769	0.244	2	-999	-999	1-4-060
515	454556	456.708	80.326	11.184	313.127	2.962	164.396	69.23	2.01	19.674	13.5	15.568	0.268	1	-999	-999	1-4-065
520	458667	318.375	85.48	18.92	325.981	3.132	76.652	67.98	2.33	14.52	14.88	10.491	0.283	0	-999	-999	1-4-070
525	462778	266.281	82.997	23.249	236.825	2.9	97.627	66.17	1.88	17.003	12.88	8.725	0.239	0	-999	-999	1-4-075
530	466889	401.387	83.417	17.398	613.575	2.975	143.518	67.01	1.98	16.583	13.36	13.319	0.284	1	-999	-999	1-4-080
535	471000	451.804	83.284	19.814	412.414	3.306	116.082	66.51	2.02	16.716	13.55	15.25	0.256	1	-999	-999	1-4-085
540	474417	407.068	84.672	17.602	283.081	2.322	107.035	60.64	2.07	15.328	13.78	13.269	0.282	1	-999	-999	1-4-090
545	477833	396.673	85.226	14.838	314.299	1.7	108.906	62.79	2	14.774	13.46	12.979	0.287	0	-999	-999	1-4-095
550	481250	438.433	83.426	19.116	86.7	3.124	111.713	66.38	2.38	16.574	15.08	16.733	0.166	1	-999	-999	1-4-100
555	484667	458.795	83.959	19.145	349.682	2.589	126.079	66.85	2.95	16.041	17.09	15.764	0.244	2	-999	-999	1-4-105
560	488083	607.945	79.434	17.683	456.758	2.117	157.28	56.65	2	20.566	13.46	20.534	0.293	1	-999	-999	1-4-110
565	491500	540.228	81.63	18.314	230.55	2.78	130.571	65.6	2.19	18.37	14.3	18.872	0.236	2	-999	-999	1-4-115
570	494917	531.126	82.284	19.156	165.166	-999	137.175	63.43	2.26	17.716	14.6	18.501	0.232	2	-999	-999	1-4-120
575	498333	503.477	83.188	16.823	187.688	-999	126.903	63.62	2.21	16.812	14.39	17.515	0.256	2	-999	-999	1-4-125
580	501750	513.922	80.059	19.002	183.191	-999	136.46	65.06	2.33	19.941	14.88	17.415	0.272	2	-999	-999	1-4-130
585	505167	514.836	82.443	18.408	245.084	2.702	126.597	64.25	2.36	17.557	15	17.579	0.2	2	-999	-999	1-4-135
590	508583	1283.115	59.352	34.235	-999	2.597	324.198	66.15	2.06	40.648	13.73	44.239	0.561	2	-999	-999	1-4-140
595	512000	565.232	77.534	22.764	651.666	3.512	155.257	65.61	1.95	22.466	13.22	18.725	0.391	2	-999	-999	1-4-145
600	517947	509.834	81.238	29.12	544.647	2.421	129.002	66.97	-999	18.762	-999	16.892	0.285	-999	-999	-999	1-5-000
605	523895	473.241	79.547	22.984	314.833	3.168	305.176	66.54	-999	20.453	-999	15.159	0.292	-999	-999	-999	1-5-005
610	529842	546.891	80.08	23.377	494.486	3.01	143.359	65.49	-999	19.92	-999	18.456	0.255	2	-999	-999	1-5-010
615	535789	595.284	80.009	22.546	317.068	2.379	138.674	60.76	-999	19.991	-999	21.39	0.242	3	-999	-999	1-5-015
620	541737	551.599	80.98	17.496	242.718	2.89	143.28	63.78	-999	19.02	-999	19.146	0.274	2	-999	-999	1-5-020
625	547684	441.242	80.618	18.183	231.714	-999	310.849	67.06	-999	19.382	-999	14.923	0.212	4	-999	-999	1-5-025
630	553632	404.32	84.905	21.27	200.366	3.349	103.762	66.62	-999	15.095	-999	13.231	0.22	3	-999	-999	1-5-030
635	559579	334.928	87.151	16.761	199.01	-999	85.397	68.37	-999	12.849	-999	11.094	0.158	1	-999	-999	1-5-035
640	565526	338.679	87.105	16.218	169.641	2.999	92.018	69.41	-999	12.895	-999	10.879	0.173	2	-999	-999	1-5-040
645	571474	377.198	85.713	18.695	243.099	3.229	92.363	69.7	-999	14.287	-999	12.305	0.168	2	-999	-999	1-5-045
650	577421	378.394	85.101	16.351	127.485	3.278	100.408	66.42	-999	14.899	-999	12.544	0.193	2	-999	-999	1-5-050
655	583368	429.586	86.451	15.917	341.633	3.364	104.924	67.97	-999	13.549	-999	14.132	0.198	2	-999	-999	1-5-055
660	589316	417.307	83.688	16.499	333.067	3.243	109.405	66.87	-999	16.312	-999	13.699	0.24	1	-999	-999	1-5-060
665	595263	387.276	85.805	13.126	306.914	2.674	91.838	68.01	-999	14.195	-999	12.435	0.231	1	-999	-999	1-5-065
670	601211	425.967	83.613	12.26	310.281	3.676	104.994	65.73	-999	16.387	-999	13.553	0.245	2	-999	-999	1-5-070
675	607158	513.917	81.626	19.501	202.515	3.053	133.889	62.94	-999	18.374	-999	16.514	0.249	3	-999	-999	1-5-075
680	613105	538.305	79.622	19.294	354.677	2.192	134.198	58.33	-999	20.378	-999	19.254	0.304	3	-999	-999	1-5-080
685	619053	556.394	79.213	15.52	240.092	2.47	132.096	59.21	-999	20.787	-999	22.342	0.322	3	-999	-999	1-5-085
690	625000	490.55	80.213	22.158	378.217	3.666	135.765	58.56	-999	19.787	-999	20.063	0.307	3	-999	-999	1-5-090
695	629409	453.205	80.838	19.339	278.519	2.777	117.921	63.04	-999	19.162	-999	17.593	0.277	3	-999	-999	1-5-095
702	635582	371.272	82.888	21.417	155.411	3.297	102.914	-999	-999	17.112	-999	14.567	0.192	-999	-999	-999	1-cc-000
707	639991	336.314	84.276	27.773	137.74	2.745	131.016	66.92	-999	15.724	-999	12.836	0.21	-999	-999	-999	1-cc-005
712	644400	361.852	85.742	26.041	117.73	3.04	92.95	66.82	-999	14.258	-999	13.631	0.196	-999	-999	-999	1-cc-010
717	648809	-999	-999	-999	-999	-999	-999	66.89	-999	-999	-999	-999	-999	-999	-999	-999	
722	653218	705.544	73.235	23.214	289.213	-999	171.603	56.42	-999	26.765	-999	27.153	0.328	-999	-999	-999	1-cc-020
730	660273	857.06	71.239	24.425	152.153	-999	217.188	58.56	-999	28.761	-999	29.413	0.205	-999	-999	-999	2-1-000
735	664682	-999	70.556	19.543	305.992	2.843	-999	63.62	-999	29.444	-999	-999	0.238	-999	-999	-999	2-1-005
740	669091	950.176	67.231	20.62	869.984	2.56	240.503	-999	-999	32.769	-999	32.442	0.35	-999	-999	-999	2-1-010
745	673500	76.308	74.164	25.344	494.452	2.091	17.592	57.08	-999	25.836	-999	2.682	0.339	-999	-999	-999	2-1-015
750	677909	831.316	70.056	25.029	424.185	2.188	212.531	-999	-999	29.944	-999	28.901	0.286	-999	-999	-999	2-1-020
755	682318	830.424	72.101	23.875	204.419	2.042	209.223	52.76	-999	27.899	-999	28.705	0.232	-999	-999	-999	2-1-025
760	686727	771.33	73.385	26.326	348.64	2.202	200.667	-999	-999	26.615	-999	26.727	0.264	6	-999	-999	2-1-030
765	691136	615.578	71.247	26.296	434.582	2.731	149.671	53.78	-999	28.753	-999	21.014	0.258	7	-999	-999	2-1-035
770	695545	469.983	80.343	22.048	183.322	2.144	116.185	60.55	-999	19.657	-999	16.091	0.212	8	-999	-999	2-1-040
775	699955	841.975	71.055	27.322	571.207	2.345	223.255	-999	-999	28.945	-999	28.941	0.312	13	-999	-999	2-1-045
780	704364	719.305	72.914	21.656	644.787	1.935	180.104	-999	-999	27.086	-999	26.56	0.279	7	-999	-999	2-1-050
785	708773	842.62	71.11	24.023	375.123	2.917	212.146	-999	-999	28.89	-999	29.039	0.274	7	-999	-999	2-1-055
790	713182	627.857	75.939	21.873	259.295	2.877	153.586	-999	-999	24.061	-999	25.486	0.237	5	-999	-999	2-1-060
795	717591	608.577	73.743	20.413	150.645	3.292	153.813	-999	-999	26.257	-999	22.721	0.21	10	-999	-999	2-1-065
800	722000	421.651	84.434	15.863	169.72	3.764	107.313	62.66	-999	15.566	-999	14.266	0.184	8	-999	-999	2-1-070
805	726625	585.743	84.151	17.019	198.847	2.813	155.49	60.42	-999	15.849	-999	19.651	0.219	23	-999	-999	2-1-075
810	731250	691.236	75.097	22.78	236.589	3.027	174.12	57.56	-999	24.903	-999	25.657	0.25	98	-999	-999	2-1-080
815	735875	-999	-999	-999	205.243	3.04	-999	61.27	-999	-999	-999	-999	-999	114	-999	-999	
820	740500	406.256	83.963	14.055	64.455	3.434	100.868	59.57	-999	16.037	-999	15.602	0.162	9	-999	-999	2-1-090
825	745125	350.336	86.392	15.529	134.386	2.916	91.122	68.56	-999	13.608	-999	11.787	0.288	6	-999	-999	2-1-095
830	749750	613.155	77.709	45.877	272.377	2.505	159.868	48.47	-999	22.291	-999	22.784	0.254	5	-999	-999	2-1-100
835	754375	644.773	83.897	21.603	415.353	2.901	176.162	61.54	-999	16.103	-999	22.715	0.243	3	-999	-999	2-1-105
840	759000	898.537	71.58	23.812	420.278	2.616	221.556	62.94	-999	28.42	-999	30.876	0.269	4	-999	-999	2-1-110
845	763625	793.733	73.714	24.932	431.642	2.357	210.599	59.52	-999	26.286	-999	28.129	0.329	3	-999	-999	2-1-115
850	768250	1117.066	63.577	23.999	359.238	3.163	247.868	61.05	-999	36.423	-999	39.515	0.292	3	-999	-999	2-1-120
855	772875	433.129	84.301	18.344	97.928	2.466	103.565	63.66	-999	15.699	-999	16.373	0.241	5	-999	-999	2-1-125
860	777500	386.478	86.997	12.366	161.317	2.899	93.103	69.63	-999	13.003	-999	13.897	0.269	25	-999	-999	2-1-130
865	782125	362.917	87.817	20.626	58.362	2.85	86.185	66.47	-999	12.183	-999	12.855	0.136	5	-999	-999	2-1-135
870	786750	370.795	85.001	42.436	35.75	2.633	117.64	65.54	-999	14.999	-999	13.865	0.142	5	-999	-999	2-1-140
880	795897	606.642	77.809	21.879	211.388	-999	158.278	52.93	-999	22.191	-999	23.741	0.35	1	-999	-999	2-2-000
885	800471	651.677	77.905	23.083	205.202	3.309	164.329	60.98	-999	22.095	-999	24.968	0.198	2	-999	-999	2-2-005
890	804941	830.92	71.922	22.627	295.144	1.783	191.366	59.78	-999	28.078	-999	32.859	0.206	2	-999	-999	2-2-010
895	809412	1238.461	57.902	22.288	976.729	2.934	271.044	58.36	-999	42.098	-999	48.102	0.378	1	-999	-999	2-2-015
900	813882	1336.751	57.081	23.295	854.197	2.352	265.946	55.31	-999	42.919	-999	49.154	0.434	-999	-999	-999	2-2-020
905	818353	1166.643	61.685	22.166	512.244	-999	235.317	56.4	-999	38.315	-999	45.124	0.356	-999	-999	-999	2-2-025
910	822824	454.351	79.359	27.524	137.279	2.039	411.43	62.92	-999	20.641	-999	17.504	0.182	3	-999	-999	2-2-030
915	827294	482.098	82.555	21.401	140.445	2.301	126.294	64.69	-999	17.445	-999	18.287	0.17	3	-999	-999	2-2-035
920	831765	710.201	75.755	19.538	308.537	3.095	171.957	66.24	-999	24.245	-999	26.91	0.21	6	-999	-999	2-2-040
925	836235	424.529	87.771	23.995	103.336	2.631	104.612	66.31	-999	12.229	-999	15.891	0.17	6	-999	-999	2-2-045
930	840706	-999	-999	-999	-999	2.435	-999	63.49	-999	-999	-999	-999	-999	2	-999	-999	2-2-050
935	845176	454.052	83.322	23.232	349.178	2.621	109.365	64.31	-999	16.678	-999	17.947	0.203	1	-999	-999	2-2-055
940	849647	455.325	80.88	20.305	84.711	2.523	114.245	65.25	-999	19.12	-999	19.014	0.216	2	-999	-999	2-2-060
945	854118	553.927	79.355	20.069	120.917	2.606	144.312	63.62	-999	20.645	-999	24.297	0.217	2	-999	-999	2-2-065
950	858588	720.268	75.197	24.38	348.754	2.641	176.89	59.31	-999	24.803	-999	30.471	0.276	1	-999	-999	2-2-070
955	863059	641.93	78.497	23.229	319.163	2.93	157.882	61.62	-999	21.503	-999	25.44	0.256	1	-999	-999	2-2-075
960	867529	451.78	82.168	21.476	259.273	2.75	121.721	60.05	-999	17.832	-999	17.676	0.294	1	-999	-999	2-2-080
965	872000	413.311	81.013	16.202	127.717	3.23	107.959	66.79	-999	18.987	-999	15.963	0.168	2	-999	-999	2-2-085
970	876800	490.279	80.843	13.462	127.3	1.781	121.903	62.05	-999	19.157	-999	19.068	0.189	2	-999	-999	2-2-090 A
975	881600	430.721	82.872	17.815	68.346	3.204	125.009	67.03	-999	17.128	-999	16.442	0.154	2	-999	-999	2-2-095
980	886400	415.284	83.255	24.503	86.948	2.914	111.867	63.4	-999	16.745	-999	17.289	0.125	1	-999	-999	2-2-100
985	891200	414.075	83.947	24.424	101.904	2.002	102.192	65.92	-999	16.053	-999	16.656	0.155	1	-999	-999	2-2-105
990	896000	-999	-999	-999	-999	2.869	-999	61.39	-999	-999	-999	-999	-999	0	-999	-999	2-2-110
995	900800	574.117	77.505	16.572	95.668	2.906	179.414	62.77	-999	22.495	-999	24.536	0.209	1	-999	-999	2-2-115
1000	905600	560.238	78.147	13.8	106.485	2.016	142.517	61.76	-999	21.853	-999	23.489	0.202	1	-999	-999	2-2-120 A
1005	910400	608.785	76.309	17.692	153.138	3.545	159.095	61.2	-999	23.691	-999	25.153	0.22	1	-999	-999	2-2-125
1010	915200	601.87	77.876	13.899	141.957	2.961	156.419	61.34	-999	22.124	-999	25.868	0.166	1	-999	-999	2-2-130
1015	920000	752.509	74.347	16.753	311.026	2.92	183.097	60.35	-999	25.653	-999	31.242	0.325	2	-999	-999	2-2-135
1020	924800	1675.611	72.093	28.588	267.081	2.071	398.526	56.28	-999	27.907	-999	62.889	0.363	2	-999	-999	2-2-140
1025	929600	699.371	74.239	45.917	464.7	1.847	182.51	56.98	-999	25.761	-999	29.769	0.332	2	-999	-999	2-2-145
