Hole	"core,section"	top(cm)	composite_depth	age_(ka)	benthic d18O	Uk'37	SST
1020C	1H-1	25	0.25	3.5	-999	0.418	11.1
1020C	1H-1	50	0.5	5.3	-999	0.403	10.7
1020C	1H-1	75	0.75	7	-999	0.375	10.55
1020C	1H-1	77	0.77	7.12	3.64	-999	-999
1020C	1H-1	97	0.97	8.32	3.69	-999	-999
1020C	1H-1	100	1	8.5	-999	0.407	10.8
1020C	1H-1	125	1.25	9.82978723	-999	0.39	10.3
1020C	1H-1	137	1.37	10.46808511	4.16	-999	-999
1020C	1H-2	0	1.51	11.21276596	-999	0.32	8.3
1020C	1H-2	7	1.57	11.53191489	4.51	-999	-999
1020C	1H-2	25	1.75	12.4893617	-999	0.335	8.7
1020C	1H-2	47	1.97	13.65957447	4.64	-999	-999
1020C	1H-2	50	2	13.81914894	-999	0.326	8.4
1020C	1H-2	67	2.17	14.72340426	4.75	-999	-999
1020C	1H-2	75	2.25	15.14893617	-999	0.272	6.83
1020C	1H-2	100	2.5	16.4787234	-999	0.37	9.75
1020C	1H-2	107	2.57	16.85106383	5.08	-999	-999
1020C	1H-2	125	2.75	17.80851064	-999	0.27	6.8
1020C	1H-2	127	2.77	17.91489362	5.14	-999	-999
1020D	1H-2	127	2.91	18.65957447	5.235	-999	-999
1020D	1H-2	147	3.11	19.72340426	5.185	-999	-999
1020D	1H-3	0	3.15	19.93617021	-999	0.258	6.5
1020C	1H-3	17	3.17	20.04255319	5.12	-999	-999
1020D	1H-3	17	3.31	20.78723404	5.3	-999	-999
1020C	1H-3	37	3.37	21.17391304	5.1	-999	-999
1020D	1H-3	25	3.4	21.43478261	-999	0.239	5.9
1020D	1H-3	37	3.51	22.39130435	5.115	-999	-999
1020D	1H-3	50	3.65	23.60869565	-999	0.246	6.1
1020D	1H-3	57	3.71	24.13043478	4.735	-999	-999
1020C	1H-3	77	3.77	24.65217391	5.035	-999	-999
1020D	1H-3	75	3.9	25.7826087	-999	0.23	5.6
1020D	1H-3	77	3.91	25.86956522	5.13	-999	-999
1020C	1H-3	97	3.97	26.39130435	4.95	-999	-999
1020D	1H-3	97	4.11	27.60869565	5.075	-999	-999
1020D	1H-3	100	4.15	27.95652174	-999	0.28	7.1
1020D	1H-3	125	4.4	30.13043478	-999	0.248	6.1
1020D	1H-3	137	4.51	31.08754717	4.53	-999	-999
1020D	1H-3	144	4.59	31.78792453	-999	0.228	5.6
1020D	1H-4	0	4.65	32.31320755	-999	0.212	5.1
1020D	1H-4	7	4.71	32.83849057	4.87	-999	-999
1020D	1H-4	25	4.9	34.50188679	-999	0.238	5.8
1020D	1H-4	47	5.11	36.34037736	4.78	-999	-999
1020D	1H-4	50	5.15	36.69056604	-999	0.264	6.6
1020D	1H-4	67	5.31	38.09132075	4.725	-999	-999
1020D	1H-4	75	5.4	38.87924528	-999	0.248	6.1
1020D	1H-4	87	5.51	39.84226415	4.79	-999	-999
1020D	1H-4	100	5.65	41.06792453	-999	0.284	7.2
1020D	1H-4	107	5.71	41.59320755	4.87	-999	-999
1020D	1H-4	125	5.9	43.25660377	-999	0.269	6.8
1020D	1H-4	127	5.91	43.34415094	4.865	-999	-999
1020C	2H-1	17	6.05	44.56981132	4.72	-999	-999
1020D	1H-5	0	6.14	45.35773585	-999	0.29	7.4
1020C	2H-1	37	6.25	46.32075472	4.64	-999	-999
1020D	1H-5	17	6.31	46.84603774	4.775	-999	-999
1020D	1H-5	25	6.38	47.45886792	-999	0.292	7.4
1020C	2H-1	57	6.45	48.07169811	4.555	-999	-999
1020D	1H-5	37	6.51	48.59698113	4.55	-999	-999
1020C	2H-1	75	6.63	49.64754717	-999	0.294	7.5
1020D	1H-5	50	6.64	49.73509434	-999	0.291	7.4
1020C	2H-1	77	6.65	49.82264151	4.75	-999	-999
1020D	1H-5	57	6.71	50.34792453	5.035	-999	-999
1020C	2H-1	97	6.85	51.57358491	4.83	-999	-999
1020C	2H-1	100	6.88	51.83622642	-999	0.293	7.5
1020C	2H-1	117	7.05	53.3245283	4.725	-999	-999
1020C	2H-1	125	7.13	54.02490566	-999	0.336	8.7
1020C	2H-1	137	7.25	54.78378378	4.595	-999	-999
1020C	2H-2	0	7.38	55.5427027	-999	0.303	7.8
1020C	2H-2	25	7.63	57.00216216	-999	0.312	8
1020C	2H-2	50	7.88	58.46162162	-999	0.302	7.7
1020C	2H-2	75	8.13	59.92108108	-999	0.282	7.1
1020C	2H-2	100	8.38	61.38054054	-999	0.262	6.6
1020C	2H-2	125	8.63	62.84	-999	0.284	7.2
1020C	2H-3	0	8.88	64.29945946	-999	0.268	6.7
1020C	2H-3	17	9.05	65.40888889	4.855	-999	-999
1020C	2H-3	25	9.13	66.06311111	-999	0.288	7.3
1020C	2H-3	37	9.25	67.04444444	4.83	-999	-999
1020C	2H-3	50	9.38	68.10755556	-999	0.285	7.2
1020C	2H-3	57	9.45	68.68	4.72	-999	-999
1020C	2H-3	75	9.63	70.152	-999	0.342	8.9
1020C	2H-3	77	9.65	70.31555556	4.585	-999	-999
1020C	2H-3	97	9.85	71.95111111	4.415	-999	-999
1020C	2H-3	100	9.88	72.19644444	-999	0.31	8
1020C	2H-3	117	10.05	73.58666667	4.47	-999	-999
1020C	2H-3	125	10.13	74.24088889	-999	0.287	7.3
1020C	2H-3	137	10.25	75.22222222	4.415	-999	-999
1020C	2h-4	0	10.39	76.36711111	-999	0.318	8.2
1020C	2H-4	7	10.46	76.93955556	4.43	-999	-999
1020C	2H-4	25	10.63	78.32977778	-999	0.322	8.3
1020C	2H-4	27	10.65	78.49333333	4.2	-999	-999
1020C	2H-4	47	10.85	80.12888889	4.14	-999	-999
1020C	2H-4	50	10.88	80.37422222	-999	0.355	9.25
1020C	2H-4	67	11.05	81.76444444	4.07	-999	-999
1020C	2H-4	75	11.13	82.41866667	-999	0.372	9.8
1020C	2H-4	87	11.25	83.4	4.03	-999	-999
1020C	2H-4	100	11.38	84.51237113	-999	0.353	9.2
1020C	2H-4	107	11.45	85.11134021	4.1	-999	-999
1020C	2H-4	125	11.63	86.65154639	-999	0.287	7.3
1020C	2H-4	127	11.65	86.82268041	4.135	-999	-999
1020C	2H-4	147	11.85	88.53402062	4.48	-999	-999
1020C	2H-5	0	11.88	88.79072165	-999	0.326	8.4
1020C	2H-5	17	12.05	90.24536082	4.44	-999	-999
1020C	2H-5	25	12.13	90.92989691	-999	0.4	10.6
1020C	2H-5	37	12.25	91.95670103	4.37	-999	-999
1020D	2H-1	57	12.32	92.5556701	4.425	-999	-999
1020C	2H-5	50	12.38	93.06907216	-999	0.362	9.5
1020C	2H-5	57	12.45	93.66804124	4.29	-999	-999
1020D	2H-1	77	12.52	94.26701031	4.28	-999	-999
1020D	2H-1	77	12.52	94.26701031	-999	-999	-999
1020C	2H-5	77	12.65	95.37938144	4.195	-999	-999
1020D	2H-1	97	12.72	95.97835052	4.27	-999	-999
1020D	2H-1	100	12.75	96.23505155	-999	0.378	10
1020C	2H-5	97	12.85	97.09072165	4.105	-999	-999
1020D	2H-1	117	12.92	97.68969072	4.13	-999	-999
1020D	2H-1	125	13	98.3742268	-999	0.373	9.8
1020C	2H-5	117	13.05	98.80206186	4.125	-999	-999
1020D	2H-1	137	13.12	99.40103093	4.265	-999	-999
1020D	2H-1	144	13.19	100	-999	0.396	10.5
1020C	2H-5	137	13.25	100.9130435	4.03	-999	-999
1020D	2H-2	0	13.25	100.9130435	-999	0.348	9.1
1020D	2H-2	7	13.32	101.9782609	4.3	-999	-999
1020C	2H-6	7	13.45	103.9565217	4.05	-999	-999
1020D	2H-2	22	13.47	104.2608696	3.96	-999	-999
1020D	2H-2	25	13.5	104.7173913	-999	0.378	10
1020D	2H-2	27	13.52	105.0217391	4.27	-999	-999
1020D	2H-2	32	13.57	105.7826087	3.99	-999	-999
1020C	2H-6	27	13.65	107	4.1	-999	-999
1020D	2H-2	42	13.67	107.3043478	3.99	-999	-999
1020D	2H-2	47	13.72	108.0652174	4.135	-999	-999
1020D	2H-2	50	13.75	108.5217391	-999	0.355	9.3
1020D	2H-2	52	13.77	108.826087	3.92	-999	-999
1020C	2H-6	47	13.85	110.0434783	4.365	-999	-999
1020D	2H-2	62	13.9	110.7076923	4.14	-999	-999
1020D	2H-2	67	13.97	111.4346154	4.34	-999	-999
1020D	2H-2	72	14.02	111.9538462	4.09	-999	-999
1020C	2H-6	67	14.05	112.2653846	4.36	-999	-999
1020D	2H-2	75	14.05	112.2653846	-999	0.349	9.1
1020D	2H-2	77	14.07	112.4730769	4.04	-999	-999
1020D	2H-2	82	14.12	112.9923077	3.905	-999	-999
1020D	2H-2	87	14.17	113.5115385	4.06	-999	-999
1020D	2H-2	92	14.22	114.0307692	4.08	-999	-999
1020C	2H-6	85	14.23	114.1346154	4.15	-999	-999
1020D	2H-2	97	14.27	114.55	3.955	-999	-999
1020D	2H-2	100	14.3	114.8615385	-999	0.375	9.9
1020D	2H-2	102	14.32	115.0692308	3.88	-999	-999
1020C	2H-7	17	14.41	116.0038462	3.705	-999	-999
1020D	2H-2	125	14.55	117.4576923	-999	0.422	11.3
1020D	2H-2	127	14.57	117.6653846	4.13	-999	-999
1020D	2H-2	137	14.67	118.7038462	3.34	-999	-999
1020D	2H-2	144	14.74	119.4307692	-999	0.487	13.2
1020D	2H-2	147	14.77	119.7423077	3.55	-999	-999
1020C	2H-7	55	14.79	119.95	3.21	-999	-999
1020D	2H-3	0	14.8	120.0538462	-999	0.503	13.6
1020D	2H-3	7	14.87	120.7807692	3.37	-999	-999
1020D	2H-3	17	14.97	121.8192308	3.095	-999	-999
1020D	2H-3	25	15.05	122.65	-999	0.518	14.1
1020D	2H-3	37	15.17	123.8961539	3.06	-999	-999
1020D	2H-3	42	15.22	124.3380282	3.01	-999	-999
1020D	2H-3	47	15.27	124.7605634	3.1	-999	-999
1020D	2H-3	50	15.3	125.0140845	-999	0.513	13.9
1020D	2H-3	52	15.32	125.1830986	3.12	-999	-999
1020D	2H-3	57	15.37	125.6056338	3.197	-999	-999
1020D	2H-3	62	15.42	126.028169	3.27	-999	-999
1020D	2H-3	67	15.47	126.4507042	3.57	-999	-999
1020D	2H-3	72	15.52	126.8732394	3.555	-999	-999
1020D	2H-3	75	15.55	127.1267606	-999	0.421	11.2
1020D	2H-3	77	15.57	127.2957747	4.055	-999	-999
1020D	2H-3	82	15.62	127.7183099	3.73	-999	-999
1020D	2H-3	97	15.77	128.9859155	4.22	-999	-999
1020D	2H-3	100	15.8	129.2394366	-999	0.356	9.3
1020D	2H-3	117	15.97	130.6760563	4.765	-999	-999
1020D	2H-3	125	16.05	131.3521127	-999	0.333	8.7
1020D	2H-3	144	16.24	132.9577465	-999	0.363	9.5
1020D	2H-4	7	16.37	134.056338	5.19	-999	-999
1020C	3H-1	97	16.45	134.7323944	4.89	-999	-999
1020C	3H-1	100	16.48	134.9859155	-999	0.331	8.6
1020C	3H-1	117	16.65	136.5208333	5.065	-999	-999
1020C	3H-1	125	16.73	137.3541667	-999	0.32	8.3
1020C	3H-1	136	16.84	138.5	4.99	-999	-999
1020C	3H-2	0	16.98	139.9583333	-999	0.32	8.3
1020C	3H-2	7	17.05	140.6875	4.875	-999	-999
1020C	3H-2	25	17.23	142.5625	-999	0.252	6.3
1020C	3H-2	27	17.25	142.7708333	5.005	-999	-999
1020C	3H-2	47	17.45	144.8541667	4.84	-999	-999
1020C	3H-2	50	17.48	145.1666667	-999	0.203	4.8
1020C	3H-2	67	17.65	146.9375	4.8	-999	-999
1020C	3H-2	75	17.73	147.7708333	-999	0.23	5.624
1020C	3H-2	87	17.85	148.703125	4.915	-999	-999
1020C	3H-2	100	17.98	149.23125	-999	0.217	5.23
1020C	3H-2	107	18.05	149.515625	4.885	-999	-999
1020C	3H-2	125	18.23	150.246875	-999	0.23	5.616
1020C	3H-2	127	18.25	150.328125	4.9	-999	-999
1020C	3H-2	147	18.45	151.140625	4.92	-999	-999
1020C	3H-3	0	18.48	151.2625	-999	0.221	5.339
1020C	3H-3	17	18.65	151.953125	4.915	-999	-999
1020C	3H-3	25	18.73	152.278125	-999	0.223	5.422
1020C	3H-3	37	18.85	152.765625	4.945	-999	-999
1020C	3H-3	50	18.98	153.29375	-999	0.222	5.368
1020C	3H-3	57	19.05	153.578125	4.935	-999	-999
1020C	3H-3	75	19.23	154.309375	-999	0.233	5.714
1020C	3H-3	77	19.25	154.390625	4.965	-999	-999
1020C	3H-3	97	19.45	155.58	5	-999	-999
1020C	3H-3	100	19.48	155.928	-999	0.245	6.048
1020C	3H-3	117	19.65	157.9	4.885	-999	-999
1020C	3H-3	125	19.73	158.828	-999	0.26	6.496
1020C	3H-3	137	19.85	160.22	4.9	-999	-999
1020C	3H-4	0	19.98	161.728	-999	0.317	8.19
1020C	3H-4	25	20.23	164.628	-999	0.325	8.416
1020C	3H-4	27	20.25	164.86	4.81	-999	-999
1020C	3H-4	47	20.45	167.18	4.84	-999	-999
1020C	3H-4	50	20.48	167.528	-999	0.313	8.065
1020C	3H-4	67	20.65	169.5	4.72	-999	-999
1020C	3H-4	75	20.73	170.428	-999	0.305	7.812
1020C	3H-4	100	20.98	173.328	-999	0.359	9.419
1020C	3H-4	107	21.05	174.14	4.7	-999	-999
1020C	3H-4	125	21.23	176.228	-999	0.334	8.675
1020C	3H-4	127	21.25	176.46	4.73	-999	-999
1020C	3H-4	146	21.44	178.664	4.31	-999	-999
1020C	3H-5	0	21.48	179.128	-999	0.332	8.619
1020C	3H-5	17	21.65	181.1	4.79	-999	-999
1020C	3H-5	25	21.73	182.028	-999	0.335	8.717
1020C	3H-5	37	21.85	183.42	4.84	-999	-999
1020C	3H-5	50	21.98	184.8444444	-999	0.318	8.199
1020C	3H-5	75	22.23	187.4833333	-999	0.342	8.904
1020C	3H-5	77	22.25	187.6944444	4.69	-999	-999
1020C	3H-5	100	22.48	190.1222222	-999	0.323	8.355
1020C	3H-5	117	22.65	191.9166667	4.445	-999	-999
1020C	3H-5	125	22.73	192.7611111	-999	0.35	9.152
1020C	3H-6	0	22.98	195.4	-999	0.266	6.683
1020C	3H-6	7	23.05	196.1388889	4.29	-999	-999
1020C	3H-6	25	23.23	198.0388889	-999	0.342	8.911
1020C	3H-6	27	23.25	198.25	4.17	-999	-999
1020C	3H-6	47	23.45	200.3611111	4.105	-999	-999
1020C	3H-6	50	23.48	200.6777778	-999	0.404	10.73
1020C	3H-6	67	23.65	202.4722222	3.93	-999	-999
1020C	3H-6	75	23.73	203.3426724	-999	0.406	10.802
1020C	3H-6	87	23.85	204.7133621	3.94	-999	-999
1020C	3H-6	100	23.98	206.1982759	-999	0.321	8.302
1020C	3H-6	107	24.05	206.9978448	4.185	-999	-999
1020C	3H-6	125	24.23	209.0538793	-999	0.38	10.029
1020C	3H-6	127	24.25	209.2823276	4.12	-999	-999
1020C	3H-6	147	24.45	211.5668103	4.075	-999	-999
1020C	3H-7	0	24.48	211.9094828	-999	0.403	10.71
1020C	3H-7	17	24.65	213.8512931	4.04	-999	-999
1020D	3H-3	24	24.72	214.5650862	-999	0.448	12.027
1020C	3H-7	25	24.73	214.7650862	-999	0.453	12.179
1020D	3H-3	37	24.84	216.0215517	3.65	-999	-999
1020C	3H-7	37	24.85	216.1357759	3.9	-999	-999
1020C	3H-7	50	24.97	217.1863095	-999	0.446	11.956
1020D	3H-3	50	24.99	217.3565476	-999	0.435	11.633
1020C	3H-7	57	25.05	217.8672619	4.01	-999	-999
1020D	3H-3	74	25.22	219.3142857	-999	0.268	6.742
1020D	3H-3	77	25.24	219.4845238	4.15	-999	-999
1020C	3H-7	77	25.25	219.5696429	4.13	-999	-999
1020Cc	3H-CC	7	25.36	220.5059524	4.245	-999	-999
1020D	3H-3	100	25.48	221.527381	-999	0.275	6.939
1020D	3H-3	124	25.72	223.6027778	-999	0.258	6.446
1020D	3H-3	137	25.84	224.8194444	4.49	-999	-999
1020D	3H-3	144	25.92	225.6305556	-999	0.249	6.187
1020D	3H-4	0	25.98	226.2388889	-999	0.269	6.776
1020C	4H-1	17	26.04	226.8472222	4.26	-999	-999
1020D	3H-4	24	26.22	228.6722222	-999	0.245	6.055
1020C	4H-1	36	26.23	228.7736111	4.355	-999	-999
1020D	3H-4	47	26.4	230.4972222	4.32	-999	-999
1020D	3H-4	50	26.4	230.4972222	-999	0.28	7.086
1020C	4H-1	57	26.44	230.9027778	4.15	-999	-999
1020D	3H-4	67	26.5	231.5111111	4.3	-999	-999
1020D	3H-4	74	26.55	232.0180556	-999	0.251	6.245
1020C	4H-1	77	26.64	232.9305556	4.36	-999	-999
1020D	3H-4	87	26.65	233.0319444	4.37	-999	-999
1020D	3H-4	100	26.72	233.7416667	-999	0.269	6.773
1020D	3H-4	107	26.775	234.2993056	4.21	-999	-999
1020C	4H-1	97	26.84	234.9583333	4.1	-999	-999
1020D	3H-4	124	26.87	235.2625	-999	0.331	8.587
1020D	3H-4	127	26.9	235.5666667	3.973	-999	-999
1020D	3H-4	144	27	236.5805556	-999	0.376	9.906
1020D	3H-4	147	27.025	236.8340278	3.75	-999	-999
1020C	4H-1	117	27.04	236.9861111	3.89	-999	-999
1020D	3H-5	0	27.05	237.0875	-999	0.397	10.539
1020C	4H-1	125	27.11	237.6958333	-999	0.435	11.655
1020D	3H-5	17	27.14	238	3.923	-999	-999
1020D	3H-5	37	27.2	238.8571429	3.65	-999	-999
1020C	4H-1	137	27.24	239.4285714	-999	-999	-999
1020C	4H-2	0	27.37	241.2857143	-999	0.329	8.521
1020C	4H-2	7	27.44	242.2857143	3.97	-999	-999
1020C	4H-2	25	27.62	244.8571429	-999	0.339	8.825
1020C	4H-2	27	27.64	245.1428571	-999	-999	-999
1020C	4H-2	47	27.84	248	4.21	-999	-999
1020C	4H-2	50	27.87	248.4285714	-999	0.311	8
1020C	4H-2	67	28.04	250.8571429	4.8	-999	-999
1020C	4H-2	75	28.12	252	-999	0.304	7.801
1020C	4H-2	87	28.24	253.7142857	4.895	-999	-999
1020C	4H-2	100	28.37	254.6769231	-999	0.312	8.02
1020C	4H-2	107	28.44	255.1076923	4.865	-999	-999
1020C	4H-2	125	28.62	256.2153846	-999	0.312	8.018
1020C	4H-2	127	28.64	256.3384615	4.815	-999	-999
1020C	4H-2	147	28.84	257.5692308	4.7	-999	-999
1020C	4H-3	0	28.87	257.7538462	-999	0.293	7.467
1020C	4H-3	17	29.04	258.8	4.81	-999	-999
1020C	4H-3	25	29.12	259.2923077	-999	0.306	7.861
1020C	4H-3	37	29.24	260.0307692	4.665	-999	-999
1020C	4H-3	50	29.37	260.8307692	-999	0.271	6.822
1020C	4H-3	57	29.44	261.2615385	4.57	-999	-999
1020C	4H-3	75	29.62	262.5289677	-999	0.23	5.625
1020C	4H-3	77	29.64	262.7052903	4.66	-999	-999
1020C	4H-3	100	29.87	264.733	-999	0.244	6.015
1020C	4H-3	117	30.04	266.2317419	4.69	-999	-999
1020C	4H-3	125	30.12	266.9370323	-999	0.255	6.358
1020C	4H-4	0	30.37	269.1410645	-999	0.279	7.07
1020C	4H-4	25	30.62	271.3450968	-999	0.286	7.269
1020C	4H-4	50	30.87	273.549129	-999	0.256	6.39
1020C	4H-4	75	31.12	275.7531613	-999	0.304	7.801
1020C	4H-4	100	31.37	277.9571936	-999	0.268	6.73
1020C	4H-4	125	31.62	280.1612258	-999	0.265	6.643
1020C	4H-4	147	31.84	282.1007742	4.65	-999	-999
1020C	4H-5	0	31.87	282.3652581	-999	0.317	8.187
1020C	4H-5	17	32.04	283.864	4.47	-999	-999
1020C	4H-5	25	32.12	284.5692903	-999	0.32	8.265
1020C	4H-5	37	32.24	285.6272258	4.375	-999	-999
1020C	4H-5	50	32.37	286.7733226	-999	0.336	8.721
1020C	4H-5	57	32.44	287.3904516	4.23	-999	-999
1020C	4H-5	75	32.62	288.9773548	-999	0.394	10.435
1020C	4H-5	77	32.64	289.1536774	4.185	-999	-999
1020C	4H-5	97	32.84	291.4021429	4.2	-999	-999
1020C	4H-5	100	32.87	291.7475	-999	0.288	7.322
1020C	4H-5	117	33.04	293.7045238	4.37	-999	-999
1020C	4H-5	125	33.12	294.6254762	-999	0.264	6.632
1020C	4H-5	137	33.24	296.0069048	4.58	-999	-999
1020C	4H-6	0	33.37	297.5034524	-999	0.306	7.84
1020C	4H-6	7	33.44	298.3092857	4.64	-999	-999
1020C	4H-6	25	33.62	300.125	-999	0.301	7.716
1020D	4H-2	27	33.63	300.21875	4.44	-999	-999
1020C	4H-6	27	33.64	300.3125	4.58	-999	-999
1020D	4H-2	50	33.86	302.375	-999	0.293	7.472
1020D	4H-2	47	33.88	302.5625	4.29	-999	-999
1020C	4H-6	47	33.9	302.75	4.44	-999	-999
1020C	4H-6	50	33.93	303.03125	-999	0.329	8.519
1020D	4H-2	67	34.09	304.53125	4.23	-999	-999
1020C	4H-6	67	34.1	304.625	4.44	-999	-999
1020C	4H-6	75	34.18	305.375	-999	0.349	9.111
1020D	4H-2	74	34.2	305.5625	-999	0.345	9.007
1020D	4H-2	87	34.28	306.3125	4.03	-999	-999
1020C	4H-6	87	34.3	306.5	4.68	-999	-999
1020D	4H-2	100	34.42	307.625	-999	0.269	6.759
1020D	4H-2	107	34.49	308.28125	4.31	-999	-999
1020D	4H-2	124	34.66	309.875	-999	0.35	9.136
1020D	4H-2	127	34.69	310.15625	4.05	-999	-999
1020C	4H-6	127	34.7	310.25	3.96	-999	-999
1020D	4H-2	144	34.86	311.75	-999	0.359	9.415
1020D	4H-2	147	34.89	312.03125	3.86	-999	-999
1020C	4H-6	147	34.9	312.125	3.95	-999	-999
1020D	4H-3	0	34.92	312.3125	-999	0.364	9.568
1020D	4H-3	17	35.09	313.90625	3.775	-999	-999
1020C	4H-7	17	35.1	314	3.73	-999	-999
1020D	4H-3	24	35.16	314.5625	-999	0.4	10.62
1020C	4H-7	37	35.3	315.875	3.72	-999	-999
1020D	4H-3	50	35.42	317	-999	0.332	8.613
1020D	4H-3	57	35.49	318.0542169	3.95	-999	-999
1020C	4H-7	57	35.5	318.2048193	3.73	-999	-999
1020D	4H-3	74	35.66	320.6144578	-999	0.39	10.323
1020D	4H-3	77	35.69	321.0662651	3.74	-999	-999
1020C	4H-7	77	35.7	321.2168675	3.69	-999	-999
1020D	4H-3	97	35.89	324.0783133	3.58	-999	-999
1020D	4H-3	100	35.92	324.5301205	-999	0.428	11.437
1020D	4H-3	117	36.09	327.0903615	3.38	-999	-999
1020D	4H-3	124	36.16	328.1445783	-999	0.459	12.365
1020D	4H-3	137	36.29	329.9637168	3.31	-999	-999
1020D	4H-3	141	36.33	330.4274336	-999	0.465	12.54
1020D	4H-4	0	36.42	331.4707965	-999	0.473	12.758
1020D	4H-4	7	36.49	332.2823009	3.2	-999	-999
1020D	4H-4	24	36.66	334.2530974	-999	0.4	10.609
1020D	4H-4	27	36.69	334.600885	3.54	-999	-999
1020D	4H-4	47	36.89	336.919469	4.45	-999	-999
1020C	5H-1	50	36.91	337.1513274	-999	0.272	7.856
1020D	4H-4	50	36.92	337.2672566	-999	0.308	7.922
1020C	5H-1	57	36.98	337.9628319	4.55	-999	-999
1020D	4H-4	67	37.09	339.2380531	4.68	-999	-999
1020C	5H-1	75	37.16	340.0495575	-999	0.19	6.867
1020D	4H-4	87	37.29	341.5566372	4.59	-999	-999
1020C	5H-1	97	37.38	342.6	4.805	-999	-999
1020C	5H-1	100	37.41	342.822449	-999	0.23	7.448
1020C	5H-1	117	37.58	344.0829932	4.8	-999	-999
1020C	5H-1	125	37.66	344.6761905	-999	0.255	7.773
1020C	5H-2	0	37.91	346.529932	-999	0.237	7.595
1020C	5H-2	7	37.98	347.0489796	4.66	-999	-999
1020C	5H-2	25	38.16	348.3836735	-999	0.29	8.545
1020C	5H-2	27	38.18	348.5319728	4.515	-999	-999
1020C	5H-2	50	38.41	350.237415	-999	0.187	6.155
1020C	5H-2	67	38.58	351.4979592	4.46	-999	-999
1020C	5H-2	75	38.66	352.0911565	-999	0.115	5.834
1020C	5H-2	87	38.78	352.9809524	4.51	-999	-999
1020C	5H-2	100	38.91	354.1155844	-999	0.08	5.044
1020C	5H-2	125	39.16	356.6805195	-999	0.168	5.586
1020C	5H-2	127	39.18	356.8857143	4.53	-999	-999
1020C	5H-2	147	39.38	358.9376623	4.43	-999	-999
1020C	5H-3	0	39.41	359.2454546	-999	0.127	5.476
1020C	5H-3	25	39.66	361.8103896	-999	0.142	5.757
1020C	5H-3	37	39.78	363.0415584	4.31	-999	-999
1020C	5H-3	50	39.91	364.3753247	-999	0.167	6.567
1020C	5H-3	57	39.98	365.0935065	4.35	-999	-999
1020C	5H-3	75	40.16	366.9402597	-999	0.166	6.44
1020C	5H-3	97	40.38	369.1974026	4.3	-999	-999
1020C	5H-3	100	40.41	369.5051948	-999	0.219	7.493
1020C	5H-3	117	40.58	371.2493507	4.34	-999	-999
1020C	5H-3	125	40.66	372.0701299	-999	0.256	7.282
1020C	5H-4	0	40.91	374.6350649	-999	0.257	8.029
1020C	5H-4	7	40.98	375.3532468	4.18	-999	-999
1020C	5H-4	25	41.16	377.2	-999	0.264	6.616
1020C	5H-4	27	41.18	377.4051948	4.1	-999	-999
1020C	5H-4	50	41.41	379.7649351	-999	0.312	8.043
1020C	5H-4	67	41.58	381.5090909	4.16	-999	-999
1020C	5H-4	75	41.66	382.3298701	-999	0.316	8.145
1020C	5H-4	87	41.78	383.561039	4.02	-999	-999
1020C	5H-4	100	41.91	384.8948052	-999	0.29	7.38
1020C	5H-4	125	42.16	387.4597403	-999	0.313	8.048
1020C	5H-4	127	42.18	387.6649351	4.21	-999	-999
1020C	5H-5	0	42.41	390.0246753	-999	0.307	7.879
1020C	5H-5	25	42.66	392.5896104	-999	0.369	9.707
1020C	5H-5	37	42.78	393.8	4.57	-999	-999
1020C	5H-5	50	42.91	395.1	-999	0.403	10.696
1020C	5H-5	57	42.98	395.8	3.85	-999	-999
1020C	5H-5	75	43.16	397.6	-999	0.472	12.746
1020C	5H-5	97	43.38	399.8	3.25	-999	-999
1020C	5H-5	100	43.41	400.1	-999	0.514	13.983
1020C	5H-5	117	43.58	402.68	3.2	-999	-999
1020C	5H-5	125	43.66	404.36	-999	0.483	13.07
1020C	5H-6	0	43.91	409.61	-999	0.471	12.703
1020C	5H-6	7	43.98	411.08	3.28	-999	-999
1020C	5H-6	25	44.16	414.86	-999	0.471	12.693
1020C	5H-6	27	44.18	415.28	3.36	-999	-999
1020C	5H-6	50	44.41	420.11	-999	0.453	12.169
1020C	5H-6	67	44.58	422.5090909	4.105	-999	-999
1020C	5H-6	75	44.66	423.0181818	-999	0.361	9.468
1020C	5H-6	87	44.78	423.7818182	4.59	-999	-999
1020C	5H-6	100	44.91	424.6090909	-999	0.278	7.025
1020C	5H-6	125	45.16	426.2	-999	0.232	5.672
1020C	5H-6	127	45.18	426.3272727	5.005	-999	-999
1020D	5H-2	147	45.41	427.7909091	5.02	-999	-999
1020D	5H-3	17	45.61	429.1102362	5.045	-999	-999
1020D	5H-3	25	45.68	429.8818898	-999	0.272	6.85
1020D	5H-3	37	45.81	431.3149606	5.12	-999	-999
1020D	5H-3	50	45.93	432.6377953	-999	0.221	5.357
1020C	5H-3	57	45.98	433.1889764	4.94	-999	-999
1020D	5H-3	57	46.01	433.519685	4.83	-999	-999
1020D	5H-3	74	46.18	435.3937008	-999	0.226	5.504
1020D	5H-3	77	46.21	435.7244095	4.98	-999	-999
1020D	5H-3	97	46.41	437.9291339	4.88	-999	-999
1020D	5H-3	100	46.44	438.2598425	-999	0.252	6.271
1020D	5H-3	117	46.61	440.1338583	4.81	-999	-999
1020D	5H-3	124	46.68	440.9055118	-999	0.262	6.559
1020D	5H-3	137	46.81	442.3385827	4.715	-999	-999
1020D	5H-3	144	46.88	443.0877598	-999	0.295	7.542
1020D	5H-4	0	46.94	443.6143187	-999	0.299	7.652
1020D	5H-4	7	47.01	444.2286374	4.64	-999	-999
1020D	5H-4	24	47.18	445.7205543	-999	0.334	8.683
1020D	5H-4	27	47.21	445.9838337	4.49	-999	-999
1020D	5H-4	47	47.41	447.73903	4.525	-999	-999
1020D	5H-4	50	47.44	448.0023095	-999	0.302	7.747
1020C	6H-1	37	47.49	448.4411086	4.53	-999	-999
1020D	5H-4	67	47.61	449.4942263	4.49	-999	-999
1020C	6H-1	50	47.62	449.5819861	-999	0.278	7.027
1020D	5H-4	74	47.68	450.108545	-999	0.25	6.191
1020C	5H-4	57	47.69	450.1963049	4.46	-999	-999
1020D	5H-4	87	47.81	451.2494226	4.51	-999	-999
1020C	6H-1	75	47.87	451.7759815	-999	0.234	5.743
1020D	5H-4	107	48.01	453.0046189	4.555	-999	-999
1020C	6H-1	97	48.09	453.7066975	4.535	-999	-999
1020C	6H-1	100	48.12	453.9699769	-999	0.265	6.659
1020C	6H-1	117	48.29	455.4618938	4.37	-999	-999
1020C	6H-1	125	48.37	456.1639723	-999	0.272	6.84
1020C	6H-2	0	48.62	458.3579677	-999	0.205	4.885
1020C	6H-2	7	48.69	458.9722864	4.505	-999	-999
1020C	6H-2	25	48.87	460.5519631	-999	0.273	6.881
1020C	6H-2	27	48.89	460.7274827	4.475	-999	-999
1020C	6H-2	50	49.12	462.7459584	-999	0.309	7.932
1020C	6H-2	67	49.29	464.2378753	4.32	-999	-999
1020C	6H-2	75	49.37	464.9399538	-999	0.293	7.472
1020C	6H-2	87	49.49	465.9930716	4.345	-999	-999
1020C	6H-2	100	49.62	467.1339492	-999	0.255	6.349
1020C	6H-2	125	49.87	469.3279446	-999	0.291	7.414
1020C	6H-2	127	49.89	469.5034642	4.35	-999	-999
1020C	6H-2	147	50.09	471.2586605	4.2	-999	-999
1020C	6H-3	0	50.12	471.52194	-999	0.328	8.509
1020C	6H-3	25	50.37	473.7159353	-999	0.329	8.532
1020C	6H-3	37	50.49	474.7690531	4.01	-999	-999
1020C	6H-3	50	50.62	475.9099307	-999	0.276	6.979
1020C	6H-3	57	50.69	476.5242494	4.09	-999	-999
1020C	6H-3	75	50.87	478.1039261	-999	0.347	9.061
1020C	6H-3	97	51.09	480.034642	3.815	-999	-999
1020C	6H-3	100	51.12	480.2979215	-999	0.288	7.322
1020C	6H-3	117	51.29	482.0327869	3.765	-999	-999
1020C	6H-3	125	51.37	482.9508197	-999	0.355	9.294
1020C	6H-4	0	51.62	485.8196721	-999	0.365	9.579
1020C	6H-4	7	51.69	486.6229508	3.68	-999	-999
1020C	6H-4	25	51.87	488.6885246	-999	0.368	9.675
1020C	6H-4	27	51.89	488.9180328	3.785	-999	-999
1020C	6H-4	50	52.12	491.5573771	-999	0.382	10.1
1020C	6H-4	67	52.29	493.5081967	3.63	-999	-999
1020C	6H-4	75	52.37	494.4262295	-999	0.386	10.204
1020C	6H-4	87	52.49	495.8032787	3.8	-999	-999
1020C	6H-4	100	52.62	497.295082	-999	0.377	9.931
1020C	6H-4	125	52.87	500.1639344	-999	0.359	9.403
1020C	6H-4	127	52.89	500.3934426	3.79	-999	-999
1020C	6H-4	147	53.09	502.6885246	3.86	-999	-999
1020C	6H-5	0	53.12	503.0327869	-999	0.354	9.279
1020C	6H-5	25	53.37	505.9016393	-999	0.302	7.737
1020C*	6H-5	37	53.49	507.2786885	4.03	-999	-999
1020C	6H-5	50	53.62	508.7704918	-999	0.341	8.892
1020C*	6H-5	57	53.69	509.5737705	4.07	-999	-999
1020C	6H-5	75	53.87	511.6393443	-999	0.38	10.038
1020C*	6H-5	97	54.09	514.1639344	4.28	-999	-999
1020C	6H-5	100	54.12	514.5081967	-999	0.367	9.637
1020C*	6H-5	117	54.29	516.4590164	4.15	-999	-999
1020C	6H-5	125	54.37	517.3770492	-999	0.38	10.03
1020C	6H-6	0	54.62	520.2459016	-999	0.383	10.132
1020C	6H-6	7	54.69	521.0491803	3.97	-999	-999
1020C	6H-6	25	54.87	523.1325	-999	0.324	8.387
1020C	6H-6	27	54.89	523.3975	3.895	-999	-999
1020C	6H-6	50	55.12	526.445	-999	0.381	10.062
1020C	6H-6	67	55.29	528.6975	4.03	-999	-999
1020C	6H-6	75	55.37	529.7575	-999	0.36	9.451
1020C	6H-6	87	55.49	531.3475	4.105	-999	-999
1020C	6H-6	100	55.62	533.07	-999	0.279	7.048
1020C	6H-6	125	55.87	536.3825	-999	0.283	7.19
1020C	6H-6	127	55.89	536.6475	4.41	-999	-999
1020C	6H-6	147	56.09	539.1123596	4.485	-999	-999
1020C	6H-7	0	56.12	539.3247191	-999	0.312	8.042
1020D	6H-3	37	56.15	539.5370787	4.475	-999	-999
1020D	6H-3	50	56.28	540.4573034	-999	0.332	8.609
1020D	6H-3	57	56.35	540.952809	4.425	-999	-999
1020C	6H-7	25	56.37	541.094382	-999	0.31	7.976
1020C	6H-7	37	56.49	541.9438202	4.44	-999	-999
1020D	6H-3	74	56.52	542.1561798	-999	0.334	8.666
1020D	6H-3	77	56.55	542.3685393	4.435	-999	-999
1020C	6H-7	50	56.62	542.8640449	-999	0.294	7.507
1020C	6H-7	57	56.69	543.3595506	4.425	-999	-999
1020D	6H-3	97	56.75	543.7842697	4.4	-999	-999
1020D	6H-3	100	56.78	543.9966292	-999	0.311	7.994
1020C	6H-7	75	56.87	544.6337079	-999	0.306	7.853
1020D	6H-3	117	56.95	545.2	4.325	-999	-999
1020D	6H-3	124	57.02	545.6955056	-999	0.314	8.082
1020D	6H-3	137	57.15	546.6157303	4.31	-999	-999
1020D	6H-3	144	57.22	547.111236	-999	0.322	8.328
1020D	6H-4	0	57.28	547.5359551	-999	0.311	7.987
1020D	6H-4	7	57.35	548.0314607	4.26	-999	-999
1020D	6H-4	24	57.52	549.2348315	-999	0.294	7.492
1020C	7H-1	100	57.54	549.3764045	-999	0.281	7.113
1020D	6H-4	27	57.55	549.447191	4.2	-999	-999
1020D	6H-4	47	57.75	550.8629214	4.105	-999	-999
1020D	6H-4	50	57.76	550.9337079	-999	0.32	8.267
1020C	7H-1	125	57.79	551.1460674	-999	0.372	9.795
1020D	6H-4	67	57.95	552.8185897	3.955	-999	-999
1020C	7H-2	0	58.04	553.8974359	-999	0.345	9.003
1020D	6H-4	87	58.15	555.2160256	4.045	-999	-999
1020C	7H-2	25	58.29	556.8942308	-999	0.385	10.178
1020C	7H-2	50	58.54	559.8910256	-999	0.291	7.409
1020C	7H-2	75	58.79	562.8878205	-999	0.366	9.607
1020C	7H-2	100	59.04	565.8846154	-999	0.398	10.546
1020C	7H-2	125	59.29	568.8814103	-999	0.458	12.333
1020C	7H-3	0	59.54	571.6247788	-999	0.439	11.776
1020C	7H-3	25	59.79	574.1690266	-999	0.463	12.474
1020C	7H-3	50	60.04	576.7132743	-999	0.33	8.567
1020C	7H-3	75	60.29	579.2575221	-999	0.328	8.51
1020C	7H-3	100	60.54	581.8017699	-999	0.366	9.608
1020C	7H-3	125	60.79	584.3460177	-999	0.327	8.467
1020C	7H-4	0	61.04	586.8902655	-999	0.319	8.235
1020C	7H-4	25	61.29	589.4345133	-999	0.378	9.966
1020C	7H-4	50	61.54	591.9787611	-999	0.334	8.691
1020C	7H-4	75	61.79	594.5230089	-999	0.338	8.807
1020C	7H-4	100	62.04	597.0672566	-999	0.421	11.247
1020C	7H-4	125	62.29	599.6115044	-999	0.312	8.044
1020C	7H-5	0	62.54	602.1557522	-999	0.289	7.34
1020C	7H-5	25	62.79	604.7	-999	0.33	8.569
1020C	7H-5	50	63.04	607.2442478	-999	0.353	9.245
1020C	7H-5	75	63.29	609.7884956	-999	0.366	9.623
1020C	7H-5	100	63.54	612.3327434	-999	0.332	8.627
1020C	7H-5	125	63.79	614.8769912	-999	0.428	11.43
1020C	7H-6	0	64.04	617.1461025	-999	0.429	11.458
1020C	7H-6	25	64.29	619.1171492	-999	0.417	11.129
1020C	7H-6	50	64.54	621.088196	-999	0.343	8.939
1020C	7H-6	75	64.79	623.0592428	-999	0.322	8.312
1020C	7H-6	100	65.04	625.0302895	-999	0.327	8.477
1020C	7H-6	125	65.29	627.0013363	-999	0.358	9.372
1020C	7H-6	144	65.49	628.5781737	-999	0.349	9.105
1020D	7H-3	0	65.64	629.7608018	-999	0.339	8.834
1020C	8H-1	010-015	65.77	630.7857461	4.276	-999	-999
1020D	7H-3	25	65.89	631.7318486	-999	0.301	7.695
1020C	8H-1	40-45	66.07	633.1510022	4.189	-999	-999
1020D	7H-3	50	66.14	633.7028953	-999	0.303	7.771
1020C	8H-1	70-75	66.37	635.5162584	4.155	-999	-999
1020D	7H-3	75	66.39	635.6739421	-999	0.32	8.257
1020D	7H-3	99	66.64	637.6449889	-999	0.337	8.763
1020C	8H-1	100-105	66.67	637.8815145	4.026	-999	-999
1020D	7H-3	125	66.89	639.6160356	-999	0.347	9.068
1020C	8H-1	125	66.9	639.6948775	-999	0.35	9.148
1020C	8H-1	130-135	66.97	640.2467706	3.964	-999	-999
1020C	8H-2	0	67.15	641.6659243	-999	0.337	8.766
1020C	8H-2	010-015	67.27	642.6120267	4.036	-999	-999
1020C	8H-2	25	67.4	643.6369711	-999	0.353	9.248
1020C	8H-2	40-45	67.57	644.9772829	3.947	-999	-999
1020C	8H-2	50	67.65	645.6080178	-999	0.343	8.952
1020C	8H-2	70-75	67.87	647.342539	3.998	-999	-999
1020C	8H-2	75	67.9	647.5790646	-999	0.354	9.266
1020C	8H-2	99	68.15	649.5501114	-999	0.303	7.765
1020C	8H-2	100-105	68.17	649.7077951	3.751	-999	-999
1020C	8H-2	125	68.4	651.5211581	-999	0.315	8.128
1020C	8H-2	130-135	68.47	652.0730512	3.917	-999	-999
1020C	8H-3	0	68.65	653.4922049	-999	0.366	9.617
1020C	8H-3	010-015	68.77	654.4383074	3.722	-999	-999
1020C	8H-3	25	68.9	655.4632517	-999	0.383	10.125
1020C	8H-3	40-45	69.07	656.8035635	3.666	-999	-999
1020C	8H-3	50	69.15	657.4342984	-999	0.309	7.949
1020C	8H-3	70-75	69.37	659.1688196	3.764	-999	-999
1020C	8H-3	75	69.4	659.4053452	-999	0.311	7.985
1020C	8H-3	100	69.65	661.376392	-999	0.362	9.487
1020C	8H-3	100-105	69.67	661.5340757	3.716	-999	-999
1020C	8H-3	125	69.9	663.3474388	-999	0.312	8.031
1020C	8H-3	130-135	69.97	663.8993319	3.619	-999	-999
1020C	8H-4	0	70.15	665.3184855	-999	0.328	8.497
1020C	8H-4	010-015	70.27	666.264588	3.583	-999	-999
1020C	8H-4	25	70.4	667.2895323	-999	0.41	10.911
1020C	8H-4	40-45	70.57	668.6298441	3.36	-999	-999
1020C	8H-4	50	70.65	669.2605791	-999	0.319	8.239
1020C	8H-4	70-75	70.87	670.9951002	3.342	-999	-999
1020C	8H-4	75	70.9	671.2316258	-999	0.411	10.953
1020C	8H-4	100	71.15	673.2026726	-999	0.307	7.881
1020C	8H-4	100-105	71.17	673.3603564	3.257	-999	-999
1020C	8H-4	125	71.4	675.1737194	-999	0.402	10.687
1020C	8H-5	0	71.65	677.1447662	-999	0.398	10.549
1020C	8H-5	25	71.9	679.1158129	-999	0.435	11.634
1020C	8H-5	50	72.15	681.0868597	-999	0.444	11.926
1020C	8H-5	75	72.4	683.0579065	-999	0.473	12.76
1020C	8H-5	100	72.65	685.0289532	-999	0.436	11.679
1020C	8H-5	125	72.9	687	-999	0.465	12.527
1020C	8H-6	0	73.15	690.6764706	-999	0.502	13.629
1020C	8H-6	25	73.4	694.3529412	-999	0.458	12.318
1020C	8H-6	40-45	73.57	696.8529412	3.366	-999	-999
1020C	8H-6	50	73.65	698.0294118	-999	0.404	10.721
1020C	8H-6	70-75	73.87	701.2647059	3.745	-999	-999
1020C	8H-6	75	73.9	701.7058824	-999	0.351	9.179
1020C	8H-6	100	74.15	705.3823529	-999	0.341	8.887
1020C	8H-6	100-105	74.17	705.6764706	3.842	-999	-999
1020C	8H-6	125	74.4	709.0588235	-999	0.35	9.153
1020C	8H-6	130-135	74.47	710.0882353	3.933	-999	-999
1020C	8H-7	0	74.65	712.7352941	-999	0.398	10.556
1020C	8H-7	010-015	74.77	714.5	3.864	-999	-999
1020C	8H-7	25	74.9	716.4117647	-999	0.423	11.3
1020D	8H-3	0	75.06	718.7647059	-999	0.437	11.708
1020C	8H-7	50	75.15	720.0882353	-999	0.443	11.887
1020D	8H-3	25	75.31	722.4411765	-999	0.411	10.944
1020C	8H-7	69-74	75.36	723.1764706	3.591	-999	-999
1020D	8H-3	50	75.56	726.1176471	-999	0.42	11.21
1020D	8H-3	75	75.81	729.7941177	-999	0.431	11.533
1020C	9H-1	010-015	75.89	730.9705882	3.388	-999	-999
1020D	8H-3	99	76.05	733.3235294	-999	0.427	11.414
1020C	9H-1	40-45	76.19	735.3823529	3.494	-999	-999
1020D	8H-3	125	76.31	737.0912548	-999	0.42	11.198
1020C	9H-1	70-75	76.49	738.7338403	3.551	-999	-999
1020D	8H-3	145	76.51	738.9163498	-999	0.414	11.017
1020C	9H-1	75	76.52	739.0076046	-999	0.426	11.392
1020C	9H-1	100	76.77	741.2889734	-999	0.442	11.84
1020C	9H-1	100-105	76.79	741.4714829	3.564	-999	-999
1020C	9H-1	125	77.02	743.5703422	-999	0.333	8.643
1020C	9H-1	130-135	77.09	744.2091255	3.922	-999	-999
1020C	9H-2	0	77.27	745.851711	-999	0.37	9.739
1020C	9H-2	010-015	77.39	746.9467681	3.89	-999	-999
1020C	9H-2	25	77.52	748.1330799	-999	0.353	9.243
1020C	9H-2	50	77.77	750.4144487	-999	0.359	9.405
1020C	9H-2	75	78.02	752.6958175	-999	0.376	9.922
1020C	9H-2	100	78.27	754.9771863	-999	0.366	9.617
1020C	9H-2	100-105	78.29	755.1596958	3.601	-999	-999
1020C	9H-2	125	78.52	757.2585551	-999	0.377	9.945
1020C	9H-2	130-135	78.59	757.8973384	3.497	-999	-999
1020C	9H-3	0	78.77	759.539924	-999	0.371	9.767
1020C	9H-3	010-015	78.89	760.634981	3.568	-999	-999
1020C	9H-3	25	79.02	761.8212928	-999	0.385	10.164
1020C	9H-3	50	79.27	764.1026616	-999	0.418	11.145
1020C	9H-3	70-75	79.49	766.1102662	3.319	-999	-999
1020C	9H-3	75	79.52	766.3840304	-999	0.343	8.929
1020C	9H-3	100	79.77	768.6653992	-999	0.365	9.592
1020C	9H-3	125	80.02	770.9467681	-999	0.418	11.137
1020C	9H-4	0	80.27	773.2281369	-999	0.364	9.547
1020C	9H-4	25	80.52	775.5095057	-999	0.444	11.911
1020C	9H-4	50	80.77	777.7908745	-999	0.422	11.254
1020C	9H-4	75	81.02	780.0722434	-999	0.451	12.126
1020C	9H-4	100	81.27	782.3536122	-999	0.397	10.543
1020C	9H-4	100-105	81.29	782.5361217	2.92	-999	-999
1020C	9H-4	125	81.52	784.634981	-999	0.447	12.001
1020C	9H-4	130-135	81.59	785.3676471	3.289	-999	-999
1020C	9H-5	0	81.77	787.5735294	-999	0.334	8.676
1020C	9H-5	010-015	81.89	789.0441177	3.684	-999	-999
1020C	9H-5	25	82.02	790.6372549	-999	0.267	6.703
1020C	9H-5	50	82.27	793.7009804	-999	0.28	7.081
1020C	9H-5	75	82.52	796.7647059	-999	0.294	7.497
1020C	9H-5	100	82.77	799.8284314	-999	0.263	6.58
1020C	9H-5	100-105	82.79	800.0735294	3.882	-999	-999
1020C	9H-5	125	83.02	802.8921569	-999	0.29	7.384
1020C	9H-5	130-135	83.09	803.75	3.677	-999	-999
1020C	9H-6	0	83.27	805.9558824	-999	0.276	6.973
1020C	9H-6	010-015	83.39	807.4264706	3.678	-999	-999
1020C	9H-6	25	83.52	809.0196078	-999	0.339	8.813
1020C	9H-6	40-45	83.69	810.738	3.47	-999	-999
1020C	9H-6	50	83.77	811.394	-999	0.321	8.294
1020C	9H-6	70-75	83.99	813.198	3.457	-999	-999