# NOAA Paleoclimatology Program - Paleocean Site Data
# r13-110p-tab.txt
# Complete Data
# File Created: 18-Jan-2005
#
#*********************************************************************************
# Please cite the contributor and the original publications when using these data
#*********************************************************************************
#
# Missing Values indicated by '-999'
#
# PI:             Nicklas G. Pisias
# Core/Site:      RC13-110
# Latitude:       0.00.00N	( 0)
# Longitude:      96.00.00W	( -96)
# Water Depth(m): 3231
#
# Publications:
#   Pisias, N.G., and A.C. Mix. 1997. Spatial and temporal oceanographic variability
#     of the eastern equatorial Pacific during the late Pleistocene: Evidence from
#     Radiolaria microfossils. Paleoceanography 12(3):381-393.
#------------------
#
# Description & Notes:
#   Eastern Equatorial Pacific Radiolaria Data.
#   Eight Radiolaria-based SST records covering the past 150 KYrBP are dominated
#   by the orbital frequency periods plus a non-orbital 31KYr period. Last Glacial
#   Maximum SST cooling is estimated at 3 to 5 degrees C.
#
# Variables:
#             depth         Depth (cm)
#             yrBP          radiocarbon years B.P. (Libby half-life; B.P. = 1950)
#             a.dent%       Antarctissa denticulata percent
#             a.ophir%      Anthocyrtidium ophirense percent
#             antarc.r      Antarctic radiolarian factor assemblage
#             b.aquil%      Botryostrobus aquilonaris percent
#             b.aur/aus%    Botryostrobus auritus/australis group percent
#             bering.r      Bering Sea radiolarian factor assemblage
#             c.bicor%      Cycladophora bicornis percent
#             c.boreal%     Ceratospyris borealis percent
#             c.dav2%       Cycladophora davisiana davisiana percent
#             c.davcor%     Cycladophora davisiana cornutoides percent
#             commun        Communality
#             d.hirun%      Dictyophimus hirundo percent
#             d.prof%       Dictyocoryne profunda percent
#             d.tetra%      Didymocyrtis tetrahalamus percent
#             e.delic%      Echinomma delicatum percent
#             e.fur+eleg%   Euchitonia furcata + Euchitonia elegans percent
#             e.trian%      Euchotonia triangulum percent
#             ebc.r         eastern boundary current radiolarian factor assemblage
#             ecf.lepto%    Echinomma cf leptodermum percent
#             g.angul%      Giraffospyris angulata percent
#             gyrmar.r      gyre margin radiolarian factor assemblage
#             h.aster%      Heliodiscus astericus percent
#             h.entha%      Hexacontium enthacanthum percent
#             h.euclid%     Hymenastrium euclidis percent
#             l.butsch%     Larcopyle butschlii percent
#             l.juno%       Lamprocyclas junonis percent
#             l.minor%      Lithelius minor percent
#             l.nigri%      L. nigriniae percent
#             l.retic%      Liriospyris reticulata percent
#             p.antarc%     Prunopyle antarctica percent
#             p.clau+zan%   Pterocorys clausus and Pterocorys zancleus percent
#             p.corb%       Phormostichoartus corbula percent
#             p.mini%       Pt minithorax percent
#             p.prae+euc%   Pterocanium praetextum and Pterocanium eucolpum percent
#             p.spino%      Polysolenia spinosa percent
#             porod.b%      Porodiscus sp. B percent
#             ptero.sp%     Pterocanium sp. Percent
#             radio         Radiolarians (Count)
#             s.aster%      Stylochlamydium asteriscus percent
#             s.ellip%      Spongurus elliptica percent
#             s.oscul%      Spongopyle osculosa percent
#             s.tetra%      Spongaster tetras percent
#             s.valid%      Stylodictya validispina percent
#             seasdif       August to February SST difference (C)
#             spong.sp%     Spongurus sp.-percent
#             sst           Sea Surface Temperature (C)
#             t.oct+o.ste%  Tetrapyle octacantha and Octopyle stenozona percent
#             t.scaph%      Tholospyris scaphipes percent
#             t.trach2%     Theocorythium trachelium trachelium percent
#             transit.r     Transitional radiolarian factor assemblage
#             tropic.r      Tropical radiolarian factor assemblage
#             wpacif.r      Western Pacific radiolarian factor assemblage
#
# CORE: RC13-110
depth	yrBP 	a.dent%	a.ophir%	antarc.r	b.aquil%	b.aur/aus%	bering.r	c.bicor%	c.boreal%	c.dav2%	c.davcor%	commun	d.hirun%	d.prof%	d.tetra%	e.delic%	e.fur+eleg%	e.trian%	ebc.r	ecf.lepto%	g.angul%	gyrmar.r	h.aster%	h.entha%	h.euclid%	l.butsch%	l.juno%	l.minor%	l.nigri%	l.retic%	p.antarc%	p.clau+zan%	p.corb%	p.mini%	p.prae+euc%	p.spino%	porod.b%	ptero.sp%	radio	s.aster%	s.ellip%	s.oscul%	s.tetra%	s.valid%	seasdif	spong.sp%	sst	t.oct+o.ste%	t.scaph%	t.trach2%	transit.r	tropic.r	wpacif.r	
1	360	0	1.41	0.1032	0.59	0.24	-0.0044	0	0	1.3	0	0.9031	0	0	2.6	1.3	1.06	0	0.2373	0.12	0.59	-0.0641	0.95	0.83	0.24	0.71	0.47	1.06	0.47	0.47	0.47	2.6	0.24	2	0.83	0.47	0.35	0.12	846	6.38	0	0.24	0.59	0.35	4.38	0	23.5	9.81	0.71	0.59	0.3423	0.8416	-0.0814	
11	3878	0	0.52	0.1204	0.39	0.26	-0.0311	0	0	0.52	0.13	0.9095	0	0	1.3	1.3	0.78	0	0.2119	0.13	0.91	-0.1613	0.26	2.34	0.13	1.82	0.26	1.56	0	0.39	0.39	3	0.26	1.43	1.43	1.04	0.65	0.26	766	6.26	0	0.39	0.78	0.13	4.51	0.13	23.09	10.4	0.91	0.26	0.3733	0.8242	-0.0671	
21	6960	0	0.59	0.1464	0.35	0.47	-0.0055	0	0	0.47	0	0.9153	0	0.12	2.57	1.28	1.05	0.12	0.2043	0.23	1.52	-0.1024	0.59	1.17	0.35	1.75	0.35	1.17	0.12	0.47	0.23	2.22	0.12	2.69	0.59	0.94	0.7	0	854	5.73	0	0.7	0.7	1.28	3.64	0.12	23.81	11.4	0.94	0.12	0.3273	0.8512	-0.0998	
31	10333	0	1.17	0.1124	1.44	0.79	-0.0137	0	0	0.13	0	0.9103	0	0.26	3.01	1.31	0.92	0.13	0.2684	0.52	1.44	-0.1145	0.66	1.17	0.92	1.31	0.39	1.04	0.39	0.39	0.39	2.49	0.13	2.22	0.52	0.52	1.31	0.26	763	3.53	0	0.39	0.52	0.66	3.14	0	24.17	12	0.39	0.13	0.3083	0.8356	-0.1383	
41	13644	0	1.44	0.1619	0	1.05	0.0084	0	0	0.39	0.13	0.8701	0	0.13	1.97	2.23	0.66	0.26	0.3093	1.18	0.26	-0.1448	0	1.97	0.39	0.79	0.66	1.31	0.39	0.53	0.92	3.41	0	2.23	0.79	0.13	1.18	0.53	761	4.33	0	0.79	0.39	0.66	4.31	0.26	21.45	7.49	0.66	0	0.4471	0.7205	-0.0901	
51	16960	0	0.88	0.1781	0.25	0.38	-0.0396	0	0	0.75	0	0.9221	0	0.25	2.38	2.38	0.13	0.25	0.2217	1.38	0.13	-0.0559	0.25	1.63	0.38	1.38	0.88	3.13	0.5	0.25	1	2.38	0.75	1.25	0.88	0.5	1	0	797	5.39	0	0.38	0.13	1.88	6.62	0.63	19.64	11.4	0.38	0	0.5432	0.7358	-0.0104	
60	20843	0	0.47	0.1702	0.71	1.18	-0.0672	0	0	0.35	0	0.8902	0	0.12	1.65	2.24	0.24	0.24	0.329	1.06	0	-0.1648	0.47	2.24	0.24	1.77	0.71	1.3	2	0.24	1.06	4.72	0.35	0.95	0.83	0.12	0.35	0.12	846	2.83	0	0.83	0.35	1.3	4.85	0.35	19.84	8.86	0.47	0	0.5118	0.676	-0.0497	
71	26135	0	0.34	0.1961	0.68	0.8	0.0639	0	0	0.68	0	0.8374	0	0	2.73	2.05	1.25	0.91	0.2941	1.36	0.57	-0.1599	0	1.48	0.34	1.02	1.02	0.23	0.57	0	1.25	1.59	0.23	1.7	1.36	0.23	1.02	0.68	878	3.3	0	1.7	0.46	1.02	3.32	0.91	22.01	7.28	0.91	0	0.4027	0.7122	-0.1155	
81	29129.4	0	0.37	0.1792	0.25	1	-0.0371	0	0	0.12	0	0.8753	0	0.25	1.61	2.61	0.75	0.12	0.3592	1.24	0	-0.1137	0.25	1.49	0.5	1.61	0.75	1.74	0.75	0.25	1.61	3.36	0.37	3.61	1.12	0.12	0.75	0.5	803	2.36	0	0.5	0	1.74	4.49	0.5	19.98	9.21	0.5	0	0.5078	0.6568	-0.1028	
91	31965	0	0.76	0.1893	0.54	1.95	0.006	0	0	0.76	0	0.8597	0.11	0	2.38	2.17	0.65	0.22	0.3396	0.54	0.65	-0.0655	0.54	0.76	0.43	0.98	0.33	2.17	1.41	0	1.84	2.6	0.11	3.36	0.98	0.11	0.76	0.22	921	3.58	0	0.98	0.11	1.19	4.68	1.19	20.41	7.38	0.33	0	0.4791	0.6819	-0.0985	
101	34455	0	0.9	0.1562	0.11	1.68	0.0071	0	0	0.56	0	0.8559	0.78	0.11	3.25	1.45	0.34	0.11	0.4326	1.45	0.45	-0.17	0	2.57	0.45	1.79	0.67	1.45	1.79	0.11	0.67	3.58	0.11	4.37	0.56	0	0.67	0.11	892	2.57	0	0.78	0.11	0.56	4.04	0.56	21.57	6.72	1.12	0	0.4389	0.6457	-0.0764	
111	37442	0	0.69	0.0893	0.57	1.49	-0.0013	0	0	0.46	0	0.8597	0.23	0.11	2.86	2.06	0.69	0.23	0.4399	0.69	0.8	-0.1032	0.11	2.06	0.69	0.57	0.23	1.26	2.06	0.11	0.34	3.55	0.46	4.93	1.14	0.34	0.69	0.34	872	2.75	0	0.11	0.11	0	4.02	0.46	23.39	8.37	0.57	0	0.3539	0.7103	-0.133	
121	40550	0	0.97	0.1498	0.61	1.93	0.0441	0	0	0.24	0.12	0.8455	0.12	0.12	2.18	1.33	0.48	0.12	0.4474	1.81	0.12	-0.2199	0	2.54	0.36	1.33	0.73	1.33	0.85	0.12	1.69	4.24	0	4.84	1.09	0.36	0.73	0.24	825	1.93	0	0.12	0.24	0.85	4.01	0.61	21.1	5.09	0.85	0	0.4595	0.5967	-0.073	
131	44584	0	0.79	0.1345	0.11	1.01	0.0138	0	0	0.11	0	0.8595	0.34	0.45	1.91	2.48	1.01	0.11	0.4195	1.01	0.23	-0.1947	0	2.02	0.11	1.57	0.56	1.35	1.12	0.11	2.02	5.74	0.11	4.17	0.68	0.11	1.24	0.45	887	2.36	0.11	0	0.11	0.79	4.21	0.68	20.84	6.98	0.79	0	0.4845	0.6223	-0.0737	
141	48542	0	0.22	0.1625	0.66	1.21	-0.0021	0	0	0.44	0	0.868	0	0.44	3.19	3.19	0.77	0.33	0.2872	1.54	0.44	-0.1368	0.44	1.65	0.22	1.43	0.22	1.76	1.43	0.22	1.21	3.63	0.22	3.08	0.88	0	1.1	0.66	909	4.07	0	0.55	0.55	1.43	4.53	0.44	20.65	6.93	0.55	0	0.4843	0.7045	-0.097	
151	52303	0	1.36	0.1576	0.8	1.02	0.0014	0	0	0.34	0	0.8864	0	0	1.93	1.25	0.68	0.34	0.3171	1.82	0.34	-0.1884	0.34	1.36	0.57	1.36	0.68	0.8	0.34	0.23	1.14	2.62	0.46	2.16	0.68	0.57	0.46	0.23	877	2.62	0	0.23	0.46	1.14	4.05	0.46	21.8	6.72	0.57	0	0.4389	0.7245	-0.0886	
161	55822	0	1.05	0.153	0.74	2.63	0.0638	0	0	0.74	0.11	0.8674	0	0	3.47	1.15	0.74	0.11	0.427	0.53	0.63	-0.1538	0	3.15	0.53	1.15	0.42	1.89	1.47	0.11	1.05	4	0.32	2.94	0.95	0	0.53	0.42	950	2.84	0	0.32	0.32	2.1	4.65	1.05	21.71	6.52	0.53	0	0.4578	0.6474	-0.0725	
171	59244	0	0.26	0.1493	0.39	2.85	-0.0262	0	0	0.26	0.13	0.8128	0	0	2.85	1.81	0.91	0.52	0.4205	0.52	0	-0.1269	0.13	1.68	0.26	1.16	1.03	2.33	1.68	0.13	0.52	5.58	0	1.94	0.39	0	0.26	0.52	770	2.33	0	0.13	0.26	0.65	4.26	1.94	20.58	5.06	0.52	0	0.4509	0.6269	-0.023	
181	63168	0	0.62	0.1594	0.87	1.48	-0.0217	0	0	1.23	0.12	0.8709	0	0	2.23	2.1	0.87	0	0.3908	0.62	0.37	-0.1178	0	2.23	0.62	1.73	0.99	2.85	2.1	0	0.62	3.96	0.12	1.61	0.5	0.25	0.5	0.62	807	2.6	0	0.25	0.12	0.74	4.8	1.23	19.73	5.45	0.99	0	0.534	0.6258	-0.0408	
191	67558	0	0.36	0.1755	1.2	1.81	0.0229	0	0	0.48	0	0.8662	0	0.24	2.41	2.05	0.6	0.12	0.4298	0.6	0.24	-0.1812	0	2.17	0.72	1.69	0.72	1.32	0.97	0.12	1.32	4.95	0.6	2.05	0.85	0	0	0.36	828	2.65	0	0.24	0.36	0.72	4.16	0.97	21.1	5.79	1.57	0	0.4654	0.6296	-0.0657	
201	73720	0	0.24	0.1693	0.97	3.15	0.0588	0	0	0.36	0.24	0.8686	0.61	0.24	3.52	1.57	0.73	0.12	0.4444	0.97	0.12	-0.0938	0	1.94	0.49	1.09	0.36	2.55	1.94	0.24	0.85	3.03	0.36	1.7	1.09	0.12	0.85	0.36	823	1.94	0.12	0	0	1.21	4.92	1.45	21.5	7.41	1.09	0	0.4638	0.6419	-0.0554	
211	85985	0	0.62	0.1464	0.86	3.82	0.0518	0	0	0.49	0.12	0.848	0.12	0	3.2	1.23	0.86	0.12	0.4188	0.86	0.37	-0.1235	0.37	1.47	0	0.37	0.37	1.47	1.23	0	0.62	2.83	0.25	1.23	1.84	0.12	1.23	0.86	811	2.46	0.25	0	0	0.49	4.15	1.6	22.78	7.52	0.99	0	0.3858	0.6877	-0.1077	
221	98006	0	0.61	0.1651	0.61	1.94	-0.0111	0	0	0.36	0.12	0.8922	0.49	0	2.54	1.82	0.61	0.36	0.3942	1.33	0.36	-0.1274	0.12	1.82	0.36	0.97	0.36	3.15	0.61	0.61	1.09	5.33	0.24	2.66	1.69	0.12	1.45	0.61	824	2.18	0.12	0	0	0.85	4.24	0.97	21.02	7.76	1.33	0.12	0.4809	0.6663	-0.1342	
231	105822	0	0.47	0.1294	0.58	2.44	0.0111	0	0	0.7	0.23	0.8777	0.82	0.12	3.84	0.82	0.7	0.12	0.4053	0.7	0.47	-0.2261	0.35	1.51	0.58	2.09	0.35	1.16	1.04	0.12	0.82	5.82	0	3.03	1.28	0.35	0.93	0.47	858	1.98	0	0.35	0.23	0.58	3.37	0.82	22.52	5.71	1.16	0.12	0.4103	0.6805	-0.1188	
241	110337	0	0.54	0.1401	1.07	2.25	0.0136	0	0	0.54	0.32	0.8756	0.32	0	3.75	0.96	0.86	0.32	0.4357	0.75	0.54	-0.1759	0.11	2.14	0.21	1.82	0.54	1.5	0.96	0.21	0.32	4.6	0.21	2.25	1.07	0.11	0.75	0.32	933	0.86	0	0.32	0.43	0.75	3.48	0.54	22.49	6	1.5	0.21	0.4101	0.6607	-0.1741	
251	111743	0	1.31	0.1178	1.18	1.31	0.0063	0	0	0.39	0	0.8646	0.39	0	3.15	1.18	0.39	0	0.4399	0.53	0.39	-0.1654	0.13	2.36	0.79	1.71	0.66	1.84	1.44	0.13	0	5.65	0.13	4.07	1.31	0.53	1.44	0.53	760	2.23	0.26	0.13	0.13	1.05	3.99	0.53	22.78	8.28	0.92	0.26	0.3936	0.6838	-0.0854	
261	113614	0	0.5	0.1653	0.62	1.36	0.0774	0	0	0.25	0.25	0.8481	0.12	0.12	2.72	0.99	0.87	0	0.3717	1.36	0.87	-0.202	0.37	1.85	0.12	0.99	0.5	1.48	1.61	0.5	0.99	3.22	0.12	4.46	1.48	0.25	2.47	0.25	807	3.34	0.12	0.37	0.12	0.99	3.68	0.74	22.31	4.83	1.36	0.12	0.4111	0.6754	-0.1032	
271	117391	0	0.51	0.1294	1.15	1.27	0.0474	0	0	0.26	0	0.8872	0.38	0.13	2.04	0.26	0.64	0	0.3554	0.26	0.9	-0.2254	0.38	1.27	0.77	2.04	0.38	1.02	0.38	0.51	0.26	2.68	0.26	2.94	1.27	0.26	2.68	0.38	782	3.06	0.13	0.13	0.13	0.9	2.67	0.26	24.61	8.56	1.53	0.38	0.3164	0.7597	-0.1174	
281	120845	0	1.37	0.1256	0.5	0.87	0.0422	0	0	0.12	0	0.9126	0.5	0.25	2.36	0	1.12	0	0.3661	0.5	1.24	-0.2259	0.25	1.12	0.12	0.87	0.25	0.62	0.5	0.5	0.62	2.36	0	2.36	1.87	0.25	1.62	0.12	802	2.99	0.12	0.12	0.12	0.37	1.36	0.25	26.34	8.97	1.99	0.12	0.2275	0.7941	-0.1662	
291	124516	0	1.59	0.1463	1.1	1.96	-0.0291	0	0	0.25	0	0.8998	0.25	0	1.96	1.1	1.35	0.12	0.3346	0.49	0.86	-0.18	0.49	1.71	0.12	0.98	0.12	0.74	0.49	0.61	0.25	3.19	0	2.82	1.22	0	0.25	0	814	4.05	0	0.25	0.37	0.98	1.77	0.61	24.23	9.33	1.47	0.37	0.2837	0.7818	-0.2038	
301	128516	0	0.61	0.1617	0.86	3.43	0.0639	0	0	0.12	0.37	0.8368	0.25	0	4.66	0.25	0.12	0.25	0.3855	0.37	0.25	-0.1959	0.25	1.34	0.25	1.22	0.12	1.47	0.61	0	0.37	3.55	0.25	2.2	0.74	0.12	0.25	0	815	4.29	0	0.12	0.25	0.86	3.62	1.34	23.84	6.25	1.22	0	0.3098	0.7231	-0.0285	
311	132373	0	1.32	0.1753	1.21	5.29	0.0647	0	0	0.22	0.33	0.8134	0.33	0	3.75	0.33	0.33	0.22	0.4422	1.1	0.11	-0.2067	0.33	1.65	0	0.66	0.11	1.43	0.88	0.22	0.66	4.85	0	3.42	1.54	0	0.22	0.77	906	3.53	0.11	0.11	0.22	1.21	3.14	0.99	23.42	7.17	2.2	0	0.3139	0.6568	-0.101	
321	136841	0	0.5	0.1462	0.25	3.77	0.0316	0	0	1.13	0.25	0.8181	0	0	4.65	0.76	0.25	0.25	0.4602	0.88	0.13	-0.0706	0	1.51	0.25	0.76	0.13	2.14	0.88	0.13	0.76	3.27	0.13	3.14	1.13	0	0.13	0.38	794	1.13	0	0.25	0	1.13	4.6	0.63	21.31	5.66	0.88	0	0.436	0.6096	-0.131	
331	142155	0	0.24	0.1667	0.49	3.77	-0.0008	0	0	0.37	0.24	0.7991	0	0.12	1.82	1.7	0.24	0.12	0.4662	0.61	0	-0.1715	0.12	1.09	0.12	1.09	0.12	0.73	1.21	0	0.73	4.26	0.12	2.8	0.73	0	0.12	0.12	821	1.21	0.12	0.12	0.12	1.09	3.53	1.7	20.83	4.87	1.21	0	0.4258	0.5684	-0.1421	
341	147633	0	0.64	0.1251	0.76	3.31	-0.0071	0	0	0.13	0.13	0.7774	0	0	2.8	0.51	0.25	0.25	0.4666	0.89	0.25	-0.2102	0	0.76	0.13	1.01	0.51	1.14	1.27	0.13	0.76	4.2	0.13	3.94	0.76	0.13	0.64	1.14	785	1.14	0	0	0.51	0.38	2.91	0.76	22.1	4.07	1.14	0	0.3449	0.5994	-0.1467	
351	152462	0	0.59	0.1729	0.7	3.39	0.0264	0	0	0.94	0.35	0.7944	0	0	1.75	0.35	0.47	0	0.4707	0.7	0.47	-0.2095	0.12	1.05	0.35	0.82	0.23	1.4	1.28	0	0.35	4.09	0.35	5.03	1.87	0.12	0.7	0.12	854	1.52	0	0.35	0	0.94	3.1	1.75	21.42	3.62	1.75	0	0.3865	0.5624	-0.1808	
361	156429	0	0.68	0.1567	0.8	3.07	0.0268	0	0	0.23	0.11	0.8014	0	0	2.39	0.91	0.34	0	0.4173	0.11	0.34	-0.1559	0.11	0.91	0.11	1.14	0.46	1.59	1.48	0	1.36	2.28	0.23	4.44	2.05	0	0.46	0.23	877	2.85	0.11	0.11	0.23	0.8	3.37	0.91	22.23	5.47	1.36	0	0.366	0.6515	-0.139	
371	159933	0	0.98	0.1518	0.49	3.04	0.0433	0	0	0.24	0.12	0.7839	0	0.12	3.17	0.37	0.61	0.12	0.4699	1.09	0	-0.1913	0.24	1.7	0.12	0.37	0.49	0.98	1.46	0	0.73	3.65	0	5.24	1.09	0.12	0.49	0.49	820	1.95	0.12	0.37	0.24	0.98	3.43	0.98	22.72	4.39	0.85	0	0.3306	0.6201	-0.0885	
381	163415	0	0.48	0.1578	0.24	2.74	0.0394	0	0	0.48	0	0.8131	0	0.12	2.26	1.78	0.36	0.12	0.431	0.36	0.24	-0.1596	0.12	1.66	0.24	0.6	0.24	0.83	1.19	0	0.24	3.45	0.36	3.09	0.48	0	0.72	0.12	839	2.62	0	0.12	0	1.07	3.81	0.83	21.93	4.41	1.78	0.12	0.3979	0.6368	-0.1074	
391	166994	0	0	0.1676	0.13	2.69	0.0091	0	0	1.02	0	0.8306	0	0.13	2.43	1.66	0.51	0.26	0.3861	1.15	0	-0.1642	0.13	1.66	0.13	1.15	0.39	1.15	1.15	0.13	1.15	3.72	0.26	3.33	1.66	0	0	0.26	779	3.46	0.13	0.26	0.26	1.28	4.12	1.28	20.65	5.77	1.15	0	0.4623	0.6381	-0.0739	
401	171406	0	0.6	0.2292	0.24	3.26	0.056	0	0	0.36	0.12	0.7882	0	0	1.08	1.32	0.36	0.24	0.5121	0.24	0.12	-0.1566	0.12	0.48	0.24	0.85	0.48	1.32	1.57	0	0.85	5.55	0.12	3.38	0.6	0	0.12	0.6	828	1.93	0	0.36	0.12	1.08	4.01	2.65	20.53	4.22	2.77	0.12	0.4173	0.5171	-0.0649	
411	176600	0	0.36	0.2366	0.36	2.36	0.0763	0	0	0.24	0.36	0.8653	0	0.12	1.18	1.65	0.36	0.12	0.4718	0.83	0.12	-0.0996	0.12	1.42	0.12	0.83	0.59	2.25	1.3	0.12	0.95	2.96	0.24	2.96	1.06	0.12	0.36	0.59	844	2.13	0	0.71	0	1.18	4.79	1.77	20.29	5.33	1.06	0	0.4947	0.5695	-0.0432	
421	182171	0	0.36	0.1771	1.18	2.49	0.083	0	0	0.36	0.12	0.8488	0	0	0.95	1.42	0.48	0.36	0.5141	1.18	0	-0.1802	0	1.07	0.24	1.18	0.36	1.18	1.42	0	0.36	3.44	0.12	3.21	2.25	0	0.36	0.36	841	1.18	0.12	0.12	0.36	1.54	4.55	0.95	21.54	5.11	0.83	0	0.4459	0.5504	-0.1094	
431	187663	0	0.64	0.2073	1.15	3.73	0.0765	0	0	0.13	0	0.8523	0	0.13	1.28	1.28	0.39	0.26	0.4698	1.15	0.26	-0.1678	0.26	0.52	0.26	1.15	0.39	1.28	1.54	0	0.9	3.35	0	1.41	1.15	0	0.39	0.39	776	2.31	0	0.13	0	1.28	4.38	0.9	21.69	6.44	1.41	0.13	0.4282	0.6071	-0.0505	
441	193281	0	0.76	0.1655	0.98	3.8	0.0422	0	0	0.54	0.11	0.8547	0	0.11	1.84	0.43	0.76	0.22	0.4316	0.65	0.54	-0.1908	0.43	0.98	0.54	0.87	0.43	1.3	1.19	0.22	0.33	3.47	0	1.95	1.62	0.11	0.65	0.11	921	2.38	0	0.22	0	1.19	3.56	1.3	22.93	5.21	0.87	0.11	0.373	0.6727	-0.1056	
451	199453	0	0.37	0.18	0.49	3.44	0.013	0	0	0	0	0.8376	0	0.25	0.49	0.98	0.49	0.49	0.4234	0.74	0.49	-0.2096	0.37	1.1	0.49	0.98	0	1.23	0.49	0	0.49	3.69	0.37	2.21	2.09	0	0.12	0.49	813	2.46	0	0.12	0	0.98	3.03	0.37	22.26	6.51	1.23	0	0.3745	0.6525	-0.1259	
461	206028	0	0.63	0.1505	0.38	3.42	0.0218	0	0	0.25	0.13	0.822	0	0	0.89	0.76	0.25	0	0.4239	0	0.63	-0.2305	0.25	1.26	0	1.14	0.13	1.14	0.25	0	0.38	3.8	0.13	2.28	1.9	0.13	0.38	0.63	789	2.4	0	0.13	0	0.51	2.7	0.51	22.45	4.43	1.39	0.13	0.3651	0.6402	-0.1518	
471	212241	0	0.51	0.1638	0.76	4.68	0.0128	0	0	0.25	0.63	0.8281	0	0.13	0.76	0.25	0.38	0.13	0.4405	0.38	0.63	-0.2358	0.13	0.38	0.38	1.14	0	1.01	0.51	0	0.63	4.68	0	3.04	1.26	0.13	1.01	0.38	789	2.4	0	0.25	0.13	0.25	2.2	1.01	23.35	9.75	1.9	0.13	0.3053	0.6557	-0.1682	
481	217640	0	1.02	0.1464	0.57	5.13	-0.025	0	0	0.57	0.11	0.828	0	0	0.91	0.8	0.8	0	0.4328	0.57	0.34	-0.1594	0.23	0.8	0.23	0.91	0.23	1.02	0.91	0	0.57	2.51	0.46	3.08	1.02	0	0.46	0.23	876	1.59	0	0.23	0.34	0.68	2.99	0.46	22.14	7.76	1.14	0.11	0.3665	0.6449	-0.2072	
491	222294	0	0.39	0.2094	0.91	3.1	0.0604	0	0	0.13	0.39	0.8557	0	0	1.16	1.16	0.39	0	0.4683	0.52	0.13	-0.1632	0.13	0.91	0.52	1.16	0.52	1.68	0.65	0	0.65	3.36	0.13	2.71	1.03	0.13	0.26	0.13	773	2.58	0	0.26	0	0.65	4.15	0.91	21.94	5.69	1.68	0	0.4147	0.6208	-0.0703	
501	226403	0	0.22	0.1934	1.09	2.85	0.0876	0	0	0	0.11	0.8754	0	0	0.88	0.77	0.33	0.22	0.4953	0.44	0.33	-0.2653	0.22	1.2	0.22	1.53	0.33	0.88	1.64	0	0.44	5.38	0.11	2.19	1.31	0	0.77	0.55	910	2.74	0.11	0.22	0.11	1.2	3.9	0.88	22.8	6.48	2.08	0.11	0.38	0.6069	-0.0436	
511	230115	0	0.13	0.2078	0.51	5.74	0.0795	0	0	0.26	0.13	0.8488	0	0	1.27	0.89	0.64	0.26	0.4425	1.02	0.38	-0.2306	0.51	1.27	0.26	1.78	0.26	1.14	0.89	0.13	0.89	3.32	0.51	1.91	1.66	0	0.51	0.51	783	2.55	0	0.26	0	1.02	3.68	1.27	21.85	6.38	2.55	0	0.4107	0.6113	-0.0887	
521	233543	0	0.37	0.1747	0.62	4.73	0.0937	0	0	0.12	0.12	0.8509	0	0.12	1	1.24	1	0.12	0.4236	0.25	0.75	-0.2267	0.37	0.87	0.5	1.99	0.25	1.24	0.62	0	1.24	4.11	0.12	1.99	1.37	0.37	0.62	0.25	802	3.61	0	0	0.12	0.62	4.02	1	22.62	6.85	1.87	0	0.3923	0.6511	-0.0538	
531	236737	0	0.84	0.176	0.72	3.46	0.0701	0	0	0	0.36	0.8691	0	0.24	1.79	0.96	0.36	0	0.4269	1.07	0.24	-0.2531	0.48	0.96	0.6	2.39	0.24	0.96	0.36	0.12	1.31	4.3	0.12	1.67	1.55	0.12	0.48	0.48	836	2.03	0	0.12	0.24	0.48	3.32	0.36	22.72	7.17	2.15	0	0.3931	0.649	-0.1052	
541	239721	0	0.93	0.174	1.32	5.42	0.0733	0	0	0.13	0.26	0.7887	0	0	1.05	0.4	0.4	0	0.3825	0.93	0.66	-0.2365	0.66	0.66	0.26	0.93	0.13	0.93	0.13	0	0.26	2.64	0	1.71	2.24	0.53	0.4	0	756	3.17	0	0.13	0	0.4	2.18	0.53	23.5	5.02	1.58	0.13	0.2888	0.6734	-0.1177	
551	242642	0	0.87	0.2008	0.5	2.61	0.0488	0	0	0.5	0.12	0.8679	0	0	2.48	0.75	0.5	0.12	0.3929	0.75	0.12	-0.1769	0.75	0.75	0.25	0.87	0	1.24	0.12	0	0.62	5.09	0.5	1.24	0.87	0	0.25	0.75	804	3.23	0	0.37	0.12	0.75	3.75	0.5	22.61	7.46	2.23	0	0.3857	0.6958	-0.0818	
561	245974	0	0.25	0.1862	0.76	4.41	0.1141	0	0	0.13	0.13	0.8237	0	0.13	1.63	0.76	0.13	0	0.5721	0.25	0.13	-0.1566	0.25	0.76	0.13	1.13	0	0.88	0.88	0	0.63	3.15	0.25	2.14	2.64	0	0.25	0.25	793	0.5	0	0.13	0	0.88	5.2	1.63	22.92	5.29	1.76	0.13	0.3564	0.5248	-0.1479	
571	250575	0	0.57	0.1613	0.79	2.04	0.0391	0	0	0.34	0	0.8745	0	0	1.92	1.02	0.34	0	0.4485	0.68	0.11	-0.1745	0.23	1.02	0.45	0.68	0	1.02	0.68	0.11	1.36	4.53	0.23	1.92	2.04	0.11	0.23	0.45	882	2.72	0	0.11	0.11	0.45	3.91	0.34	22.94	7.14	1.47	0.23	0.3906	0.6733	-0.0976	
581	257062	0	0.51	0.1921	0.38	2.28	0.1137	0	0	0.38	0.38	0.8936	0	0	1.65	1.39	0.13	0	0.4914	1.39	0.13	-0.1679	0	1.27	0.51	1.52	0.38	1.27	1.27	0	1.01	3.3	0.25	1.27	0.89	0.25	0.38	0.51	787	1.77	0	0	0.13	0.76	5.25	0.89	21.42	6.86	2.03	0	0.4809	0.5853	-0.018	
591	264886	0	0.25	0.2332	0.61	3.92	0.2044	0	0	1.1	0.49	0.8174	0	0.25	1.47	0.61	0.37	0.49	0.3802	0.86	0	-0.1381	0.37	0.49	0.49	1.59	0.74	2.08	1.22	0	0.74	1.47	0.25	0.49	0.37	0.25	0.61	0.86	816	2.81	0.12	0.25	0.37	0.74	6.13	1.83	19.3	3.18	1.96	0	0.4846	0.5549	0.1219	
601	272657	0	0	0.2303	1.59	5.05	0.1817	0	0	0.27	0.67	0.8287	0	0	0.93	0.8	0.53	0	0.5192	0.8	0	-0.1702	0	1.19	0.67	1.46	0.53	1.19	0.53	0	0.53	2.92	0.27	1.06	1.33	0.4	0.27	0.13	751	1.33	0	0.53	0.13	0.93	5.63	1.19	21.39	5.85	1.86	0	0.4163	0.5203	-0.0095	
611	279681	0	0.14	0.2011	1.63	5.05	0.0954	0	0	0.14	0.27	0.8181	0	0.14	0.82	1.77	0.27	0	0.4689	0.55	0.27	-0.142	0	1.77	0.96	0.82	0.68	2.18	0.14	0.27	0.82	3.96	0.14	2.45	0.68	0.14	0.82	0.27	732	2.73	0	0.27	0	0.68	4.68	0.82	20.98	6.28	1.09	0	0.4447	0.5739	-0.038	
621	286083	0	0.68	0.184	0.27	3.94	-0.0132	0	0	0	0.14	0.7997	0	0	1.35	1.49	0.27	0.27	0.3382	0.82	0.27	-0.1259	0.41	1.22	0.82	1.22	0.27	1.76	0.27	0	0.68	3.12	0.27	2.03	0.82	0.95	0.41	0.82	736	2.44	0	0.95	0.14	0.54	4.1	0.27	20.73	5.97	0.54	0	0.4181	0.6762	-0.0583	
631	291892	0	0	0.1748	0.67	3.74	-0.0266	0	0	0.13	0	0.8123	0	0	1.07	1.47	0.67	0.54	0.4081	0.54	0.27	-0.1899	0.27	1.87	0.94	1.6	0.67	1.2	0.67	0.13	1.47	4.14	0.27	3.48	1.74	0.54	0.27	1.07	747	1.74	0	0.54	0.27	0.8	3.12	0.4	21.14	7.36	1.74	0	0.4022	0.6322	-0.1308	
641	297208	0	0.27	0.147	0.41	3.39	0.0062	0	0	0.81	0	0.8573	0	0.14	1.62	1.89	0.68	0.27	0.3796	0.81	0	-0.2079	0.41	1.35	1.22	2.03	0.14	0.95	0.81	0	0.41	5.15	0	1.62	2.17	0.27	0.27	0.27	737	2.84	0.14	0.27	0.27	1.08	3.95	0.95	21.43	6.78	0.81	0	0.4434	0.6683	-0.0723	
651	302506	0	0.42	0.1436	1.25	2.36	-0.0099	0	0	0.69	0	0.8546	0	0	0.97	1.66	0.69	0.42	0.3442	0.42	0.42	-0.1911	0.42	1.11	0.97	0.97	0	0.69	0.83	0.28	0.69	3.61	0	3.33	1.52	0.42	0.56	0.28	720	4.3	0.14	0.28	0.28	0.56	2.74	0.28	22.98	8.47	1.52	0	0.3485	0.7321	-0.1463	
661	308307	0	0.48	0.134	0.85	4.95	-0.0278	0	0	0.36	0.24	0.8207	0	0	1.81	2.17	0.85	0.24	0.4142	0.6	0.24	-0.1222	0.36	0.97	0.36	0.6	0.6	0.85	0.85	0	0.48	5.43	0.12	1.2	1.93	0.48	0.12	0.72	828	1.57	0.12	0.12	0	0.85	3.55	0.36	21.8	8.21	0.97	0	0.3878	0.6597	-0.1728	
671	314821	0	0.52	0.14	0.78	4.42	-0.0534	0	0	0.13	0	0.8319	0	0.13	1.17	0.91	0.39	0	0.3456	0.91	0.13	-0.2426	0.26	1.43	0.26	1.17	0.78	0.78	0.65	0	0.13	4.29	0	0.65	1.17	0.39	0.65	0.26	768	3.38	0.26	0.39	0.13	0.39	3.4	0.13	21.97	7.42	0.91	0	0.3551	0.7084	-0.0568	
681	321251	0	1.09	0.16	0.61	2.31	-0.0223	0	0	0.24	0.24	0.8856	0	0	1.22	1.46	0.73	0.12	0.3313	0.37	0.49	-0.1922	0.49	1.22	0.85	1.46	0.37	1.22	0.73	0.12	0.24	4.76	0.37	1.34	1.09	0.37	0.37	0.12	819	4.15	0.12	0.24	0	1.09	3.75	0.49	22.18	7.44	1.09	0	0.4048	0.735	-0.0932	
691	326877	0	1.14	0.1464	0.57	3.78	-0.0394	0	0	0.23	0.11	0.8748	0	0	1.72	0.92	0.8	0.11	0.3518	0.34	0.57	-0.2565	0.34	1.26	0.46	1.37	0.46	0.8	0.11	0	0.11	5.39	0.11	1.83	2.29	0.23	0.57	0.11	871	3.32	0	0.23	0.23	0.8	1.44	0.8	23.39	7.57	1.72	0	0.3156	0.7258	-0.1892	
701	331198	0	0.58	0.1466	0.82	3.5	0.0344	0	0	0.12	0.23	0.8683	0	0	1.63	1.16	1.63	0.12	0.2988	0	1.28	-0.1443	0.35	1.4	0.58	1.05	0.23	0.82	0.23	0.23	0	2.45	0.12	1.05	1.98	0.23	0.23	0	857	4.55	0.47	0.23	0.23	1.28	2.14	0.47	24.71	9.8	1.16	0	0.2689	0.8015	-0.1447	
711	334329	0	0.8	0.1493	0.67	2.14	-0.0193	0	0	0.27	0	0.9177	0	0.13	1.47	1.47	0.4	0	0.3542	0.27	1.2	-0.1133	0.27	0.94	0.13	1.2	0	0.94	0.13	0.13	0.27	2.14	0.13	1.34	0.94	0.27	0.67	0	746	2.54	0	0.4	0.13	0.27	3.16	0.67	23.58	11.5	0.8	0	0.3363	0.7804	-0.186	
721	336798	0	0.91	0.2086	0.34	3.65	0.0292	0	0	0.11	0.23	0.8477	0	0	1.71	1.02	0.23	0.34	0.3679	0.46	1.14	-0.182	0.46	0.68	0.46	0.91	0.11	1.25	0.34	0	0.34	4.79	0.11	0.91	0.91	0.11	0.34	0.11	876	2.85	0	0.68	0.34	0.57	3.03	0.91	22.61	5.93	1.71	0	0.3559	0.7036	-0.1146	
731	339354	0	0.13	0.2038	0.51	2.52	0.072	0	0	0.38	0.51	0.8468	0	0	2.65	0.76	0.51	0.51	0.4117	0.13	0	-0.0845	0.25	1.76	1.01	0.88	0.25	3.53	0.51	0.13	0.38	4.67	0	1.39	0.76	0.51	0.63	0.76	791	2.02	0	0.38	0.13	1.39	4.82	0.76	21.5	6.57	1.76	0	0.4319	0.661	-0.0029	
741	342484	0	0.65	0.1751	0.13	2.08	0.0127	0	0	0.52	0.13	0.8803	0	0	1.04	0.52	0.26	0	0.4603	0.52	0	-0.2073	0	0.91	0.65	1.17	0.26	1.43	0.91	0.26	0.91	5.07	0.39	1.3	1.56	0.13	0.26	0.52	768	2.86	0	0.39	0.13	0.13	4	0.91	21.79	6.38	1.3	0	0.4318	0.6381	-0.0327	
751	346511	0	0	0.2199	0.65	2.45	0.017	0	0	0	0.13	0.8683	0	0	0.91	0.78	0.78	0	0.464	1.29	0.52	-0.1374	0.26	0.91	0.91	1.16	0.78	2.58	1.03	0.13	1.16	5.43	0.26	1.29	1.29	0.52	0.39	0.26	773	1.42	0	0.65	0	0.78	4.2	0.39	20.63	6.85	1.16	0	0.472	0.6015	-0.0268	
761	351375	0	0.51	0.2602	0.51	2.54	0.0177	0	0	0.89	0	0.8515	0	0.13	0.51	1.52	0	0.13	0.4654	1.65	0	-0.0733	0.13	0.64	0.64	2.03	1.39	2.66	0.25	0	0.51	3.17	0.76	0.76	0.64	0.25	0	1.01	787	1.01	0	1.01	0.25	0.51	4.07	1.9	18.4	7.87	1.39	0	0.5507	0.5082	-0.0003	
771	356389	0	0.26	0.2198	0.65	3.13	0.1089	0	0	0.39	0.52	0.8681	0	0.26	1.17	1.95	0.52	0	0.4943	0.52	0.39	-0.0404	0.13	1.43	0.26	1.04	0.65	1.3	0.52	0.13	0.52	3	0	1.3	0.52	0.52	0	0.78	766	1.3	0	1.04	0.13	1.17	5.3	1.43	21.6	10.7	0.65	0	0.448	0.5997	-0.04	
781	361512	0	0.12	0.1827	0.75	1.99	0.1183	0	0	0.37	0.12	0.8872	0	0	0.75	1.12	0.5	0	0.529	0.37	0	-0.0984	0.25	0.87	0.62	1.74	1.49	1.62	0.5	0.25	0.75	3.24	0.25	1.24	0.37	0.75	0.5	0.37	802	1.49	0	0.37	0.12	0	5.2	1.37	21.75	8.1	0.62	0	0.4604	0.5755	0.0837	
791	366940	0	0.11	0.1774	0.34	3.72	0.1042	0	0	0.34	0	0.8697	0	0.11	1.35	1.12	0.56	0.34	0.498	0.34	0.34	-0.0652	0.11	0.34	0.45	1.24	0.9	2.03	0.34	0.11	0.56	2.93	0.34	2.82	1.69	0.56	0.68	0.68	885	1.69	0	0.23	0.11	1.01	5.28	1.46	22.5	9.37	0.45	0	0.4238	0.6278	-0.0379	
801	372806	0	0.12	0.196	0.49	2.1	0.0626	0	0	0.37	0.37	0.8984	0	0.12	1.23	0.87	0.37	0	0.4548	0.87	0	-0.1812	0.25	0.87	0.99	1.85	0.87	1.6	0.12	0	0.37	5.93	0.12	1.11	0.87	0	0.49	1.35	809	2.84	0	0.49	0.12	0.74	4.73	0.74	21.79	10.7	0.99	0	0.4501	0.6432	0.0083	
811	379018	0	0.53	0.1494	0.13	3.17	-0.0108	0	0	0.4	0.13	0.8686	0	0.26	0.79	0.93	0.26	0.13	0.4568	0.26	0	-0.1714	0.66	0.79	0.53	1.05	0.13	1.05	0.66	0.13	0.53	5.56	0.13	2.51	1.05	0	0.53	0	755	2.38	0	0.4	0	0.4	3.72	0.53	22.63	10.3	0.79	0.13	0.3881	0.6701	-0.0921	
821	385442	0	0.26	0.1584	0.65	2.07	0.0956	0	0	0	0.65	0.8848	0	0.13	1.03	0.91	0.52	0	0.4462	0.26	0.65	-0.2576	0.13	1.68	1.16	1.55	0.65	0.52	0.52	0.13	0.78	5.45	0.13	1.55	1.29	0.26	0.52	0.65	770	2.85	0	0.26	0.39	0.52	3.71	0.26	23.94	8.7	1.81	0	0.3558	0.6736	-0.0693	
831	391902	0	0.27	0.1903	0.27	1.2	0.1012	0	0	0.4	0.13	0.9052	0	0.13	2	0.53	0.4	0	0.4711	0.13	0.27	-0.0709	0.27	0.93	0.53	0.27	0.53	1.33	0.67	0.8	0	3.33	0.13	1.73	2	0.4	1.06	0.67	749	2.26	0	0.53	0.13	1.2	4.74	0.8	24.5	9.74	1.6	0	0.3314	0.7182	-0.0796	
841	398175	0	0.45	0.1342	0.34	3.04	0.032	0	0	0.45	0.34	0.8904	0	0.23	2.14	1.35	0.9	0.11	0.3244	0.11	0.56	-0.1253	0.68	0.56	0.68	1.24	0.45	0.68	0	0.56	0.34	3.16	0	1.01	1.69	0.23	0.45	0.45	886	3.49	0	0.34	0	0.56	3.23	0.56	23.93	9.36	0.68	0.11	0.3354	0.7858	-0.1432	
851	404099	0	1.07	0.1595	0.96	2.03	-0.0413	0	0	0.12	0	0.8923	0	0.24	0.96	0.96	0.48	0	0.355	0.48	0.12	-0.162	0.72	1.31	0.72	0.6	0.36	1.19	0.12	0.12	0.24	4.18	0.12	1.43	1.91	0	0.36	0.12	836	4.54	0	0.24	0.12	0.96	3.42	0.36	23.24	13.6	0.72	0.24	0.333	0.7685	-0.1064	
861	409520	0	1.36	0.1416	0.45	2.5	0.0016	0	0	0.34	0.11	0.8712	0	0.11	2.84	0.34	1.13	0.23	0.3173	0.34	0.68	-0.2332	0.23	0.34	0.45	2.61	0.45	1.13	0.45	0.11	0.11	6.02	0.11	1.02	1.81	0.23	0.23	0	880	5.45	0	0.23	0.34	0.68	2.87	0.34	23.99	8.4	1.93	0.57	0.3029	0.7737	-0.0751	
871	414525	0	1.41	0.1203	1.15	2.05	-0.0509	0	0	0.26	0.13	0.8606	0	0	2.18	0.64	0.51	0.13	0.3241	0.26	0.51	-0.2189	0.26	1.15	0.13	1.02	0	1.28	0.51	0.26	0.26	6.94	0.26	0.64	1.41	0.64	0.13	0	778	4.75	0	0	0.13	0.13	3.21	0.64	23.16	7.06	1.15	0.13	0.3206	0.762	-0.0844	
881	419447	0	1.26	0.1629	0.88	2.27	0.0004	0	0	0.13	0	0.85	0	0	1.51	0.63	0.76	0	0.3611	0.51	1.13	-0.1411	0.25	0.38	0.63	1.26	0.25	1.89	0.63	0.13	0.13	4.16	0.13	1.51	2.14	0.51	0.13	0	792	3.78	0	0.38	0.25	0.51	3.42	0.13	23.25	6.94	1.13	0.63	0.3239	0.7482	-0.0921	
891	424406	0	1.1	0.1761	0.83	3.3	0.0223	0	0	0.41	0.14	0.8886	0	0.14	1.65	0.69	0.41	0.14	0.3883	0.14	0.41	-0.1657	0.83	0.69	0.28	0.96	0	0.96	0.41	0.28	0.41	4.12	0.28	1.51	1.1	0.14	0.41	0	727	2.88	0	0.41	0.41	0.69	2.86	0.41	24.04	10.8	2.06	0	0.3158	0.7461	-0.1495	
901	429247	0	0	0.2254	0.63	1.52	0.1067	0	0	0.13	0.25	0.861	0	0.25	1.26	1.14	0.76	0	0.4684	0.25	0	-0.0918	0	1.39	0.51	1.14	0.38	1.9	1.64	0.13	0.25	2.78	0.25	1.77	1.14	0.38	0	0.89	789	3.42	0	0.63	0	1.14	4.88	1.01	22.2	6.97	1.64	0.13	0.4035	0.6375	0.0433	
911	434060	0	0	0.1864	0.28	1.12	0.0552	0	0	0.7	0	0.8835	0	0.14	1.68	2.1	0.84	0.14	0.4344	0.56	0.14	-0.0614	0	0.7	0.42	0.56	0.42	1.26	0.84	0	0.56	5.04	0.28	1.54	0.7	0.56	0.28	0.7	714	2.8	0	0.7	0.14	0.84	5.06	0.42	21.5	8.26	0.84	0	0.4622	0.663	-0.0074	
921	438991	0	0.27	0.1905	0.67	1.73	0.0765	0	0	0.13	0.13	0.8753	0	0.13	2.4	1.33	0.4	0.13	0.5013	0.13	0.4	-0.0473	0.27	0.8	0.67	0.67	0.4	1.6	1.06	0.27	0.94	5.21	0.4	1.33	1.06	0.8	0.27	0.8	748	0.94	0	0.53	0.4	0.67	4.98	1.2	22.62	7.62	1.06	0.13	0.4098	0.6397	-0.0498	
931	444005	0	0.27	0.169	0.27	1.36	0.0339	0	0	0.14	0.14	0.8905	0	0	1.91	1.77	0.41	0	0.4063	0.55	0.27	-0.1566	0.41	1.5	0.41	1.09	0.68	0.68	0.27	0	0.27	5.6	0.14	0.96	1.5	0.41	0.27	0.55	731	2.46	0	0.55	0.27	1.09	4.39	0.68	22.55	8.75	0.68	0.27	0.4136	0.7052	-0.0532	
941	449017	0	0.52	0.1605	0.39	1.57	-0.0237	0	0	0.13	0	0.8661	0	0	3.93	1.57	0.66	0	0.411	0.92	0.39	-0.0928	0.26	0.39	1.57	0.66	0.52	1.04	1.04	0	0.39	5.38	0.13	1.31	0.92	0.26	0.13	0.52	762	2.62	0	0.52	0.26	0.26	3.98	0.79	22.97	8.13	0.92	0	0.3426	0.734	-0.0782	
951	454095	0	0.26	0.1772	0.26	2.2	0.0668	0	0	0.13	0.26	0.8248	0	0.13	3.37	0.39	0.26	0.13	0.4556	1.29	0.52	-0.1738	0.13	0.65	0.91	0.78	0.26	1.03	1.03	0	0.52	7.26	0.13	0.52	0.26	0.39	0.26	0.52	771	1.94	0	0.13	0	0.65	4.22	0.26	22.65	6.87	2.46	0	0.3596	0.6494	0.0111	
961	459293	0	0.13	0.1647	0.79	1.45	0.0673	0	0	0.13	0.13	0.8977	0	0	3.83	0.66	0.79	0	0.4661	0.93	0.13	-0.1338	0.13	1.05	0.93	1.32	0.66	1.45	1.32	0	0.79	5.95	0.13	1.32	0.13	0.79	0.26	0.26	756	2.64	0	0.26	0.26	0.53	5.03	1.05	22.96	8.73	0.79	0.13	0.3947	0.6837	0.0875	
971	464427	0	0	0.1728	0.24	0.97	0.0286	0	0	0.48	0.12	0.9122	0	0	2.05	1.08	0.36	0.24	0.3615	0.97	0	-0.1779	0.12	0.97	1.08	1.08	0.48	1.2	0.72	0.12	0.48	5.31	0.12	0.85	0.6	0.24	0.48	0.48	828	4.95	0	0.48	0.48	0.36	5.47	0.72	22.04	7.85	0.85	0	0.4289	0.729	0.0615	
981	468995	0	0	0.2277	1.14	0.86	0.0821	0	0	0.14	0	0.8876	0	0.14	1.85	1.14	0.72	0.29	0.3974	1.14	0.14	-0.1745	0.14	0.57	0.57	1.28	1.14	1.71	0.57	0.29	0.43	6.58	0.14	0.86	0.57	0.57	0.72	0	699	4.72	0	0.43	0.14	0.86	5.22	1.28	21.42	6.72	1.71	0	0.433	0.6677	0.0855	
991	472626	0	0.13	0.2096	0.65	2.08	0.1157	0	0	1.04	0	0.8993	0	0	1.43	0.65	0.26	0	0.4929	0.26	0	-0.1555	0.26	0.91	0.65	0.91	0.52	0.91	0.65	0	0.52	4.04	0.13	0.78	1.04	0.26	0.65	0.65	767	1.95	0	0.65	0.52	0.91	5.14	1.43	22.51	8.21	1.56	0	0.4277	0.626	0.0067	
1001	475447	0	0.39	0.1888	0.52	2.34	0.0836	0	0	0.39	0.13	0.8893	0	0	2.74	1.56	0	0	0.4545	0.91	0.39	-0.0912	0.39	1.69	0.52	1.43	0.78	2.48	1.56	0	0.78	4.3	0.26	0.65	0.39	0.26	0.26	0.65	766	2.61	0	0.52	0.26	0.39	5.26	0.78	21.18	8.48	0.91	0	0.481	0.6293	0.0666	
1011	478142	0	1.15	0.2031	0.77	2.94	0.1043	0	0	0.26	0.13	0.8679	0	0	1.02	0.9	1.28	0.26	0.4131	0.9	0.13	-0.1571	0.38	1.02	0.9	1.15	0.51	1.4	0.64	0.64	0.64	3.2	0.13	1.4	0.77	0.9	0.38	0.38	781	3.2	0	0.38	0.38	0.9	4.81	0.9	22.59	6.78	1.28	0	0.398	0.6797	0.0071	
1021	481680	0	0.48	0.1703	0.24	1.91	0.0536	0	0	0.12	0.12	0.8699	0	0.12	1.31	0.84	0.6	0.24	0.4642	0.6	0.12	-0.2092	0.24	0.48	0.12	1.07	0.6	0.72	0.72	0.12	0	7.06	0.12	2.27	1.43	0.24	0.24	0.72	835	3.59	0	0.24	0.12	1.07	3.85	0.72	23.59	8.14	1.31	0.12	0.3469	0.6758	-0.0415	
1031	486174	0	0.4	0.1686	0.67	1.2	-0.0568	0	0	0.27	0.13	0.8407	0	0	2.94	2.27	1.33	0.27	0.3709	0.13	0.27	-0.1056	0	0.8	0.27	1.07	1.07	1.2	0.54	0	0	7.22	0.13	2.14	1.07	0.54	0	0.13	747	2.81	0	0.67	0.27	0.94	3.54	0.54	21.99	8.43	1.74	0	0.3548	0.7177	-0.1386	
1041	492403	0	0.83	0.1548	0.28	1.38	0.0414	0	0	0.14	0.28	0.8186	0	0	2.21	0.97	0.42	0.14	0.415	0.55	0.97	-0.126	0.42	0.55	0.28	0.55	0.28	1.1	0.55	0.14	0.28	5.67	0	8.86	0.69	0.42	0.28	0	722	4.01	0	0.28	0.14	1.52	3.33	0.14	23.64	9.41	1.24	0	0.3029	0.7057	-0.1227	
1051	500072	0	0.66	0.186	0.66	1.71	0.062	0	0	0.4	0.26	0.7967	0	0	1.31	1.44	0.53	0.13	0.4398	0.13	0	-0.119	0.26	0.4	0.4	0.92	0.26	1.18	0.66	0	0.4	4.61	0	8.69	0.26	0.4	0.53	0	759	4.34	0	0.79	0.26	0.79	3.92	0.53	22.65	9.35	1.44	0	0.3417	0.6558	-0.0617	
1061	507987	0	0.26	0.1647	0.89	2.16	0.0471	0	0	0.26	0	0.8242	0	0	1.53	0.77	0.64	0.13	0.4625	0.38	0.26	-0.1586	0.26	0.77	0.89	1.14	0.51	1.14	0.77	0	0.26	3.82	0	6.76	0.89	0.77	0	0.38	784	3.44	0	0.26	0.51	0.64	3.71	0.77	23.76	7.14	1.4	0	0.3024	0.6802	-0.0401	
1071	515648	0	0.71	0.1604	0.85	1.84	0.0316	0	0	0	0	0.7618	0	0	2.12	0.99	0.57	0.14	0.4287	0.14	0	-0.1228	0.28	0.28	0.71	0.43	0.57	0.85	0.28	0	0.14	7.37	0.28	5.1	0.57	1.41	0.57	0	705	2.69	0.28	0.14	0	1.84	3.49	0.43	22.83	7.37	1.41	0	0.2985	0.6665	-0.0536	
1081	523458	0	0.51	0.1777	0.77	1.54	0.0276	0	0	0	0.13	0.8417	0	0.13	0.9	1.54	0.51	0.26	0.4045	0.51	0.51	-0.1659	0.51	0.64	0.64	0.9	0.64	1.15	0.64	0.64	0.26	4.89	0.13	6.04	1.41	0.39	0.51	0.64	777	3.98	0	0.13	0.51	1.28	3.1	0.51	23.23	8.75	1.93	0	0.3315	0.7012	-0.1291	
1091	531759	0	1	0.1808	0.71	1.28	0.0495	0	0	0.14	0	0.8492	0	0	1.42	1.28	0.43	0.14	0.4647	0.43	1	-0.0962	0.14	1	0.43	0.71	0.43	1.42	0.71	0.43	0.57	2.84	0	7.39	1.99	0.85	0.28	0.43	703	2.56	0	0.28	0.14	1	3.92	1.13	23.54	8.81	1.56	0	0.3257	0.6791	-0.147	
1101	541337	0	0.13	0.1834	0.4	1.46	0.0774	0	0	0.13	0.4	0.8229	0	0.13	1.73	0.8	0.93	0.53	0.457	0.8	0.13	-0.158	0.13	0.53	0.13	1.73	0.53	1.19	0.4	0.13	0.13	3.86	0	7.72	0.27	0.13	0.13	0.4	751	3.32	0	0.27	0.13	0.93	3.91	0.67	23.43	8.52	1.73	0	0.3257	0.6641	-0.0496	
1111	551111	0	0.38	0.1772	0.51	1.78	0.012	0	0	0.13	0	0.8296	0	0	1.27	1.78	0.38	0	0.5328	0.25	0	-0.1278	0.13	1.01	0.13	1.14	0.51	1.27	0.76	0.25	0.64	5.59	0.13	7.12	0.64	0.38	0.13	0.64	786	2.03	0	0.38	0.13	0.13	3.91	1.14	22.67	8.52	2.03	0	0.3614	0.5985	-0.0947	
1121	559357	0	0.88	0.1709	0.38	1.63	0.0846	0	0	0	0	0.7891	0	0.13	2.76	1.25	0.63	0.13	0.5099	0.5	0	-0.1525	0.5	0.75	1.13	0.75	0.25	0.5	1.5	0	0.88	4.15	0	9.3	0.63	0	0.38	0.13	795	2.01	0	0.63	0.13	0.88	3.98	0.63	23.56	5.78	1.5	0	0.2984	0.6094	-0.0952	
1131	565379	0	0.4	0.1422	0.66	1.32	0.109	0	0	0.26	0.26	0.8381	0	0	1.32	0.66	0.4	0.4	0.5398	0.66	0.13	-0.2075	0	1.05	1.32	0.66	0.53	0.66	0.66	0.13	0.53	7.14	0.13	8.2	1.58	0.66	0.53	0.13	756	2.24	0	0.13	0.13	0.66	4.45	0.53	24.01	7.01	1.32	0	0.3282	0.6003	-0.0586	
1141	570276	0	0.65	0.1516	0.26	2.85	0.0888	0	0	0.26	0	0.7317	0	0	1.03	1.16	0.13	0.39	0.544	0.13	0	-0.0716	0	0.91	0.26	0.39	0.13	0.91	1.68	0.13	0.39	2.85	0.13	12.4	0.52	0.91	0	0.65	770	2.33	0	0.52	0.26	0.39	4.38	1.03	23.11	7.01	0.91	0	0.2838	0.5638	-0.0375	
1151	574622	0	0.87	0.1654	1.49	3.74	0.113	0	0	0.12	0.25	0.8257	0	0	1.74	0.37	0.5	0	0.562	0.5	0.12	-0.2096	0	0.62	0.87	0.62	0.37	0.37	0.62	0.12	0.12	4.98	0.37	7.23	0.75	0.25	0.37	0.12	802	2.74	0	0.37	0	0.25	4	0.75	25.43	7.35	2.36	0	0.2266	0.6038	-0.0994	
1161	578835	0	0.62	0.1972	0.75	2.6	0.1243	0	0	0	0.37	0.8123	0	0.12	3.22	0.87	0.12	0	0.4769	0.75	0.5	-0.0714	0.62	0.62	0.99	0.5	0.5	1.24	0.62	0.12	0.12	1.86	0	7.2	0.37	0.25	0.5	0	805	2.6	0	0.25	0	0.75	4.21	0.99	24.49	7.2	2.23	0	0.2602	0.6714	-0.0834	
1171	583083	0	0.12	0.2156	0.59	3.2	0.1164	0	0	0.12	0.12	0.7685	0	0.12	3.08	1.78	0.71	0.12	0.4197	0.48	0.36	-0.0672	0.36	1.18	1.06	0.83	0.48	1.66	0.71	0.12	0.48	1.78	0.12	8.78	1.42	0.36	0.71	0.24	842	2.85	0	1.3	0	1.54	4.16	0.59	22.14	5.1	1.66	0	0.3423	0.6328	-0.101	
1181	587294	0	0.57	0.1886	1.13	4.67	0.1567	0	0	0.14	0	0.772	0	0	2.26	0.57	0.71	0	0.5	0.99	0.28	-0.1489	0	0.99	0.99	0.57	0.28	0.71	1.13	0	0.42	0.99	0.14	7.36	2.4	0.42	0.85	0.14	706	2.4	0	0.42	0	0.99	4.24	0.99	24.28	5.52	2.26	0	0.2505	0.603	-0.1153	
1191	591716	0	0.52	0.2047	0.52	3.76	0.0876	0	0	0	0.39	0.7805	0	0	1.94	0.78	0.26	0.39	0.5063	0.13	0.39	-0.123	0.26	0.52	0.26	0.78	0.26	1.16	1.03	0	0.78	3.63	0.13	7.26	2.07	0.52	0.26	0.13	771	1.42	0	1.03	0.13	0.78	4.1	1.42	23.02	5.83	1.68	0	0.3014	0.5892	-0.1468	
1201	597038	0	0.76	0.1681	0.25	2.78	0.044	0	0	0.13	0	0.74	0	0.13	2.4	1.52	0.51	0.25	0.4193	0.51	0.25	-0.1329	0.38	0.51	0.51	0.76	0.25	0.76	0.38	0	0.25	3.67	0.25	9.88	1.26	0.76	0.13	0.25	789	3.04	0.25	0.13	0	1.14	3	1.26	22.74	5.32	2.15	0	0.2836	0.6483	-0.1252	
1210	602708	0	0.13	0.1584	0.52	2.49	0.0688	0	0	0.39	0.13	0.7637	0	0	2.88	1.04	0.39	0.39	0.425	0.66	0.13	-0.0684	0.39	0.39	0.92	0.52	0.26	1.44	0.79	0	0.52	1.96	0	9.71	0.39	0.26	0.26	0.26	762	3.41	0	0	0.39	0.52	3.7	0.66	23.31	7.08	1.83	0	0.2835	0.6806	-0.0705	
1220	609736	0	1.12	0.1857	0.5	3.86	0.1407	0	0	0	0.25	0.7963	0	0	1.12	0.62	0.25	0	0.559	0.5	0.37	-0.1537	0.25	1.12	0.37	0.25	0.25	0.75	0.37	0	0.12	3.11	0	7.85	1	0.5	0.12	0.25	802	2.49	0	0.12	0	0.62	4.69	1.87	24.71	6.35	1.87	0	0.2456	0.5829	-0.0759	
1231	616498	0	0.84	0.1625	0.42	3.16	0.0667	0	0	0	0.11	0.7617	0	0	2.32	0.95	0.21	0.21	0.4397	0.53	0.32	-0.1074	0.42	0.53	0.95	0.21	0.21	0.95	0.21	0	0.11	3.37	0	9.82	0.74	0.63	0.11	0.21	947	4.11	0	0.21	0.32	0.63	3.11	1.05	24.23	7.18	1.26	0	0.2224	0.6854	-0.0815	
1241	621304	0	0.91	0.1523	0.13	4.81	0.1353	0	0	0	0.26	0.6991	0	0	1.3	0.91	0.39	0.39	0.4706	0.39	0.39	-0.0649	0.13	1.43	0.65	0.26	0	2.21	0.39	0	0.26	0.91	0	11.7	0.65	0	0.78	0.13	768	2.73	0	0	0	0.39	4.25	0.65	23.04	5.46	1.17	0	0.2616	0.5956	-0.0934	
1251	625522	0	0.69	0.1705	0.69	2.88	0.1693	0	0	0.14	0.14	0.7782	0	0	0.96	0.69	0.41	0	0.5166	1.37	0.27	-0.1792	0.27	0.55	0.41	0.82	0.41	0.14	1.09	0.14	0.55	0.96	0.14	11.6	1.92	0	0.96	0	728	2.33	0	0.69	0.14	0.69	4.48	0.55	24.34	7.28	1.09	0	0.257	0.5791	-0.1414	
1261	629739	0	0.24	0.1638	0.73	3.39	0.085	0	0	0	0.12	0.7682	0	0	1.81	0.73	0.24	0.24	0.4515	0.48	0.36	-0.1037	0.36	1.21	0.48	1.21	0.36	0.97	0.61	0.12	0.24	0.97	0.24	9.45	0.97	0.48	0.24	0.24	825	2.18	0	0.24	0.12	1.33	3.59	0.73	23.72	7.87	1.09	0	0.2691	0.6593	-0.111	
1271	633957	0	0.56	0.1915	0.7	2.93	0.1132	0	0	0.28	0.14	0.8061	0	0.14	1.25	0.42	0.28	0.14	0.5769	0.42	0.28	-0.1176	0.14	1.11	0.56	0.56	0.28	1.11	0.56	0	0.42	2.37	0.14	13.4	0.7	0.14	0.28	0.42	715	1.53	0	0.56	0.14	0.42	4.92	0.84	24.42	8.39	2.51	0	0.2622	0.5723	-0.1169	
1281	638174	0	0.27	0.1659	0.27	4.25	0.1126	0	0	0.14	0.41	0.7286	0	0.14	1.37	1.09	0.27	0.41	0.5037	0.55	0.27	-0.0922	0.27	0.96	0.27	0.27	0.69	0.96	0.69	0.14	0.69	2.05	0	14.1	1.5	0	0.14	0.55	729	2.05	0	0.41	0.14	0.69	4.46	0.27	22.98	6.31	1.64	0.14	0.2769	0.5723	-0.1486	
1291	642392	0	0.27	0.1501	0.67	2.41	0.1638	0	0	0.54	0.27	0.7935	0	0.27	1.87	1.07	0	0	0.5827	0.27	0	-0.0936	0	0.81	0.13	0.54	0.27	1.34	0.67	0.27	0.27	3.08	0	16.6	1.47	0.13	1.07	0.67	745	1.74	0	0.13	0	0.4	6.19	0.54	23.82	7.65	2.14	0	0.3075	0.5366	-0.1159	
1301	646609	0	0.83	0.1177	0.14	2.92	0.132	0	0	0	0.14	0.7417	0	0	1.66	1.11	0.28	0.28	0.525	0.56	0.28	-0.1258	0	1.11	0.97	1.52	0.14	1.11	0.97	0	0.42	1.66	0	16.4	2.08	0.14	0.28	0.42	719	1.66	0	0.28	0.42	0.42	4.75	0.28	23.6	6.25	0.56	0	0.28	0.5724	-0.1137	
1311	650827	0	0.51	0.1466	0.25	3.92	0.109	0	0	0	0.25	0.7461	0	0	2.15	0.51	0.13	0.25	0.5289	0.76	0.13	-0.1217	0	1.13	0.63	0.76	0.51	1.26	0.89	0	0.25	1.64	0.13	17.2	1.39	0	0.13	0.25	790	2.78	0	0	0	0.76	4.25	0.76	24.06	7.72	1.51	0	0.2447	0.5915	-0.0918	
1321	655044	0	0.89	0.1607	0.64	2.67	0.0624	0	0	0.38	0	0.7754	0	0	2.79	1.39	0.51	0.13	0.4758	0.51	0.25	-0.1088	0.13	1.27	0.76	1.14	0.38	1.39	1.01	0	0.51	2.41	0.13	15.3	0.76	0.13	0.25	0.13	786	3.18	0	0.64	0.25	0.51	3.89	0.76	23.08	7.37	1.39	0	0.3104	0.6318	-0.1095	
1331	659262	0	0.27	0.1795	0.27	2.73	0.1223	0	0	0	0	0.7681	0	0.55	2.32	0.96	0.27	0	0.529	0	0	-0.0889	0	1.09	0.96	1.5	0.55	1.36	1.09	0	0.96	1.64	0.14	9.86	1.36	0	0	0.68	730	1.91	0	0.55	0.27	0.82	4.74	0.55	23.3	6.98	1.78	0	0.3025	0.5817	-0.0575	
1341	663479	0	0.33	0.1883	0.89	4.44	0.1394	0	0	0.33	0.56	0.7529	0	0.11	1.89	1.22	0.11	0.11	0.5243	0.22	0	-0.0995	0.11	1	0.56	0.78	0.78	1.22	0.56	0	0.56	2.11	0.22	13.3	1.44	0	0.11	0.67	899	2	0	0.33	0.22	1.44	5.17	1.44	22.44	6.22	1.66	0	0.3279	0.5394	-0.1216	
1351	667697	0	0.69	0.1288	0.83	4.02	0.1611	0	0	0.28	0.28	0.7562	0	0.14	2.08	1.24	0.14	0.14	0.5398	0.55	0	-0.118	0	0.97	0.42	1.38	0.28	0.55	0.97	0	0.55	0.97	0	12.2	0.83	0	0.14	0.42	721	1.94	0	0	0.14	0.42	5.26	0.42	23.97	7.35	1.38	0	0.2733	0.5674	-0.1078	
1361	671914	0	0.14	0.1632	1	4.29	0.1095	0	0	0	0.86	0.6683	0	0	1	0.14	0	0	0.5347	0.43	0	-0.1117	0	0.43	0.29	0.14	0.86	1.57	0.57	0	0	2.14	0.14	5.15	1	0.14	0.14	0.29	699	1.43	0	0	0	0.14	4.37	0	22.61	3.43	2	0	0.2367	0.5157	-0.097	
1371	676132	0	0.54	0.1876	0.65	3.24	0.1311	0	0	0.11	0.65	0.7989	0	0	2.27	1.62	0	0.32	0.4793	0.76	0	-0.0828	0.32	0.32	0.76	0.65	0.32	1.29	0.54	0	0.43	2.37	0	7.02	1.51	0.43	0.22	0.32	925	2.91	0	0.11	0.22	0.43	4.6	1.4	23.58	7.89	1.83	0	0.3105	0.6375	-0.0842	
1381	680349	0	0.66	0.1926	0.53	1.99	0.1069	0	0	0	0.13	0.8036	0	0.13	3.05	0.93	0.13	0	0.5046	0.4	0.13	-0.0238	0.4	0.93	0.8	0.8	0.66	1.99	0.26	0	0.93	1.46	0.13	8.11	0.53	0.4	0.26	0.4	752	1.32	0	0	0.13	0.8	4.78	1.06	23.26	7.84	2.26	0.26	0.3198	0.6269	-0.0678	
1391	684567	0	1.2	0.1998	0.53	2.4	0.046	0	0	0.13	0	0.797	0	0.13	2.67	0.93	0.53	0.13	0.4077	0.8	0.27	-0.0778	0.53	1.46	1.33	0.93	0.13	1.73	0.27	0	0.93	1.46	0.13	9.74	1.73	0.53	0	0.13	749	3.07	0.13	0.67	0.27	0.8	3.31	0.93	23.25	10.4	2.26	0.13	0.2809	0.7007	-0.1131	
1401	688784	0	1.1	0.1686	0.74	3.3	0.0668	0	0	0.25	0.12	0.7734	0	0.12	2.2	1.1	0.12	0	0.4748	0.49	0.37	-0.0579	0.25	0.12	0.74	0.61	0.74	1.1	0.49	0	0.49	1.47	0	10.2	1.1	0.12	0.49	0.61	816	1.96	0.12	0.12	0.25	0.74	3.91	0.61	23.47	9.55	2.2	0	0.2615	0.6407	-0.1811	
1411	693002	0	0.13	0.1957	0.67	4.04	0.1399	0	0	0	0.67	0.7471	0	0	1.61	0.94	0.13	0.27	0.5112	0.54	0.4	-0.0521	0	0.27	0.54	1.21	0.27	1.75	0.13	0	0.54	1.34	0	11.1	0.81	0.54	0	0.27	742	1.75	0	0	0.13	0.54	4.87	1.88	23.15	8.49	2.02	0	0.2817	0.5805	-0.094	
1421	697220	0	0.64	0.1429	0	2.05	0.0579	0	0	0.13	0	0.8043	0	0.26	2.43	0.64	0.26	0	0.4757	0.26	0.26	-0.1061	0.13	0.51	0.26	1.15	0.77	1.53	0.38	0	0.51	2.69	0.13	8.71	1.28	0.38	0.77	0.77	780	2.3	0.13	0.13	0	0.64	4.05	0.64	23.48	7.82	1.15	0.13	0.3192	0.6589	-0.0837	
1431	701437	0	0.54	0.2294	0.82	1.36	0.0727	0	0	0	0	0.7641	0	0.27	2.31	1.08	0	0.82	0.4758	0.41	0	-0.0995	0.27	0.95	0.54	1.49	0.95	1.08	0.14	0	0.95	1.77	0	9.12	0.68	0.14	0.27	0.41	734	1.63	0.14	1.22	0	0.54	3.81	1.63	22.41	7.76	2.04	0	0.3077	0.6073	-0.0802	
1441	705655	0	0.51	0.1596	0.9	2.82	0.1087	0	0	0	0.39	0.7643	0	0.13	1.92	0.77	0.13	0.13	0.5252	0.51	0.13	-0.1468	0.13	0.51	0.13	1.41	0.51	0.9	1.28	0	0	2.05	0	12.1	2.05	0.13	0.13	0.64	779	2.31	0	0.26	0	0.77	4.14	0.77	24.04	6.54	1.54	0	0.255	0.59	-0.1285	
1451	709872	0	0.83	0.1661	0.83	3.19	0.0584	0	0	0	0.14	0.8144	0	0.14	1.39	1.39	0	0	0.5815	0.42	0	-0.0482	0	0.56	0.56	0.7	0.83	1.11	0.28	0.28	0.28	1.8	0	7.51	2.08	0	0	0.28	719	0.83	0	0	0	0.42	5.35	1.11	23.9	9.73	1.66	0	0.2756	0.5716	-0.2006	
1461	714090	0	0.53	0.1438	0.8	2.79	0.038	0	0	0.13	0.13	0.825	0	0.26	1.19	0.93	0.26	0	0.5167	0.26	0.26	-0.1418	0	1.06	0.13	1.46	0.53	1.06	0.13	0.13	0.66	2.12	0	7.84	0.93	0.13	0.53	0.53	752	1.46	0	0	0.13	0.4	3.87	1.32	23.62	10.3	1.06	0	0.3192	0.6228	-0.1609	
1471	718307	0	0.97	0.1603	0.14	2.21	0.0135	0	0	0.14	0	0.799	0	0.14	1.93	0.97	0.28	0.42	0.5	0	0.28	-0.0169	0.14	0.69	0.69	1.1	0.55	1.93	0.28	0.14	0.55	2.35	0.14	10.5	1.52	0.55	0.14	0.55	722	0.69	0	0.28	0.14	1.24	4.43	0.55	22.81	12.3	1.66	0	0.302	0.6297	-0.1875	
1481	722525	0	0.27	0.1638	0.41	2.59	0.0946	0	0	0.27	0.14	0.7347	0	0.14	1.63	1.36	0	0.55	0.4605	0	0	0.0279	0.14	1.09	0.14	0.27	0.55	1.5	0.14	0.27	0.82	0.41	0	10.9	0.82	0.14	0.68	0.14	732	2.04	0.14	0.14	0	0.41	4.36	1.5	22.77	11.3	1.22	0	0.2718	0.6307	-0.1198	
1491	726742	0	0.82	0.2098	0.82	2.59	0.0773	0	0	0.27	0.27	0.7611	0	0.14	1.22	1.63	0.14	0.27	0.501	0.68	0.14	-0.016	0.14	1.22	0	0.27	0.27	1.5	0.55	0.14	0.27	1.22	0	10.1	0.27	0.27	0.41	0.55	732	1.77	0	0.41	0	0.55	4.6	1.77	22.33	9.01	2.18	0.27	0.3094	0.5889	-0.1317	
1501	730960	0	0.69	0.1958	0.35	4.05	0.0882	0	0	0.35	0.23	0.7849	0	0.35	1.15	1.15	0.35	0.46	0.5136	0.81	0.12	-0.0802	0	0.81	0.12	1.04	0.93	1.38	0.46	0	0.69	1.5	0	8.1	0.58	0	0.12	0.12	864	1.62	0.12	0.12	0	0.93	4.64	0.81	22.48	10.1	2.54	0	0.3448	0.5806	-0.1122	
1511	735177	0	0.28	0.2012	0.84	3.78	0.0938	0	0	0	0.84	0.7668	0	0	0.98	2.1	0.42	0	0.5019	0.14	0.56	-0.0068	0	0	0.14	0.14	0.98	1.4	0.42	0	0.28	2.1	0	5.74	0.84	0.14	0.28	0.14	714	2.1	0	0	0	0.56	4.95	1.82	22.56	8.68	1.96	0	0.2967	0.59	-0.1718	
1521	739395	0	0.7	0.1813	0.42	3.2	0.1207	0	0	0.14	0.42	0.7948	0	0.42	1.39	1.11	0	0.42	0.4976	1.11	0	-0.0942	0.14	0.56	0.14	0.84	0.98	1.39	0.56	0	0.84	1.53	0.14	9.76	0.98	0	0.84	0	717	1.95	0	0.14	0.28	0.98	4.89	0.98	22.68	10.7	1.11	0	0.3572	0.5952	-0.0948	
1531	743612	0	0.39	0.1763	0.78	4.13	0.1055	0	0	0.13	0.52	0.7603	0	0.39	0.78	1.29	0.39	0	0.4649	0.65	0.13	-0.1532	0	0.52	0.91	1.42	0.26	1.29	0.39	0.13	0.65	2.06	0.13	8.4	0.91	0	0.26	0.39	773	3.23	0	0	0.26	0.39	3.9	0.39	22.68	7.24	2.45	0.13	0.3246	0.6013	-0.1078	
1541	747830	0	0.41	0.1888	1.23	5.48	0.1308	0	0	0	0.41	0.7996	0	0.14	1.64	0.27	0.14	0	0.5739	0.14	0.41	-0.1162	0.14	0.55	0.55	1.23	0.41	1.5	0.27	0	0.69	1.92	0	7.54	1.09	0	0.41	0.55	729	0.82	0	0	0	0.96	5.33	1.09	24.12	8.91	2.6	0	0.2732	0.554	-0.1501	
1551	752047	0	0.55	0.1979	0.69	3.85	0.0945	0	0	0	0.28	0.8043	0	0	0.41	0.69	0.14	0	0.6148	0.28	0	-0.1329	0	0	0.41	1.37	0.14	0.83	0.28	0.14	0.14	3.16	0.14	7.42	0.83	0	0.28	0.69	727	0.83	0	0.14	0	0.55	5.34	1.51	23.78	10	2.47	0	0.2777	0.5086	-0.1578	
