# NOAA Paleoclimatology Program - Paleocean Site Data
# rc10-62-tab.txt
# Complete Data
# File Created: 18-Jan-2005
#
#*********************************************************************************
# Please cite the contributor and the original publications when using these data
#*********************************************************************************
#
# Missing Values indicated by '-999'
#
# PI:             Nicklas G. Pisias
# Core/Site:      RC10-62
# Latitude:       3.12.00N	( 3.2)
# Longitude:      101.26.00W	( -101.4333)
# Water Depth(m): 3120
#
# Publications:
#   Pisias, N.G., and A.C. Mix. 1997. Spatial and temporal oceanographic variability
#     of the eastern equatorial Pacific during the late Pleistocene: Evidence from
#     Radiolaria microfossils. Paleoceanography 12(3):381-393.
#------------------
#
# Description & Notes:
#   Eastern Equatorial Pacific Radiolaria Data.
#   Eight Radiolaria-based SST records covering the past 150 KYrBP are dominated
#   by the orbital frequency periods plus a non-orbital 31KYr period. Last Glacial
#   Maximum SST cooling is estimated at 3 to 5 degrees C.
#
# Variables:
#             depth         Depth (cm)
#             yrBP          radiocarbon years B.P. (Libby half-life; B.P. = 1950)
#             a.dent%       Antarctissa denticulata percent
#             a.ophir%      Anthocyrtidium ophirense percent
#             antarc.r      Antarctic radiolarian factor assemblage
#             b.aquil%      Botryostrobus aquilonaris percent
#             b.aur/aus%    Botryostrobus auritus/australis group percent
#             bering.r      Bering Sea radiolarian factor assemblage
#             c.bicor%      Cycladophora bicornis percent
#             c.boreal%     Ceratospyris borealis percent
#             c.dav2%       Cycladophora davisiana davisiana percent
#             c.davcor%     Cycladophora davisiana cornutoides percent
#             commun        Communality
#             d.hirun%      Dictyophimus hirundo percent
#             d.prof%       Dictyocoryne profunda percent
#             d.tetra%      Didymocyrtis tetrahalamus percent
#             e.delic%      Echinomma delicatum percent
#             e.fur+eleg%   Euchitonia furcata + Euchitonia elegans percent
#             e.trian%      Euchotonia triangulum percent
#             ebc.r         eastern boundary current radiolarian factor assemblage
#             ecf.lepto%    Echinomma cf leptodermum percent
#             g.angul%      Giraffospyris angulata percent
#             gyrmar.r      gyre margin radiolarian factor assemblage
#             h.aster%      Heliodiscus astericus percent
#             h.entha%      Hexacontium enthacanthum percent
#             h.euclid%     Hymenastrium euclidis percent
#             l.butsch%     Larcopyle butschlii percent
#             l.juno%       Lamprocyclas junonis percent
#             l.minor%      Lithelius minor percent
#             l.nigri%      L. nigriniae percent
#             l.retic%      Liriospyris reticulata percent
#             p.antarc%     Prunopyle antarctica percent
#             p.clau+zan%   Pterocorys clausus and Pterocorys zancleus percent
#             p.corb%       Phormostichoartus corbula percent
#             p.mini%       Pt minithorax percent
#             p.prae+euc%   Pterocanium praetextum and Pterocanium eucolpum percent
#             p.spino%      Polysolenia spinosa percent
#             porod.b%      Porodiscus sp. B percent
#             ptero.sp%     Pterocanium sp. Percent
#             radio         Radiolarians (Count)
#             s.aster%      Stylochlamydium asteriscus percent
#             s.ellip%      Spongurus elliptica percent
#             s.oscul%      Spongopyle osculosa percent
#             s.tetra%      Spongaster tetras percent
#             s.valid%      Stylodictya validispina percent
#             spong.sp%     Spongurus sp.-percent
#             t.oct+o.ste%  Tetrapyle octacantha and Octopyle stenozona percent
#             t.scaph%      Tholospyris scaphipes percent
#             t.trach2%     Theocorythium trachelium trachelium percent
#             transit.r     Transitional radiolarian factor assemblage
#             tropic.r      Tropical radiolarian factor assemblage
#             wpacif.r      Western Pacific radiolarian factor assemblage
#             seasdif       August to February SST difference (C)
#             sst           Sea Surface Temperature (C)
#
# CORE: RC10-62
depth	yrBP 	a.dent%	a.ophir%	antarc.r	b.aquil%	b.aur/aus%	bering.r	c.bicor%	c.boreal%	c.dav2%	c.davcor%	commun	d.hirun%	d.prof%	d.tetra%	e.delic%	e.fur+eleg%	e.trian%	ebc.r	ecf.lepto%	g.angul%	gyrmar.r	h.aster%	h.entha%	h.euclid%	l.butsch%	l.juno%	l.minor%	l.nigri%	l.retic%	p.antarc%	p.clau+zan%	p.corb%	p.mini%	p.prae+euc%	p.spino%	porod.b%	ptero.sp%	radio	s.aster%	s.ellip%	s.oscul%	s.tetra%	s.valid%	spong.sp%	t.oct+o.ste%	t.scaph%	t.trach2%	transit.r	tropic.r	wpacif.r	seasdif	sst	
1	-8400	0	0.25	0.1948	0.37	0.86	0.074	0.12	0	0.99	0.12	0.8885	0.49	0.25	6.17	1.48	2.22	0.86	0.2951	0.12	0.49	0.0972	0.25	0.49	0.12	1.97	0.37	3.2	0.74	0.49	0.25	1.11	0	0.86	0.12	0.37	0.62	0.37	810	2.71	0.49	1.85	0.74	0.49	1.48	18.7	0.86	0	0.3586	0.7874	0.0003	-999	-999	
4	-6600	0	0.13	0.1784	0.75	0.63	0.0051	0.38	0	0.25	0	0.8941	0.63	0.38	2.87	1.12	2.75	0.25	0.1672	0	1	0.0083	1.12	0.88	0.5	2.5	0	2.75	0.25	1.12	0.13	1	0.13	0.63	0.75	0.5	0.13	0	800	5.12	0	1.62	2.37	0.38	0.5	18.7	0.88	0.25	0.277	0.8693	-0.0418	-999	-999	
9	-3600	0	0.75	0.1444	0.63	0.75	0.0094	0.13	0	0.5	0	0.8979	0.25	0.75	2.62	2.12	3.37	0.63	0.1789	0	1	0.0757	1	0.25	1.62	1	0.25	2.5	0	0.5	0	1.12	0.13	0.63	0.25	0.63	0.63	0.13	800	4.75	0.25	0	0.38	0.63	0.75	17.8	1.25	0.38	0.2836	0.8694	-0.0544	-999	-999	
14	-600	0	0.25	0.1643	0.13	0.88	0.0112	0.38	0	1	0	0.9006	0.63	0.25	4.37	1.25	2.12	0.63	0.211	0	1.62	0.0378	0.88	0.75	0.5	1.87	0	1.87	0	1.12	0.13	1.12	0	1.37	0.75	1.37	0.13	0.25	800	3.25	0	1.12	1	0.5	1	17.2	1.75	0.13	0.2784	0.8589	-0.1111	-999	-999	
20	3000	0	0.74	0.1625	0.25	0.87	0.0111	0.12	0	0.25	0.12	0.9104	0.37	0.25	3.83	1.11	3.21	0.25	0.2297	0.12	1.23	0.0611	1.11	0.49	0.25	1.85	0.12	2.22	0.37	0.49	0	0.74	0.25	0.99	0.87	0.62	0.12	0.12	809	2.34	0.37	0.62	1.48	0.74	0.87	21.5	1.35	0.12	0.2462	0.8673	-0.1207	3.09	23.8	
25	6000	0	0.25	0.1604	1	0.62	-0.0246	0.25	0	0.75	0	0.8958	0.62	0.37	3.99	1.62	1.49	0.25	0.2486	0	0.62	-0.0108	1	1	0.25	2.61	0.12	1.24	0.5	0.37	0.12	1.62	0	0.87	0.37	0.75	0.25	0.12	802	2.11	0.12	1	1	1	0.62	19.8	1.37	0	0.3231	0.8311	-0.1111	4.02	22.86	
30	9000	0	0.25	0.1288	0.25	0.75	0.0265	0	0	0.75	0	0.8571	0.25	0.75	6.21	1.74	2.48	0.5	0.1826	0	1.99	0.2146	0.25	0.25	0	0	0.25	1	0	1.49	0	0.75	0	0.75	0	0.5	0	0	402	2.23	0.5	1.24	1.49	1	1	18.4	0	0	0.1851	0.8414	-0.1353	1.95	22.78	
39	13511.1	0	0.66	0.15	0.17	0.17	0.0702	0.17	0	1.32	0.17	0.9075	0.33	0.5	4.95	1.98	2.8	0.5	0.2398	0	1.48	0.1754	0.33	0.66	0.99	0.83	0.17	2.8	0.99	0.5	0	0.33	0.5	0.66	0.17	0.66	0	0.5	606	4.12	0	0.66	0.5	0.83	1.15	20.9	0.5	0	0.323	0.8288	-0.025	4.24	22.52	
44	15600	0	0.5	0.1603	0	0.5	0.0229	0	0	1	0	0.905	0	0.5	6.04	3.77	1.25	0.25	0.2429	0	1.25	0.2915	1.25	0	0.25	1	0	3.27	0.5	1	0	0.5	0.76	0.76	0.25	0.76	0	0	397	1.51	0	1.25	0.25	0.76	1.51	22.1	0	0	0.3523	0.7744	-0.1048	4.37	20.28	
55	20907.4	0	0.38	0.1669	0.63	0.38	0.0581	0.38	0	1.5	0	0.8504	0.38	0.38	5.87	3.87	1.75	0.63	0.2354	0	0.38	0.1123	0.13	0.25	0.25	2.87	0.25	2.37	0.38	0.63	0.38	0.88	0.25	0.75	0.25	0.88	0.25	0.5	800	3.25	0.13	1	0.88	0.88	3.12	16.1	0.25	0.13	0.425	0.7553	-0.011	5.13	20.83	
60	23261.2	0	0.12	0.2021	0.87	0.74	0.0273	0.25	0	2.47	0	0.8614	0.37	0.12	4.82	3.71	1.73	0.25	0.2454	0.12	0.37	0.1959	0.62	0.5	0.37	1.85	0.37	4.08	0.37	0.5	0.12	0.5	0.87	0.25	0.12	0.87	0.25	0.12	808	2.22	0	1.6	0.25	0.62	3.21	17.5	0.5	0	0.4629	0.7114	-0.0275	5.07	19.39	
65	25415.2	0	0.25	0.2037	0.37	1	0.0276	0.25	0	0.5	0	0.8639	0.25	0.25	3.49	2.87	2.24	0.25	0.2758	0	0.62	0.03	0.25	1.24	0.62	3.74	0.5	3.24	0.62	0.12	0.25	1.37	0.37	0.87	0.62	0.75	0.87	0.12	801	2.74	0	3.24	0.75	0.75	1	17.8	0.5	0	0.4272	0.7492	-0.0301	5.05	20.98	
70	25969.2	0	0.75	0.1735	0.37	0.75	-0.0052	0.5	0	0.5	0	0.8554	0.5	0.62	6.22	1.99	2.11	0.12	0.2601	0	0.87	0.0262	0.12	1.12	0.12	2.49	0.5	2.36	0.75	0.5	0.12	1.49	0.37	1.86	0.75	0.87	0.25	0.12	803	3.11	0	2.24	1	1.12	1.36	14.5	0.5	0	0.3563	0.7889	-0.0876	4.34	21.9	
75	26944.8	0	0.37	0.1854	0.87	2.61	0.0594	0.25	0	0.62	0	0.8634	0.12	0.5	5.35	1.61	2.24	0.25	0.334	0	0.5	0.0181	1	0.5	0.12	2.86	0.12	2.73	0.5	0.5	0.37	1.24	0.12	2.86	0.87	0.62	0.87	0.62	803	2.61	0	1.61	0.25	0.87	1.36	17.5	0.87	0	0.3472	0.7639	-0.0977	4.23	22.65	
80	28125.8	0	0.38	0.1536	0.88	0.5	0.0277	0.13	0	0.25	0	0.9179	0.38	0.13	6.37	1.62	1.5	0.5	0.3877	0.25	1	-0.0042	0.38	0.75	0.25	2	0.13	2	1.12	0.88	0.13	2.75	0	2.62	0.75	0.25	0.38	0.63	800	3	0	0.88	0.13	0.38	1.5	17.6	0.63	0	0.3123	0.7976	-0.0971	4.32	24.03	
85	30106.8	0	0.79	0.1722	0.66	0.93	0.0117	0.93	0	0.93	0	0.8529	0.13	0	7.53	2.51	1.71	0.26	0.2814	0.26	0.26	-0.0072	0.26	0.53	0	2.91	0.26	2.38	0.79	0.26	0.13	1.71	0.26	2.77	0.79	0.4	0.53	0.4	756	4.49	0	2.11	0.66	0.66	1.19	13.8	0.66	0	0.3912	0.7644	-0.0807	4.53	21.7	
90	32287	0	0.62	0.1915	0.62	1	0.0638	0.25	0	0.37	0	0.8726	0.25	0.75	6.49	1.37	1.74	0.25	0.3394	0.25	0.75	0.0046	0.37	0.75	0.75	2.37	0.12	1.37	0.62	0.62	0.25	1.12	0.62	1.99	0.75	0.25	0.25	0.25	801	2.87	0	2.12	0.62	0.62	2.74	17.4	0.62	0	0.2998	0.7873	-0.0833	3.86	23.61	
95	34467.8	0	0.25	0.185	0.5	1.36	0.0191	0.37	0	0.75	0.12	0.8381	0.5	0.25	7.95	1.61	1.36	0.12	0.3092	0	0.99	0.0185	0.12	0.87	0.5	2.23	0.12	2.36	0.62	0	0.37	2.36	0.25	1.98	0.62	1.24	0	0.25	805	2.98	0	2.23	0.87	0.87	2.73	13.9	0.5	0	0.3591	0.7591	-0.0488	4.4	21.96	
105	38829.8	0	0.13	0.2374	0.88	1.12	0.0549	0	0	0.63	0.13	0.8453	0.13	0.88	5.25	2.25	2.62	0.63	0.2321	0.13	0	0.0891	0.38	0.75	0.5	1.25	0.63	3.25	0	0.25	0.5	0.88	0.5	1.25	0.63	0.38	0.38	0	800	5.12	0.13	2.37	0.38	1.75	3.37	17.7	0.5	0.13	0.369	0.7667	-0.0068	4.35	21.28	
110	41010.8	0	0.25	0.1827	0.5	1.12	0.0285	0.5	0	0.63	0.13	0.8178	0.25	0.5	7.37	3.25	2.37	0	0.3106	0.38	0.5	0.0455	0	1.37	1.12	2.5	0.5	1.62	0.63	0.13	0.38	1.25	0.13	1.37	0	0.38	0.25	0.5	800	2.12	0	2.62	1	0.75	2	17.2	0.38	0	0.3824	0.732	-0.0559	4.49	21.32	
115	43191.8	0	0.63	0.2306	1.12	1.12	0.0089	0.25	0	0.25	0	0.823	0.38	0.25	7.25	2.37	2	0.38	0.2985	0.13	0.63	0.0292	0	1.37	0.5	2.12	0.13	3.5	0.75	0.38	0.25	2.12	0.13	1.12	0.63	0.38	0.13	0.13	800	3.37	0	3.87	0.63	0.63	2.87	12.2	0.75	0	0.3578	0.7406	-0.0578	4.13	21.27	
120	45372.8	0	0.25	0.1726	0.75	1.24	0.0458	0.37	0	1.49	0.12	0.8549	0.12	0.12	7.85	1.49	2.36	0.62	0.2695	0.25	0.75	0.0074	0.37	0.75	0.37	2.86	0	2.36	0.75	0.5	0.5	1.37	0.37	1.49	0.37	0.75	1	0.62	802	3.11	0.12	1.87	0.37	0.5	1.99	14.3	0.87	0	0.3846	0.7735	-0.065	4.55	22	
125	47553	0	0.25	0.2136	0.37	1.11	0.1016	0.25	0	0.99	0	0.8472	0.12	0.37	6.79	1.11	2.59	0.49	0.2932	0.12	0.25	0.0182	0.12	0.49	0.12	2.84	0.37	3.21	0.62	0	0.49	0.74	0.25	1.73	0.62	0.25	1.11	0.12	809	4.07	0	2.47	0.74	1.11	2.22	15.3	0.74	0	0.3811	0.7482	0.0049	4.71	22.03	
130	49733.8	0	0.62	0.1704	0.62	2.58	0.0618	0.49	0	0.86	0.37	0.8442	0.25	0.37	7.25	1.1	2.58	0.49	0.3007	0.12	0.37	-0.0355	0.25	0.86	0	1.84	0.49	1.72	0.62	0.25	0.12	1.47	0	1.84	0.49	0.49	0.37	0.49	813	4.55	0	1.35	0.74	0.74	2.21	14.2	0.98	0	0.31	0.7876	-0.0566	3.81	23.47	
135	51914.8	0	0.13	0.2417	0.88	1.25	0.0406	0.5	0	0.63	0.13	0.8463	0.5	0.63	5.62	1.75	2.75	0.63	0.2533	0.25	0.88	0.0574	0.5	0.63	0.13	1.87	0.13	3.62	0.38	0.5	0.25	1.25	0	1.37	0.25	0.25	0.13	0.13	800	3.37	0	3	0.88	0.88	1.87	12.8	1.25	0	0.3547	0.7677	-0.0601	4.04	21.48	
140	54095.8	0	0.25	0.2306	1.12	2.12	0.0346	0	0	1.24	0.25	0.8318	0.12	0.37	4.61	1.99	2.37	0.25	0.2716	0	0.62	0.1768	0.37	0.12	0.87	0.75	0.25	3.49	0.37	0.37	0.12	1	0	1.12	0.25	0.75	0.25	0.12	801	1.99	0.37	2.49	0.87	0.87	2.49	14.8	1	0.25	0.3284	0.7467	-0.0836	3.81	20.83	
145	57076.8	0	0.25	0.2286	1.25	1.12	0.0474	0.38	0	0.75	0	0.8245	0.38	1.12	4.12	0.88	1.87	0.25	0.241	0.13	0.5	0.0357	0.88	0.63	0.75	2.37	0.13	2.25	0	0.75	0.13	0.88	0	0.88	0.25	1	0.25	0.25	800	2.62	0	2.87	1	0.88	2.12	14.7	0.88	0	0.3128	0.7825	-0.021	3.77	22.26	
155	63471.2	0	0.5	0.2276	1.25	1.87	0.0519	0.75	0	0.88	0	0.8668	0.5	0.5	3.12	2.12	1.75	0.13	0.314	0.25	0.13	0.0602	0.25	0.5	0.38	1.12	0.5	3.37	0.75	0.63	0.25	0.88	0.13	2	0.5	0.25	0.38	0.25	800	4.37	0	2	0.88	0.75	1	13.3	1.12	0	0.3916	0.745	-0.0415	4.63	21.41	
160	65818.8	0	0.5	0.2398	0.5	1.87	0.0724	0.5	0	1.12	0.13	0.823	0.25	0.38	4.37	1.37	1.25	0.25	0.2731	0.13	0.63	0.0571	0.25	0.25	0.75	2.5	0.13	2.62	0.38	0.88	0.13	0.5	0.13	1.5	0.25	0.25	0.88	0.13	800	3.12	0.13	2.75	0.75	1.25	3.12	15.1	1.37	0.13	0.3623	0.7397	-0.063	3.99	21.36	
165	68038.2	0	0.25	0.1928	0.75	2.25	0.0207	0.5	0	1	0	0.85	0.13	0.63	3.12	2.25	2.87	0.13	0.3099	0.25	0.88	-0.0133	0.38	1.25	0.13	2.5	0.38	2.37	0.5	0.13	0.25	1.12	0.5	2	0.88	0.38	1	0.13	800	2.37	0	2.25	0.25	0.63	1.5	13.2	0.75	0	0.4162	0.7263	-0.1243	4.37	21.15	
170	71219.2	0	0.38	0.2373	1.12	0.63	0.0403	0.13	0	1.5	0.13	0.8435	0.38	0.63	3	3.87	2.12	0.5	0.2609	0	0.63	0.1309	0.13	0.25	0.88	1.5	0.38	4.12	0.38	0.5	0.38	1.25	0.25	1.75	0	0.5	0.75	0.13	800	3.37	0	3	0.75	1	2.62	16.1	0.63	0	0.4354	0.7123	-0.058	4.72	19.77	
175	73839	0	0.25	0.2223	0.37	0.75	0.0249	0.75	0	2.12	0.25	0.8493	0.25	0.62	2.87	1.74	1.24	0.62	0.2971	0.12	0.75	0.0105	0.25	1.24	0.37	1.99	0.5	3.99	0.62	0.37	0.5	1.74	0.12	3.37	0.37	0.12	0.62	0.5	801	4.24	0	3.24	0.62	1	3.12	14.4	0.62	0	0.4667	0.7009	-0.0411	5.01	20.09	
180	76258.2	0	0	0.2643	0.62	0.62	0.0383	0.37	0	1.24	0	0.8506	0.12	0.25	2.24	2.86	1.24	0.25	0.256	0	0.12	0.0653	0.5	0.87	0.25	2.24	0	5.11	0.25	0.37	0.62	1.12	0.25	1.74	0.37	0.12	1.37	0.37	802	3.11	0	3.61	0.75	1.37	2.36	13	0.75	0	0.5024	0.6753	-0.0336	5.12	18.88	
185	78677.2	0	0.5	0.2282	0.5	0.75	0.1019	0	0	1.24	0	0.8821	0.5	0.5	2.86	2.49	1.99	0.75	0.3105	0.5	0.87	-0.0197	0.75	0.75	0.5	3.23	0	1.99	0.37	0.25	0.5	1.12	0.25	1.86	0.87	0.12	1.24	0.37	803	2.61	0.12	2.49	0.25	0.75	1.61	13.9	1.36	0	0.4246	0.7306	-0.0937	4.66	21.65	
190	81097	0	0.62	0.2234	0.5	0.62	0.0881	0.37	0	1.87	0	0.868	0	0.25	3.62	3.99	1.12	0.25	0.2847	0.37	0.75	0.0967	0.62	1	0.12	2.62	0	3.99	0.75	0.75	0.37	0.62	0.62	1.99	1	0.5	0.62	0.5	801	2.12	0.25	2.74	1.49	0.75	1.87	12.8	1	0	0.477	0.6969	-0.082	5.23	19.78	
195	82716.2	0	0.25	0.2319	1	1	0.0651	0	0	0.75	0.12	0.8041	0.12	0.62	2.74	3.24	1.37	0.62	0.2267	0.12	0	0.0568	0.75	1	0.37	2.99	0	3.86	0.5	0	0.25	0.62	0.25	2.11	0.25	0.25	0.62	0	802	3.49	0.25	2.49	1.49	1.62	2.61	13.3	0.25	0	0.4292	0.7122	0.0028	4.73	20.19	
205	92350	0	0.62	0.226	0.37	0.87	0.0918	0.5	0	2.74	0	0.8514	0.25	0.5	2.74	2.24	1.99	0.5	0.2862	0.12	0.62	0.06	1	0.87	0	2.12	0	3.74	0.25	0.62	0.5	1.24	0	1.99	0.75	0.62	1.49	0.25	801	2.12	0.5	3.62	0.5	0.62	1.62	12.8	1.12	0	0.4679	0.6956	-0.0592	5.1	20.07	
210	96500	0	0.37	0.232	0.25	0.75	0.1195	0.62	0	3.11	0	0.8342	0.12	0.87	2.61	1.86	1	1.12	0.2782	0.12	0.25	0.0579	0.62	0.62	0.87	3.36	0.25	2.86	0.25	0.87	0.12	1	0.12	1.24	0.37	1.24	0.87	0	803	2.24	0	3.48	0.37	1.61	1.36	13.4	1.24	0	0.4769	0.6763	0.022	5.29	19.86	
215	101050	0	0.12	0.2001	0.49	0.25	0.0751	0.12	0	3.08	0	0.8354	0.25	0.37	2.59	3.08	1.11	0.25	0.2152	0	0	0.1097	0.49	0.37	0.74	2.71	0.37	3.45	0.25	0.49	0.49	0.49	0.25	2.46	0.37	0.74	0.62	0.37	810	3.7	0	2.22	1.48	1.11	0.86	12.7	0.49	0	0.4819	0.7065	-0.0037	5.34	19.6	
220	104286	0	0.5	0.2117	0.75	0.5	0.0841	0.37	0	2.11	0	0.8482	0.25	0.12	3.1	2.11	1.74	0.62	0.2928	0.12	0.25	0.038	0.5	1.24	0.25	2.61	0.25	2.61	0.5	1.24	0	0.87	0.12	1.86	1	0.75	0.62	0.25	804	2.48	0	2.73	1.36	1	1.74	13.3	1.11	0	0.4165	0.7288	-0.0674	4.71	21.16	
225	107143	0	0.36	0.1857	0.97	1.2	0.1431	0.85	0	2.05	0.12	0.8626	0.48	0.12	2.77	1.69	1.69	0.72	0.3369	0	0.24	-0.0343	0.97	0.6	0.72	3.26	0.12	1.57	0.36	0.36	0.36	1.2	0.24	2.17	0.72	0.85	1.08	0	828	2.17	0.12	1.57	0.72	0.6	1.32	11.5	1.2	0.12	0.429	0.7128	-0.0282	5.36	21.98	
229	109428	0	0.38	0.2143	0.5	1.5	0.1295	0.63	0	2.87	0	0.8705	0	0.38	2.87	0.63	1.25	0.38	0.3048	0.13	0.38	0.0431	0.5	0.38	0.25	1.5	0	2.87	0.75	0.75	0.25	1.12	0.5	1	0.5	0.75	1	0.38	800	4	0.25	2.62	0.38	1.12	2.12	12	0.38	0.13	0.4477	0.7136	0.0576	5.52	21.08	
235	113253	0	0.12	0.1971	0.37	1.37	0.1399	0.62	0	1.62	0.12	0.8374	0.25	0.5	3.74	2.62	1.37	1.12	0.29	0	0.5	0.0577	0.37	0.62	0.37	2.37	0	2.12	0.62	1	0	0.87	0.25	1.12	0.25	0.37	1.37	0.5	801	1.74	0.12	1.87	1.74	1.24	1.74	12.2	1	0.12	0.4224	0.7147	-0.0473	4.99	21.16	
240	115839	0	0.25	0.2139	0.63	1.12	0.0614	0.13	0	2.12	0	0.8174	0	1.5	1.62	4.12	2.37	1	0.1944	0.13	0.38	0.154	0.75	1	0.5	0.75	0.13	3	0	0.63	0.25	0.38	0.5	1.62	0.13	0.25	0.63	0	800	3.25	0.25	2.62	0.88	1.12	1.5	15.1	0.25	0	0.4236	0.7234	-0.0602	4.46	19.8	
245	118258	0	0	0.1836	0.5	1.86	0.0247	0	0	2.85	0	0.7681	0.25	0.75	1.98	3.35	2.36	0.99	0.2655	0.12	0.37	0.0509	0.25	0.87	0.5	4.22	0.12	2.73	0.5	0.37	0.5	0.87	0.12	2.98	1.11	0.62	0.12	0.25	805	1.73	0.5	2.73	1.73	0.62	1.49	15.7	0.75	0	0.4268	0.684	-0.1028	4.44	19.87	
255	121297	0	0.5	0.2383	1.12	1.37	0.1113	0.38	0	2.12	0.13	0.7882	0	0.13	2	2	2.25	0.75	0.283	0.38	0	-0.0935	1	1.37	0.38	3.62	0.38	0.88	0.38	0.63	0.63	1.25	0.25	1.62	0.88	0.13	0.5	0.25	800	2.12	0.63	3.75	1.5	1.25	1.75	8.87	1.75	0	0.4341	0.6608	-0.0712	4.06	20.52	
260	122206	0	0.42	0.1861	2.95	1.68	0.029	0.42	0	2.1	0	0.6805	0	0	1.26	0.84	0.84	0	0.2485	0	0	-0.1973	0.84	0.42	0.42	3.79	0	0.84	0.84	0	0.84	1.26	0.42	5.06	1.68	0	0.84	0	237	5.06	0	3.37	0.42	0.84	0.84	5.06	0.42	0	0.3989	0.6106	-0.1114	2.51	19.67	
265	122987	0	0.71	0.2352	2.12	2.12	0.0674	0	0	0	0	0.5423	0.71	0	0.71	1.41	0.71	1.41	0.2096	0	0	-0.1588	0	1.41	0	1.41	0	0	0	0	0.71	1.41	0.71	0.71	0	0	0.71	0	141	2.12	1.41	4.96	0	0.71	0	4.25	0.71	0	0.2938	0.5693	-0.0529	1.71	19.22	
270	124057	0	2.08	0.0517	2.08	4.16	0.2203	0	0	2.08	0	0.4552	0	0	0	2.08	2.08	2.08	0.2612	2.08	2.08	-0.0698	0	0	0	0	0	0	4.16	2.08	0	0	0	2.08	0	0	2.08	0	48	4.16	0	0	2.08	0	0	4.16	0	0	0.2245	0.5199	-0.1012	1.71	20.09	
285	133885	0	0	0.2308	0.52	1.03	0.0592	0.17	0	2.4	0	0.8377	0.69	0.34	3.09	4.46	0.52	1.2	0.2274	0	1.03	0.1805	0.69	0.17	0.52	1.03	0.86	3.43	0.34	0.17	0	0.86	0	0.86	0.52	1.37	1.2	0.17	582	2.06	0.52	2.74	0.69	1.2	2.23	15.2	1.03	0	0.4404	0.7078	-0.042	4.65	19.45	
290	137228	0	0	0.2793	1.47	0.99	0.0255	0.49	0	1.47	0	0.7087	0	0	0.99	6.4	0	1.47	0.1301	0	0	0.2426	0.99	0.49	0	0.99	0.49	5.41	0.49	0	0	0	0	0	0.49	0	0.99	0	203	0.99	0.49	5.91	1.47	1.47	0.49	9.85	0.49	0	0.5008	0.5491	-0.0447	4.24	16.49	
305	157400	0	0.13	0.1478	0.5	0.13	0.0813	0.5	0	2.25	0	0.8609	0.13	0.63	2	4	0.88	0.75	0.2596	0.13	1	0.1129	0.25	0.88	0.38	2.12	0.38	4	0	0.75	0.38	0.88	0.25	1.12	0.5	2	1.5	0	800	1.87	0.63	0	0.25	0.5	2.5	14	0.75	0	0.5108	0.701	0.0042	5.9	19.67	
310	168000	0	0.13	0.2158	1.62	1.12	0.0593	0.38	0	2.87	0	0.8343	0	1.12	2.75	1.87	1	0.5	0.2938	0	0.63	0.0959	1	0.25	0.75	1.75	0	4.25	0.63	0.25	0.88	1.62	0	1.5	0.5	1.5	0.5	0.13	800	1.62	0.25	1.62	0.88	1.25	3.12	13.6	0.63	0	0.4716	0.6827	-0.0122	5.08	19.71	
315	178000	0	0.12	0.2138	0.74	1.35	0.0968	0.99	0	2.22	0.25	0.8475	0	0.62	2.71	3.58	0.99	1.11	0.2653	0.12	0.12	0.0814	0.62	0.37	1.11	2.96	0.37	3.82	0.37	0.12	0.25	0.99	0.12	1.11	0.37	0.99	0.62	0.25	810	2.34	0.25	1.85	0.86	0.99	2.71	11.8	0.49	0	0.5119	0.672	0.0414	5.6	19.34	
320	186400	0	0.25	0.2141	0.87	1.99	0.0946	0.5	0	1.74	0.37	0.8533	0.12	0.25	1.87	2.49	0.75	0.5	0.3498	0	0.37	0.0599	0.87	0.37	0.37	3.12	0.25	3.74	0.37	0.25	0.25	1.49	0.37	1.12	0.25	1.37	1.37	0.37	801	1.12	0	1.74	0.5	0.5	2.24	14.9	0.87	0	0.5013	0.6485	-0.0253	5.43	19.73	
325	192000	0	0.25	0.2075	1.75	1.5	0.0096	0.5	0	1.5	0	0.8234	0.5	0.5	2.75	6.01	1.5	0.5	0.2775	0.25	0.25	0.1124	0.75	0.75	0	0.75	0.25	1.75	0.25	1	0.25	1.75	0	1.25	1	1.5	0.5	0.25	399	1.25	0	2.5	1	0.75	1.5	13.7	1	0.25	0.4184	0.6988	-0.1652	4.56	19.65	
330	197000	0	0.5	0.2204	1.49	0.75	0.0793	0.12	0	1.37	0	0.865	0.12	0.75	2.74	2.49	1.24	1	0.2562	0.25	0.37	0.0905	1.87	0.62	0.37	1.62	0.12	2.49	0.37	0.62	0	0.75	0.37	1.37	0.75	0.5	0.37	0	802	2.49	0.12	2.49	1	0.5	1	14.4	1	0.25	0.3664	0.7732	-0.0646	4.24	21.68	
335	202000	0	0.5	0.1961	1.37	1	0.0856	0.13	0	1	0	0.802	0	0.75	1.25	3.87	2.37	1.5	0.1881	0	0.13	0.087	1	0.63	0.25	1.75	0	2.62	0.13	0.88	0	0.38	0.25	1.37	0.88	1.5	1.12	0.13	800	2.62	0.25	1.12	1.12	1.37	1.25	13.5	0.75	0	0.3822	0.7501	-0.0668	3.94	21.04	
340	207000	0	1.5	0.1828	0.75	0.88	0.0178	0.63	0	0.75	0	0.8669	1	1	1.62	2	1.87	0.38	0.2115	0.13	0.5	-0.0094	1.25	0.5	0.88	1.62	0	2	0.25	0.63	0	1.75	0.13	1.75	1.12	0.75	0.88	0.13	800	3.75	0.88	1.62	1.37	0.63	0.38	15.6	1.37	0.25	0.3315	0.8195	-0.0832	3.83	22.73	
345	212000	0	0.37	0.1501	1.11	1.36	0.1292	1.86	0	3.97	0	0.8336	0	0.62	1.36	2.97	2.6	0.62	0.2708	0	0.99	-0.0144	1.36	0.37	0.99	1.48	0	2.1	0	0.25	0	2.35	0.25	2.48	0.74	1.11	1.73	0	806	5.83	0.25	1.36	1.11	0.62	0.62	17.7	0.5	0.12	0.4359	0.7285	-0.0094	5.35	21.53	
355	222000	0	0	0.2125	1.86	0	0.0346	1.39	0	0.93	0	0.7535	0	0	3.25	6.04	1.39	0	0.1814	0	0	0.1654	0.47	0	0	5.58	0.47	5.11	0.93	0.47	0	0.47	0.47	0	0	1.39	0	0	215	2.79	0	2.32	0.47	0.47	0.93	10.2	0.47	0	0.5059	0.62	0.0807	4.94	18.14	
370	237000	0	0.51	0.1551	0.51	2.02	0.1582	0	0	1.01	0	0.5938	0.51	0	1.01	2.02	2.02	0	0.1647	0	0	0.0024	4.04	0	1.01	1.51	0	0	0	2.52	0	0	0	4.04	0	0	0	0	198	6.56	0.51	2.02	1.51	0	0	6.56	1.01	0	0.1459	0.7026	-0.0516	-999	-999	
375	240400	0	0.45	0.1946	0.68	0.9	0.0772	0.9	0	1.13	0	0.8542	0.23	0.45	2.26	0.23	0.68	1.35	0.2631	0.23	0.23	-0.0813	0.68	0.45	0.45	1.58	0.23	2.03	0.45	0.45	0.45	2.03	0.45	1.35	1.13	0.23	1.58	0	442	4.29	0.23	2.94	1.8	1.13	1.35	15.8	0	0	0.3867	0.7642	0.0309	5.04	22.33	
380	243400	0	0	0.2227	1.14	0.26	0.1382	0.13	0	0.51	0.13	0.8724	0.13	0.13	3.06	0.38	1.65	0.77	0.3721	0.13	0.51	0.0709	0.13	0.13	0.26	1.65	0.77	3.06	0.64	0.64	0.51	1.14	0.51	2.55	0.64	1.4	0.64	0	784	1.78	0.13	1.53	1.14	1.78	0.77	19	1.02	0	0.3461	0.735	0.013	4.71	22.87	
390	249400	0	0.17	0.2074	1	0.5	0.0538	0.5	0	1.33	0.17	0.8404	0.33	0.17	2.5	2.83	1.5	0.5	0.2095	0	0.67	0.0519	0.5	0.83	1	3.33	0.17	2.83	0.17	0.17	0.17	1.66	0.17	0.67	0.17	1.66	0.33	0.17	599	3.33	0.17	4	1.33	0.83	0.5	16	0.33	0	0.4408	0.7435	0.0271	5.35	20.55	
395	252400	0	0.33	0.2209	1.33	0.33	0.1227	0	0	0.67	0	0.8172	0.33	1.33	2.66	2.33	2.33	0	0.3561	0	0.33	0.1628	1	0.33	0.33	0.33	0.33	3	0.67	0	0	2	0.33	0.67	0.33	2.66	1.33	0	300	1.33	0	2.33	0.33	1.33	3	17.3	0	0	0.3826	0.6719	0.0466	4.16	21.04	
