Western Caribbean ODP 999A Mg/Ca and d18O Data and SST Reconstruction
-----------------------------------------------------------------------
               World Data Center for Paleoclimatology, Boulder
                                  and
                     NOAA Paleoclimatology Program
-----------------------------------------------------------------------
NOTE: PLEASE CITE CONTRIBUTORS WHEN USING THIS DATA!!!!!


NAME OF DATA SET: Western Caribbean ODP 999A Mg/Ca and d18O Data and SST Reconstruction
LAST UPDATE: 4/2006 (Original receipt by WDC Paleo)
CONTRIBUTOR: Matthew W. Schmidt, University of California Davis
IGBP PAGES/WDCA CONTRIBUTION SERIES NUMBER: 2006-038


SUGGESTED DATA CITATION: Schmidt, M.W., et al. 2006. 
Western Caribbean ODP 999A Mg/Ca and d18O Data and SST Reconstruction.
IGBP PAGES/World Data Center for Paleoclimatology 
Data Contribution Series # 2006-038.
NOAA/NCDC Paleoclimatology Program, Boulder CO, USA.


ORIGINAL REFERENCE: Schmidt, M.W., M.J. Vautravers, and H.J. Spero. 2006.
Western Caribbean sea surface temperatures during the late Quaternary.  
Geochemistry Geophysics Geosystems, vol. 7, no. 2, Q02P10.
doi:10.1029/2005GC000957.
 
ABSTRACT: 
Mg/Ca ratios in the planktonic foraminifera Globigerinoides ruber from 
Colombian Basin core ODP 999A suggest that Caribbean sea surface temperatures 
(SSTs) were from 2.1 to 2.7°C colder than the present during the last three 
glacial maximums. In comparison, faunal derived SSTs (SIMMAX method) show that 
August SSTs in the Caribbean varied <2°C over the past 360 kyr, whereas 
February SSTs varied between 21.0°C and 26.5°C. Changes in the Mg/Ca-SST record 
contain a strong 23 kyr periodicity, suggesting the Mg/Ca-SST record reflects 
a warm season weighted SST average rather than an annual mean SST. Combining 
several dissolution indices, we identify brief periods of decreased carbonate 
preservation in our record and show that MIS 11 stands out as the most intensive 
dissolution cycle in the Caribbean over the last 460 kyr. Comparison of Caribbean 
SST change with a similar estimate of tropical SST variability in the western 
Pacific over the past 360 kyr reveals shifts in the east-west tropical SST gradient 
that are coeval with glacial-interglacial climate change and consistent both with 
a southward migration of the glacial ITCZ and with a glacial El Niño-like mode of 
tropical circulation.


GEOGRAPHIC REGION: Western Caribbean, Colombian Basin 
PERIOD OF RECORD: 475 - 3 KYrBP


DESCRIPTION: 
Western Caribbbean SST's derived from OPD999A Globigerinoides ruber Mg/Ca d18O ratios.  
Caribbean sea surface temperatures (SSTs) were from 2.1 to 2.7°C colder than the present 
during the last three glacial maximums. In comparison, faunal derived SSTs (SIMMAX method) 
show that August SSTs in the Caribbean varied <2°C over the past 360 kyr, whereas February 
SSTs varied between 21.0°C and 26.5°C.  

Core ODP 999A:  12 deg. 45' N, 78 deg. 44' W, 2827m. depth.



DATA:
1. ODP 999A isotope, Mg/Ca, and SST data

 Depth       Age       d18Oc      Mg/Ca      SST(oC)
     1       3.52      -1.86      4.140      28.24
     4       3.86      -1.85      4.161      28.30
     6       4.08      -1.81      4.062      28.03
     9       4.41      -1.77      4.057      28.02
    11       4.63      -2.01      4.253      28.54
    13       4.86      -1.91      4.229      28.48
    16       5.19      -1.83      3.967      27.77
    21       5.75      -1.87      4.147      28.26
    26       6.78      -1.65      4.155      28.28
    31       7.82      -1.75      4.145      28.26
    38       9.28      -1.41      3.891      27.56
    43      10.32      -1.20      3.854      27.45
    48      11.65      -0.95      3.672      26.91
    53      12.96      -0.83      3.718      27.05
    56      13.75      -0.62      3.808      27.32
    61      15.07      -0.56      3.819      27.35
    66      16.38      -0.30      3.712      27.03
    71      17.26      -0.18      3.537      26.50
    76      18.14      -0.05      3.373      25.97
    81      19.01      -0.10      3.347      25.88
    86      19.89       0.02      3.509      26.41
    91      20.77      -0.26      3.225      25.47
    96      21.65       0.07      3.351      25.89
   101      22.25      -0.23      3.537      26.50
   106      23.31       0.03      3.458      26.24
   111      24.37      -0.08      3.495      26.36
   116      25.43      -0.17      3.334      25.84
   121      26.49      -0.32      3.409      26.09
   126      27.55      -0.31      3.700      27.00
   131      28.61      -0.37      3.594      26.67
   136      29.67      -0.33      3.471      26.29
   141      30.07      -0.39      3.415      26.10
   146      30.48      -0.30      3.500      26.38
   153      32.21      -0.51      3.576      26.62
   156      32.95      -0.37      3.480      26.31
   161      34.19      -0.61      3.638      26.81
   166      35.43      -0.63      3.526      26.46
   171      36.67      -0.64      3.542      26.51
   176      37.90      -0.64      3.225      25.47
   181      39.14      -0.56      3.571      26.60
   188      40.88      -0.52      3.335      25.84
   193      42.11      -0.69      3.429      26.15
   196      42.86      -0.62      3.204      25.40
   201      44.10      -0.66      3.209      25.41
   206      45.33      -0.75      3.315      25.77
   211      46.57      -0.65      3.409      26.09
   216      47.81      -0.72      3.456      26.24
   221      49.05      -0.71      3.444      26.20
   226      50.29      -0.69      3.470      26.28
   231      51.52      -0.70      3.259      25.59
   236      52.76      -0.76      3.620      26.75
   241      54.00      -0.85      3.447      26.21
   246      55.24      -0.93      3.560      26.57
   251      56.48      -0.74      3.463      26.26
   256      57.71      -0.47      3.470      26.28
   261      58.95      -0.52      3.401      26.06
   266      60.19      -0.54      3.529      26.47
   271      61.43      -0.58      3.568      26.59
   276      62.67      -0.55      3.752      27.15
   281      63.90      -0.44      3.765      27.19
   286      65.14      -0.43      3.892      27.56
   291      66.38      -0.37      3.727      27.08
   296      67.62      -0.79      3.756      27.16
   303      69.35      -0.69      3.689      26.96
   306      70.10      -0.87      3.686      26.95
   311      71.33      -0.89      3.620      26.75
   316      72.57      -1.10      3.632      26.79
   321      73.81      -1.19      3.440      26.18
   326      75.05      -1.24      3.807      27.31
   331      76.29      -1.16      3.570      26.60
   338      78.02      -1.15      3.348      25.88
   343      79.26      -1.16      3.350      25.89
   346      80.00      -1.32      3.365      25.94
   351      81.50      -1.35      3.514      26.42
   356      83.00      -1.27      3.581      26.63
   361      84.50      -1.45      3.498      26.37
   366      86.00      -1.15      3.635      26.80
   371      87.50      -1.23      3.710      27.03
   376      89.00      -0.90      3.839      27.41
   381      90.65      -1.09      3.698      26.99
   386      92.30      -1.08      3.496      26.37
   392      93.92      -1.25      3.487      26.34
   396      95.00      -1.24      3.634      26.80
   401      96.50      -1.34      3.683      26.94
   406      98.00      -1.37      3.666      26.89
   411      99.18      -1.34      3.594      26.67
   416     100.35      -1.35      3.931      27.67
   421     101.53      -1.31      3.614      26.73
   426     102.71      -1.32      3.938      27.69
   431     103.88      -1.35      3.554      26.55
   436     105.06      -1.33      3.662      26.88
   441     106.24      -1.10      3.477      26.31
   453     109.06      -1.29      3.406      26.08
   457     110.00      -1.14      3.584      26.64
   461     110.98      -1.31      3.409      26.09
   465     111.96      -1.34      3.601      26.70
   470     113.18      -1.33      3.477      26.31
   476     114.65      -1.53      3.593      26.67
   481     115.88      -1.70      3.722      27.06
   488     117.59      -1.85      3.931      27.67
   493     118.82      -1.96      3.746      27.13
   498     120.04      -1.88      4.053      28.01
   503     121.44      -1.74      4.107      28.15
   506     123.89      -2.07      4.453      29.05
   511     126.10      -1.83      4.311      28.69
   517     128.60      -1.68      4.655      29.55
   522     130.75      -1.76      4.516      29.21
   526     131.80      -1.51      4.397      28.91
   531     132.80      -0.89      3.884      27.53
   537     133.20      -0.55      4.014      27.90
   542     135.10      -0.54      3.813      27.33
   547     135.90      -0.24      3.319      25.79
   552     136.70      -0.58      3.518      26.43
   556     137.30      -0.18      3.318      25.79
   561     138.20      -0.13      3.264      25.60
   566     139.70      -0.27      3.391      26.03
   571     140.20      -0.47      3.643      26.82
   576     141.70      -0.61      3.475      26.30
   581     142.90      -0.56      3.616      26.74
   586     144.33      -0.40      3.808      27.32
   591     145.75      -0.30      3.925      27.65
   596     147.18      -0.61      4.011      27.89
   603     149.18      -0.57      3.845      27.42
   606     150.04      -0.56      4.070      28.06
   611     151.46      -0.44      3.703      27.01
   616     152.89      -0.58      3.850      27.44
   621     154.32      -0.53      3.592      26.67
   626     155.74      -0.86
   631     157.17      -0.78      3.550      26.54
   638     159.17      -0.71      3.624      26.77
   643     160.60      -0.65      3.506      26.40
   646     161.45      -0.73      3.656      26.86
   651     162.88      -0.53
   656     164.31      -0.68      3.572      26.61
   661     165.73      -0.75      3.501      26.38
   666     167.16      -0.78      3.198      25.38
   671     168.59      -0.88      3.222      25.46
   676     170.03      -0.76      3.535      26.49
   681     171.46      -0.74      3.416      26.11
   686     172.90      -0.83      3.426      26.14
   691     174.33      -0.78      3.617      26.74
   696     175.76      -0.80      3.729      27.08
   699     176.62      -0.81      3.447      26.21
   703     177.77      -0.75      3.326      25.81
   706     178.63      -0.77      3.522      26.45
   711     180.07      -0.65      3.606      26.71
   716     181.50      -0.55      3.182      25.32
   721     182.95      -0.81      3.665      26.89
   726     184.40      -0.82      3.588      26.65
   731     185.85      -1.22      3.475      26.30
   739     188.17      -1.23      3.602      26.70
   744     189.62      -1.33      3.327      25.81
   746     190.20      -1.25      3.301      25.73
   751     191.65      -1.36      3.494      26.36
   755     192.81      -1.22      3.419      26.12
   758     193.68      -1.28      3.206      25.40
   763     195.13      -1.25      3.145      25.19
   763     196.00      -1.77      3.686      26.95
   766     197.17      -1.48      4.108      28.16
   771     199.13      -1.40      4.299      28.66
   776     201.09      -1.43      3.866      27.48
   781     203.04      -1.23      3.330      25.83
   786     205.00      -1.14      3.454      26.23
   791     207.88      -1.18      3.575      26.62
   798     211.90      -1.42      3.342      25.87
   803     214.78      -1.26      3.609      26.72
   806     216.50      -1.31      3.615      26.74
   811     219.38      -1.40      3.894      27.56
   816     222.25      -1.46      3.872      27.50
   821     225.13      -1.36      4.060      28.03
   826     228.00      -0.80      3.519      26.44
   831     228.50      -0.96      3.629      26.78
   836     229.00      -1.04      3.584      26.64
   841     229.50      -0.97      3.375      25.97
   846     230.00      -1.17      3.227      25.48
   851     230.50      -1.16      3.491      26.35
   856     231.00      -1.05      3.490      26.35
   861     232.75      -1.27      3.361      25.93
   866     234.50      -1.34      3.291      25.70
   871     236.25      -1.31      3.229      25.48
   876     238.00      -1.52      3.228      25.48
   881     239.08      -1.41      3.272      25.63
   886     240.17      -1.47      3.185      25.33
   891     241.25      -1.31      3.490      26.35
   896     242.33      -1.02      3.798      27.29
   901     243.42      -1.08      4.258      28.56
   913     246.02      -0.60      3.679      26.93
   916     246.67      -0.61      3.928      27.66
   921     247.75      -0.67      3.606      26.71
   926     248.83      -0.66      3.277      25.65
   931     249.92      -0.33      3.432      26.16
   936     251.00      -0.24      3.598      26.68
   941     251.94      -0.46      3.290      25.69
   948     253.26      -0.72      3.699      26.99
   953     254.20      -0.71      3.435      26.17
   956     254.76      -0.63      3.356      25.91
   961     255.71      -0.44      3.488      26.34
   966     256.65      -0.51      3.499      26.38
   971     257.59      -0.85      3.302      25.73
   976     258.53      -0.66      3.452      26.23
   981     259.47      -0.78      3.364      25.94
   986     260.41      -0.66      3.383      26.00
   991     261.35      -0.58      3.315      25.77
   996     262.29      -0.57      3.481      26.32
  1001     263.24      -0.68      3.532      26.48
  1006     264.18      -0.68      3.566      26.59
  1011     265.12      -0.74      3.732      27.09
  1016     266.06      -0.44      3.333      25.84
  1021     267.00      -0.42      3.705      27.01
  1026     268.22      -0.48      3.808      27.32
  1031     269.44      -0.45      3.626      26.77
  1036     270.65      -0.70      3.785      27.25
  1041     271.87      -0.61      3.738      27.11
  1046     273.09      -0.73      3.986      27.82
  1051     274.31      -0.93      3.851      27.44
  1056     275.53      -0.67      3.937      27.69
  1063     277.23      -0.82      3.794      27.27
  1066     277.96      -0.71      3.531      26.48
  1071     279.18      -0.95      3.374      25.97
  1076     280.40      -1.04      3.463      26.26
  1081     281.62      -1.01      3.199      25.38
  1086     282.83      -0.96      3.327      25.82
  1091     284.05      -1.17      3.404      26.07
  1099     286.00      -1.26      3.502      26.38
  1104     287.28      -1.05      3.694      26.98
  1106     287.79      -1.05      3.699      26.99
  1111     289.06      -1.07      3.829      27.38
  1116     290.34      -0.89      3.599      26.69
  1121     291.62      -0.99      3.759      27.17
  1126     292.89      -0.96      3.486      26.33
  1131     294.17      -0.99      3.579      26.63
  1136     295.45      -0.90      3.251      25.56
  1141     296.72      -1.01      3.195      25.37
  1146     298.00      -0.93      3.288      25.69
  1152     299.25      -1.05      3.369      25.95
  1156     300.50      -1.24      3.301      25.73
  1161     301.75
  1166     303.01      -1.30      3.299      25.72
  1171     304.26
  1176     305.51      -1.23      3.466      26.27
  1181     306.76      -1.15      3.055      24.87
  1186     308.01      -1.33      3.309      25.75
  1191     309.26      -1.31      3.280      25.66
  1196     310.51      -1.18      3.300      25.72
  1201     311.77      -1.40      3.567      26.59
  1206     313.02      -1.40      3.415      26.11
  1215     315.27      -1.40      3.627      26.77
  1220     316.52      -1.38      3.702      27.00
  1226     318.02      -1.46      3.639      26.81
  1230     319.00      -1.30      3.517      26.43
  1236     321.00      -1.56      3.505      26.39
1240.5     322.50      -1.54      3.539      26.50
  1245     324.00      -1.63      3.655      26.86
  1248     325.00      -1.49      3.713      27.04
  1250     325.67      -1.76      3.714      27.04
  1258     328.33      -1.64      3.895      27.57
1261.5     329.50      -1.73      3.863      27.48
  1266     331.00      -1.63      3.985      27.82
  1270     331.96      -1.74      4.216      28.45
  1277     333.64      -1.63      4.015      27.90
  1281     334.60      -1.28      3.779      27.23
  1286     335.80      -0.92      3.844      27.42
  1290     336.76      -0.79      4.260      28.56
  1296     338.20      -0.85      3.798      27.29
1300.5     339.28      -0.49      4.020      27.92
  1306     340.60      -0.48      3.718      27.05
  1310     341.56      -0.32      3.844      27.42
  1316     343.00      -0.14      3.703      27.01
1320.5     344.02      -0.20      3.683      26.94
  1326     345.27      -0.37      3.549      26.53
  1330     346.17      -0.37      3.554      26.55
  1336     347.53      -0.46
  1340     348.44      -0.41      3.720      27.06
  1346     349.80      -0.53      3.555      26.55
  1350     350.71      -0.48      3.887      27.54
  1356     352.07      -0.27      4.082      28.09
  1361     353.20      -0.53      3.945      27.71
  1366     354.33      -0.48      3.869      27.49
1370.5     355.35      -0.38      3.661      26.88
  1376     356.60      -0.53      3.941      27.70
  1381     357.73      -0.39      3.974      27.79
  1386     358.87      -0.60      4.081      28.09
  1391     360.00      -0.77      3.772      27.21
  1396     361.81      -0.75      3.881      27.53
  1398     362.53                 3.590      26.66
  1401     363.62      -0.72      3.803      27.30
  1406     365.43      -0.78      3.707      27.02
  1411     367.24      -0.75      3.529      26.47
  1416     369.05      -0.87      3.411      26.09
1420.5     370.68      -1.03      3.392      26.03
  1426     372.67      -0.93
1430.5     374.30      -1.05      3.394      26.04
  1436     376.29      -0.96      3.359      25.92
1440.5     377.91      -1.02      3.426      26.14
  1446     379.90      -1.17
1450.5     381.53      -1.33      3.257      25.58
  1456     383.52      -1.11
1460.5     385.15      -1.11      3.302      25.73
  1466     387.14      -1.13      3.393      26.03
1470.5     388.77      -1.18      3.686      26.95
  1476     390.76      -1.30      3.288      25.69
1480.5     392.39      -1.06      3.534      26.49
  1486     394.38      -0.94      3.389      26.02
1490.5     396.01      -1.03      3.641      26.82
  1496     398.00      -1.08      3.620      26.75
  1500     399.45      -1.42      3.595      26.68
  1506     401.62      -1.48
  1516     405.24      -1.15      3.590      26.66
1520.5     406.87      -1.37      3.502      26.39
  1526     408.86      -1.53
  1530     410.30      -1.54      3.551      26.54
  1536     412.48      -1.58
1540.5     414.10      -1.53      3.422      26.13
  1548     416.82      -1.28
  1550     417.54      -1.22      3.452      26.22
  1556     419.71      -1.23      3.769      27.20
1560.5     421.34      -1.01      3.472      26.29
  1566     423.33      -1.10      3.731      27.09
1570.5     424.96      -0.90      3.693      26.97
  1576     426.95      -0.69      3.607      26.71
  1581     428.76      -0.83      3.621      26.76
  1586     430.57      -0.70      4.083      28.09
  1592     432.74      -0.33      3.884      27.54
  1596     434.19      -0.09      3.783      27.24
  1601     436.00      -0.18      3.750      27.14
  1606     437.61       0.06      3.542      26.51
  1610     438.90      -0.09      3.509      26.41
  1616     440.83      -0.06      3.758      27.17
  1621     442.44      -0.04      3.628      26.78
  1626     444.06       0.13      3.478      26.31
  1630     445.34      -0.14      3.702      27.00
  1636     447.28      -0.27      3.702      27.00
  1641     448.89      -0.10      3.573      26.61
  1646     450.50                 3.653      26.86
  1650     451.79      -0.18      3.805      27.31
  1656     453.72      -0.43      3.714      27.04
  1661     455.33      -0.52      3.648      26.84
  1666     456.94      -0.43      3.728      27.08
  1671     458.56      -0.44      3.591      26.66
  1676     460.17      -0.51      3.706      27.01
1681.5     461.94      -0.53      3.673      26.92
  1686     463.39      -0.54      3.734      27.10
  1691     465.00      -0.55
  1696     466.94      -0.34
  1706     468.88      -0.50
  1716     470.82      -0.46
  1722     472.76      -0.73
  1731     474.70      -0.89



2.  Faunal Temperature reconstruction

   Age   FebFaunalSST  AugFaunalSST
  3.86        25.5        27.2
  4.41        25.8        27.3
  4.63        26.4        27.7
  4.86        25.1        27.0
  5.75        25.6        27.4
  7.82        25.7        27.7
 10.32        25.5        27.9
 12.96        26.1        28.1
 15.07        25.4        27.9
 17.26        22.4        27.7
 19.01        21.2        27.6
 20.77        23.9        27.6
 22.25        25.5        28.0
 24.37        22.6        27.5
 26.49        22.1        27.1
 28.61        21.6        27.0
 30.07        24.7        27.9
 32.21        21.0        26.4
 36.67        24.0        27.8
 39.14        23.1        27.9
 42.11        24.5        28.2
 46.57        24.8        28.3
 49.05        24.0        28.3
 54.00        24.3        28.4
 56.48        25.2        28.2
 58.95        25.2        28.2
 61.43        25.4        27.9
 63.90        23.9        28.0
 66.38        21.9        27.0
 69.35        25.8        28.3
 71.33        25.4        28.4
 73.81        25.2        28.2
 76.29        24.8        28.0
 81.50        25.2        27.9
 84.50        24.5        28.2
 87.50        25.3        27.8
 90.65        24.7        28.2
 93.92        25.6        28.3
 96.50        25.4        27.9
 99.18        25.9        28.0
101.53        26.3        27.9
103.88        24.9        27.5
106.24        25.0        27.9
109.06        24.5        27.8
110.98        25.0        27.9
115.88        24.4        27.5
118.82        25.0        27.6
121.44        25.4        28.3
126.10        24.2        28.6
130.75        25.9        28.2
132.80        24.7        27.4
135.10        25.7        27.8
136.70        25.2        28.1
138.20        25.6        27.9
140.20        25.4        28.4
142.90        25.6        27.9
145.75        22.2        27.5
149.18        23.3        27.6
151.46        24.8        27.6
154.32        26.1        28.1
157.17        25.3        28.2
160.60        24.9        27.5
162.88        25.8        27.5
165.73        24.7        28.0
168.59        24.3        28.1
171.46        25.4        27.9
174.33        25.2        28.1
177.77        24.2        28.2
180.07        24.7        28.1
183.04        24.1        28.1
186.13        23.9        27.9
190.14        25.5        27.8
196.00        25.1        27.5
199.13        26.2        27.9
203.04        25.2        27.9
207.88        25.8        27.7
214.78        24.2        27.0
219.38        25.2        26.9
225.13        24.2        27.0
228.50        25.3        28.1
229.50        24.9        27.5
230.50        25.3        28.2
232.75        25.9        27.4
236.25        25.2        27.2
239.08        25.7        27.4
241.25        25.3        27.5
243.42        24.1        26.9
246.02        23.1        27.8
247.75        24.1        28.4
249.92        24.5        28.1
251.94        26.3        28.3
254.20        23.6        25.7
255.71        23.7        27.2
263.24        24.5        28.0
265.12        25.0        28.2
267.00        26.0        28.1
269.44        24.6        27.7
271.87        25.6        27.9
274.31        25.5        27.8
277.23        25.3        27.8
279.18        25.2        27.8
281.62        25.2        27.8
284.05        25.2        27.9
287.28        24.9        27.7
289.06        24.9        27.7
291.62        24.7        28.0
294.17        25.5        27.8
296.72        25.2        28.1
299.25        24.9        27.8
306.76        25.4        27.9
309.26        25.5        27.8
311.77        25.4        27.9
316.52        26.2        28.2
322.50        25.7        27.9
325.67        24.0        27.5
329.50        22.6        27.8
331.96        25.4        28.3
334.60        24.7        27.4
336.76        26.2        27.7
339.28        25.2        27.9
341.56        25.7        28.0
344.02        23.9        28.4



3. Percent fragments and Ruber
   Age      %Frag     %ruber
  3.86       4.1      39.4
  4.41       4.2      46.0
  4.63       3.9      46.8
  4.86       4.3      37.5
  5.75       3.3      36.4
  7.82       4.4      43.8
 10.32       5.9      50.7
 12.96       5.5      49.9
 15.07       5.3      50.5
 17.26       5.5      50.3
 19.01       7.5      40.0
 20.77       4.8      47.9
 22.57       4.4      52.8
 24.43       5.3      55.4
 26.28       4.8      49.2
 28.13       4.5      55.2
 29.99       6.1      45.0
 32.21       9.4      43.6
 34.19       7.1      30.8
 36.67       5.1      36.8
 39.14       6.9      40.1
 42.12       7.0      40.0
  44.1       7.4      35.2
 46.57       5.4      40.9
 49.05       7.4      40.6
 51.53       4.4      39.2
    54       4.9      43.1
 56.48       5.5      47.6
 58.95       6.2      41.3
 61.43       6.7      49.3
  63.9       5.2      52.5
 66.38       5.4      53.6
 69.54      10.3      49.9
 71.65       7.9      45.0
 74.28       7.4      42.6
 76.92      10.1      40.7
 82.19       8.3      36.0
 84.82      10.1      41.2
 87.46       8.3      48.6
 90.09       5.0      40.8
 92.73       5.3      41.3
 95.36       5.8      40.9
 97.99       6.0      48.7
100.63       5.6      45.6
103.26       3.4      43.5
 105.9       7.3      37.5
109.06       7.6      38.6
111.04       9.2      37.2
113.27      16.4      25.6
115.99      14.3      35.3
118.47      12.2      36.7
121.44       5.4      31.8
125.36       7.2      35.6
130.75       8.9      39.7
 132.6       5.7      50.6
134.87       5.1      51.6
136.93       5.6      33.1
138.78       4.5      43.7
140.84       3.7      41.8
 142.9       4.8      47.6
145.75       4.0      48.9
149.18       7.5      53.0
151.46       2.1      54.5
154.32       5.7      48.2
157.17       4.2      44.3
160.02       4.9      51.6
165.73       4.1      40.6
168.59       6.4      38.6
171.46       4.8      37.4
174.33       6.9      37.0
176.62       4.9      29.0
177.77       6.1      32.6
180.07       3.9      34.6
183.04       6.8      34.4
186.13       6.9      37.8
190.14       7.8      42.7
   196      12.4      35.4
199.13       6.2      44.3
203.04       4.9      44.8
207.88      16.0      45.2
214.78      16.7      32.8
219.38       9.7      30.3
225.13       6.9      37.3
 228.5       9.0      50.7
 229.5       9.0      39.7
 230.5      10.6      54.1
232.75      10.1      41.2
236.25      10.7      44.4
239.08      17.9      38.7
241.25       7.2      27.5
243.42       6.0      34.2
246.02       5.6      51.9
247.75       5.6      41.8
249.92       5.7      46.3
251.94       4.0      40.0
253.82       2.6      34.5
255.71       6.2      39.7
257.59       7.4      30.3
261.35       7.2      42.3
263.24       6.0      32.7
265.12       7.0      44.6
   267       6.9      46.1
269.44       6.1      47.6
271.87       5.9      53.6
274.31       7.7      43.5
277.23      12.7      41.4
279.18      13.0      34.7
281.62      15.1      29.1
284.05       9.6      30.7
287.28      12.7      40.4
289.06      10.9      43.3
291.62       9.8      44.6
294.17      12.4      38.3
296.72      18.1      37.5
 299.5      11.6      34.0
306.75      16.6      34.5
309.25      12.1      34.5
311.75      13.7      30.8
 316.5       7.0      41.5
322.33      14.0      32.5
325.67       8.6      34.5
 329.5      10.0      39.8
331.96      10.1      31.1
 334.6       6.6      31.2
336.76       4.6      39.1
339.16       3.0      48.1
341.56       3.6      43.2
343.91       2.9      40.8
346.17       4.8      35.1
348.44       3.7      45.3
350.71       4.0      50.1
 353.2       2.5      55.0
355.24       2.6      48.8
357.73       4.1      47.2
   360       3.6      44.5
363.62       6.7      41.3
367.24       8.8      36.2
 370.5      10.5      40.9
374.11       9.1      33.9
377.73       5.0      34.3
381.35      19.0      37.3
384.97      16.7      29.8
388.59      21.8      30.5
392.21      27.3      25.9
395.83      29.5      29.0
399.45      40.5      17.3
406.69      36.1      16.0
 410.3      28.7      24.1
413.92      17.8      30.3
417.54      18.9      33.0
421.16      10.8      28.1
424.78      10.4      23.6
428.76       6.8      29.9
432.02       4.7      45.7
   436       7.2      34.4
442.12       3.9      32.4
445.67       3.9      30.5
448.57       4.5      41.1
452.11       4.8      44.4
455.01       6.1      42.7
458.56       4.6      44.8
461.78       1.7      49.0

