# NOAA Paleoclimatology Program - Paleocean Site Data
# 1112-tab.txt
# Complete Data
# File Created: 18-Jan-2005
#
#*********************************************************************************
# Please cite the contributor and the original publications when using these data
#*********************************************************************************
#
# Missing Values indicated by '-999'
#
# PI:             Dirk Nuernberg
# Core/Site:      1112
# Latitude:       5.46.12S	( -5.77)
# Longitude:      10.44.42W	( -10.745)
# Water Depth(m): 3122
#
# Publications:
#   Nuernberg, D., A. Mueller, and R.R. Schneider. 2000. Paleo-sea surface temperature
#     calculations in the equatorial east Atlantic from Mg/Ca ratios in planktic foraminifera.
#     Paleoceanography 15(1):124-134.
#------------------
#
# Description & Notes:
#   Equatorial east Atlantic sea surface temperatures from Mg/Ca.
#   Relative standard deviation is < 1% for Mg and Ca, the relative error in terms
#   of SST is + 0.4°C
#
# Variables:
#             depth         Depth (cm)
#             yrBP          radiocarbon years B.P. (Libby half-life; B.P. = 1950)
#             Mg/Ca         Magnesium/Calcium ratio
#             sst           Sea Surface Temperature (C)
#
# CORE: 1112
depth	yrBP 	Mg/Ca	sst	
1	1000	3.56	26.1	
3	1708	3.65	26.4	
8	3519.6	3.58	26.2	
13	5340.4	3.78	26.9	
18	7142.8	3.53	26	
23	8954.4	3.84	27.1	
28	10766	3.65	26.4	
33	12574.5	3.78	26.9	
38	14383	3.68	-999	
38	14383	3.52	-999	
38	14383	-999	26.5	
38	14383	-999	25.9	
43	16191.5	3.5	25.9	
48	18000	2.85	23.2	
53	19958.3	3.22	24.8	
58	21916.7	2.93	23.5	
63	23875	3.11	24.3	
68	25833.3	3.24	24.8	
73	27791.7	2.96	23.7	
78	29750	2.9	23.4	
83	31708.3	3.18	24.6	
88	33666.7	3.1	24.3	
93	35625	3.1	24.3	
98	37583.3	3.2	24.7	
103	39541.7	3.21	24.7	
108	41500	3.44	25.6	
113	43458.3	3.37	25.4	
118	45416.7	3.35	25.3	
123	47375	3.12	24.3	
128	49333.3	3.18	24.6	
133	51291.7	3.27	25	
138	53250	3.24	24.8	
143	55208.3	3.47	25.8	
148	57166.7	3.53	26	
153	59125	3.27	25	
158	61083.3	3.61	26.3	
163	63041.7	3.29	25	
168	65000	3.16	24.5	
173	67750	3.03	24	
178	70500	3.38	25.4	
183	73250	3.29	25.1	
188	76000	3.15	24.5	
193	78750	3.36	25.3	
198	81500	3.26	24.9	
203	84250	3.32	25.2	
208	87000	3.36	25.3	
213	88909.1	3.41	25.5	
218	90818.2	3.29	25	
223	92727.3	3.49	25.8	
228	94636.4	3.75	26.8	
233	96545.4	3.43	25.6	
238	98454.6	3.74	26.7	
243	100363.6	3.63	26.3	
248	102272.7	3.6	26.2	
253	104181.8	3.39	25.4	
258	106090.9	3.17	24.6	
263	108000	3.59	26.2	
268	109687.5	3.67	26.5	
273	111375	3.53	26	
278	113062.5	3.41	25.5	
283	114750	3.47	25.7	
288	116437.5	3.57	26.1	
293	118125	3.79	-999	
293	118125	3.95	-999	
293	118125	-999	26.9	
293	118125	-999	27.4	
298	119812.5	3.9	27.3	
303	121500	3.99	27.6	
308	123187.5	3.83	27.1	
313	124875	3.64	26.4	
318	126562.5	3.81	27	
323	128250	3.76	26.8	
328	129937.5	3.73	26.7	
333	131625	3.58	26.1	
338	133312.5	3.49	25.8	
343	135000	3.14	24.4	
348	136454.5	3.13	24.4	
353	137909.1	3.23	24.8	
358	139363.6	3.2	-999	
358	139363.6	3.33	-999	
358	139363.6	-999	24.7	
358	139363.6	-999	25.2	
363	140818.2	3.59	26.2	
368	142272.7	3.59	26.2	
373	143727.3	3.3	25.1	
378	145181.8	3.43	25.6	
383	146636.4	3.42	25.5	
388	148090.9	3.51	25.9	
393	149545.5	3.56	26.1	
398	151000	3.35	25.3	
403	153285.7	3.2	24.7	
408	155571.4	3.2	24.7	
413	157857.1	3.18	24.6	
418	160142.9	3.35	25.3	
423	162428.6	3.13	-999	
423	162428.6	3.24	-999	
423	162428.6	-999	24.4	
423	162428.6	-999	24.8	
428	164714.3	3.39	25.4	
433	167000	3.61	26.3	
438	169285.7	3.29	25	
443	171571.4	3.47	25.8	
448	173857.1	3.56	26.1	
453	176142.9	3.58	26.1	
458	178428.6	3.22	24.8	
463	180714.3	3	23.8	
468	183000	3.06	24.1	
473	185368.4	3.25	24.9	
478	187736.8	3.34	25.2	
483	190105.3	3.21	24.7	
488	192473.7	3.27	25	
493	194842.1	3.22	24.8	
498	197210.5	3.44	25.6	
503	199579	3.56	26.1	
508	201947.4	3.57	26.1	
513	204315.8	3.39	25.4	
518	206684.2	3.35	25.3	
523	209052.6	3.44	25.6	
528	211421.1	3.51	25.9	
533	213789.5	3.39	25.5	
538	216157.9	3.8	26.9	
543	218526.3	3.7	26.6	
548	220894.7	3.87	27.2	
553	223263.2	3.59	26.2	
558	225631.6	3.44	25.6	
563	228000	3.33	25.2	
568	229400	3.48	25.8	
573	230800	3.03	-999	
573	230800	3.16	-999	
573	230800	-999	24	
573	230800	-999	24.5	
578	232200	3.24	24.8	
583	233600	3.19	24.6	
588	235000	3.26	24.9	
593	236400	3.49	25.8	
598	237800	3.6	26.2	
603	239200	4.38	28.8	
608	240600	3.73	26.7	
613	242000	3.71	26.6	
618	243400	3.4	25.5	
623	244800	3.46	25.7	
628	246200	3.48	25.8	
633	247600	3.36	25.3	
638	249000	3.59	26.2	
643	251200	3.55	26	
648	253400	3.4	25.5	
653	255600	3.49	25.8	
658	257800	3.38	25.4	
663	260000	3.5	-999	
663	260000	3.54	26	
663	260000	-999	25.9	
668	262200	3.5	25.8	
673	264400	3.22	24.8	
678	266600	3.26	24.9	
683	268800	2.92	23.5	
688	271000	3.15	24.5	
