# Holocene and Last Interglacial Regional SST Stacks and Western Pacific Mg/Ca SST Data																					
#-----------------------------------------------------------------------																					
"#               World Data Service for Paleoclimatology, Boulder"																					
#                                   and																					
#                      NOAA Paleoclimatology Program																					
#-----------------------------------------------------------------------																					
# Template Version 3.0																					
# Encoding: UTF-8																					
"# NOTE: Please cite original publication, online resource and date accessed when using this data."																					
"# If there is no publication information, please cite Investigator, title, online resource and date accessed."																					
#																					
# Description/Documentation lines begin with #																					
# Data lines have no #																					
#																					
# Online_Resource: https://www.ncdc.noaa.gov/paleo/study/31752																					
#      Description: NOAA Landing Page																					
# Online_Resource: https://www.ncei.noaa.gov/pub/data/paleo/contributions_by_author/bova2020/bova2020-u1485-sst.txt																					
#      Description: NOAA location of the template																					
#																					
#																					
# Data_Type: Paleoceanography																					
#																					
# Dataset_DOI:																					
#																					
"# Parameter_Keywords: trace metals in carbonates, age control, geochemistry"																					
#---------------------------------------																					
# Contribution_Date																					
#    Date: 2020-11-04																					
#---------------------------------------																					
# File_Last_Modified_Date																					
#    Date: 2020-11-04																					
#---------------------------------------																					
# Title																					
#    Study_Name: Holocene and Last Interglacial Regional SST Stacks and Western Pacific Mg/Ca SST Data																					
#---------------------------------------																					
# Investigators																					
"#      Investigators: Bova, S.; Rosenthal, Y.; Liu, Z.; Godad, S.; Yan, M."																					
#---------------------------------------																					
# Description_Notes_and_Keywords																					
#        Description: 																					
"#         Provided Keywords: Holocene, last interglacial, Western Pacific Warm  Pool"																					
#---------------------------------------																					
# Publication																					
"# Authors: Bova, S.; Rosenthal, Y.; Liu, Z.; Godad, S.; Yan, M."																					
# Published_Date_or_Year: 2020																					
# Published_Title: Seasonal origin for the Holocene and last interglacial thermal maxima 																					
# Journal_Name:																					
# Volume: in review																					
# Edition: 																					
# Issue: 																					
# Pages: 																					
# Report_Number: 																					
# DOI: 																					
# Online_Resource: 																					
# Full_Citation: 																					
# Abstract: 																					
#---------------------------------------																					
# Funding_Agency																					
#    Funding_Agency_Name: National Science Foundation																					
#    Grant: OCE-1834208																					
#---------------------------------------																					
# Funding_Agency																					
#    Funding_Agency_Name: US Science Support Program International Ocean Discovery Program (USSSP IODP)																					
#    Grant: 																					
#---------------------------------------																					
# Site_Information																					
# Site_Name: IODP U1485																					
# Location: Western Pacific Ocean																					
# Northernmost_Latitude: -3.1																					
# Southernmost_Latitude: -3.1																					
# Easternmost_Longitude: 142.7																					
# Westernmost_Longitude: 142.7																					
# Elevation: -1145																					
#---------------------------------------																					
# Data_Collection																					
#   Collection_Name: IODP U1485 SST Bova2020																					
#   First_Year: 137423																					
#   Last_Year: 105																					
#   Time_Unit: cal yr BP																					
#   Core_Length: 373.347																					
"#   Notes: sampled along splice, depth core composite depth below seafloor (CCSF-A)"																					
#---------------------------------------																					
# Chronology_Information 																					
# Chronology: 																					
# 																					
# Labcode 	sample identification used by 14C laboratory 																				
# Site	IODP site number																				
# Hole	hole																				
# Core	core																				
# Section	section																				
# depth_top	Depth top of sample interval (cm)																				
# depth_bottom	Depth bottom of sample interval (cm)																				
# CCSF-A	Core composite depth below seafloor (m)																				
# mat.dated 	Material Dated																				
# 14C.raw	"conventional radiocarbon age, years before 1950AD  "																				
# 14C.raw_err 	"radiocarbon age, standard error "																				
# datemeth  	Dating method																				
# reservoir 	Reservoir correction																				
# delta-R 	Deviation from global mean reservoir correction																				
# delta-R_err_lo   	"delta-R , 2-sigma lower confidence bound   "																				
# delta-R_err_up 	"delta-R, 2-sigma lower confidence bound   "																				
# calib.14C  	Calibrated age																				
# calib.14C_2sig_lo	"Calibrated age, 2-sigma lower confidence bound   "																				
# calib.14C_2sig_up	"Calibrated age, 2-sigma upper confidence bound "																				
# calib_method 	Calibration method																				
# rejected 	Rejected sample  (yes/no)																				
# notes	Notes																				
# 																					
# Labcode	Site	Hole	Core	Section	depth_top	depth_bottom	CCSF-A	mat.dated	14C.raw	14C.raw_err	datemeth	reservoir	delta-R	delta-R_err_lo	delta-R_err_up	calib.14C  	calib.14C_2sig_lo	calib.14C_2sig_up	calib_method            	rejected 	notes
# 203517	U1485	D	1H	1W	30	32	0.31	G. ruber (>150 mm)	760	15	14C AMS	IntCal13	373.7324352	305.3398794	442.1249909	418	65.8	644.1	Bchron	no	NaN  
# 207905	U1485	D	1H	2W	50	52	2.01	G. ruber (>150 mm)	2995	25	14C AMS	IntCal13	367.7066666	304.6156413	430.7976919	2758	2415.9	3091.2	Bchron	no	NaN  
# 203518	U1485	D	1H	3W	60	62	3.61	G. ruber (>150 mm)	5140	20	14C AMS	IntCal13	385.1962528	303.754812	466.6376937	5489	5048.925	5873.175	Bchron	no	NaN  
# 207906	U1485	B	2H	2W	140	142	5.09	G. ruber (>150 mm)	7945	20	14C AMS	IntCal13	418.0457534	324.2731277	511.8183792	8282	7958.875	8714.1	Bchron	no	NaN  
# 203519	U1485	B	2H	3W	110	112	6.29	G. ruber (>150 mm)	7355	20	14C AMS	IntCal13	454.3427239	356.3105306	552.3749172	NaN  NaN	NaN	NaN	yes	NaN	
# 207913	U1485	B	2H	4W	32	34	7.01	G. ruber (>150 mm)	10260	25	14C AMS	IntCal13	479.5572165	381.1446217	577.9698113	11254	10748.9	11806.1	Bchron	no	NaN  
# 207907	U1485	B	2H	4W	100	102	7.685653	G. ruber (>150 mm)	11255	25	14C AMS	IntCal13	505.359752	407.764785	602.954719	12556	11983.975	12942	Bchron	no	NaN  
# 203520	U1485	B	2H	5W	61	63	8.71	G. ruber (>150 mm)	12570	30	14C AMS	IntCal13	547.0459561	452.1349673	641.9569449	13826.5	13478.975	14202.175	Bchron	no	NaN  
# 207908	U1485	B	2H	6W	8	10	9.59	G. ruber (>150 mm)	13110	60	14C AMS	IntCal13	585.2282227	493.240658	677.2157873	14770	14234.975	15216.05	Bchron	no	NaN  
# 203521	U1485	B	2H	6W	100	102	10.51	G. ruber (>150 mm)	13645	30	14C AMS	IntCal13	626.6301254	537.3848913	715.8753596	15751	15307.975	16143.05	Bchron	no	NaN  
# 207909	U1485	D	2H	4W	100	102	11.19	G. ruber (>150 mm)	14625	35	14C AMS	IntCal13	657.7949613	569.8644942	745.7254284	16805	16392.95	17258.025	Bchron	no	NaN  
# 203523	U1485	D	2H	5W	40	42	12.01	G. ruber (>150 mm)	15360	40	14C AMS	IntCal13	695.558971	607.9638491	783.154093	17787	17426.975	18124.3	Bchron	no	NaN  
# 203525	U1485	D	2H	6W	30	32	13.33	G. ruber (>150 mm)	16415	45	14C AMS	IntCal13	755.5546189	665.0811086	846.0281291	18944	18627	19312.25	Bchron	no	NaN  
# 207914	U1485	B	3H 	2W	85	87	14.014145	G. ruber (>150 mm)	17070	60	14C AMS	IntCal13	785.4935592	691.9721188	879.0149996	19704	19307.875	20055.05	Bchron	no	NaN  
# 203526	U1485	B	3H 	3W	38	40	15	G. ruber (>150 mm)	18070	60	14C AMS	IntCal13	827.1503725	727.7803929	926.5203522	20837	20420.975	21268.075	Bchron	no	NaN  
# 203527	U1485	B	3H 	4W	113	115	17.24	G. ruber (>150 mm)	20340	70	14C AMS	IntCal13	908.6391484	793.6134087	1023.664888	23338	22837.925	23805.025	Bchron	no	NaN  
# 203528	U1485	B	3H 	5W	131	133	18.94	G. ruber (>150 mm)	21880	80	14C AMS	IntCal13	953.6286789	827.5337249	1079.723633	25235	24591.9	25676.1	Bchron	no	NaN  
# 207910	U1485	B	3H 	7W	90	92	21.4	G. ruber (>150 mm)	24850	110	14C AMS	IntCal13	982.9883887	839.6196976	1126.35708	27949.5	27539.925	28463.05	Bchron	no	NaN  
# 207911	U1485	D	3H 	5W	103	105	24.05	G. ruber (>150 mm)	27590	140	14C AMS	IntCal13	953.2516384	763.7739276	1142.729349	30826.5	30154.925	31234	Bchron	no	NaN  
# 207912	U1485	B	4H	3W	90	92	27.45	G. ruber (>150 mm)	31350	260	14C AMS	IntCal13	795.1806606	440.4346156	1149.926706	34695.5	33560.675	35982.225	Bchron	no	NaN  
# 203536	U1485	D	1H	1W	30	32	0.31	wood fragments	390	20	14C AMS	IntCal13	N/A	N/A	N/A	N/A	N/A	N/A	N/A	no	NaN  
# 207924	U1485	D	1H	2W	50	52	2.01	wood fragments	3295	25	14C AMS	IntCal13	N/A	N/A	N/A	N/A	N/A	N/A	N/A	yes	NaN  
# 203537	U1485	D	1H	3W	60	62	3.61	wood fragments	4730	60	14C AMS	IntCal13	N/A	N/A	N/A	N/A	N/A	N/A	N/A	no	NaN  
# 214844	U1485	B	2H	2W	140	142	5.09	wood fragments	7910	220	14C AMS	IntCal13	N/A	N/A	N/A	N/A	N/A	N/A	N/A	yes	NaN  
# 203538	U1485	B	2H	3W	110	112	6.29	wood fragments	9550	60	14C AMS	IntCal13	N/A	N/A	N/A	N/A	N/A	N/A	N/A	yes	NaN  
# 214845	U1485	B	2H	4W	32	34	7.01	wood fragments	10970	440	14C AMS	IntCal13	N/A	N/A	N/A	N/A	N/A	N/A	N/A	yes	NaN  
# 214846	U1485	B	2H	4W	100	102	7.685653	wood fragments	11270	450	14C AMS	IntCal13	N/A	N/A	N/A	N/A	N/A	N/A	N/A	yes	NaN  
# 214847	U1485	B	2H	5W	61	63	8.71	wood fragments	12070	100	14C AMS	IntCal13	N/A	N/A	N/A	N/A	N/A	N/A	N/A	no	NaN  
# 214848	U1485	B	2H	6W	8	10	9.59	wood fragments	13120	30	14C AMS	IntCal13	N/A	N/A	N/A	N/A	N/A	N/A	N/A	yes	NaN  
# 203539	U1485	B	2H	6W	100	102	10.51	wood fragments	13570	110	14C AMS	IntCal13	N/A	N/A	N/A	N/A	N/A	N/A	N/A	yes	NaN  
# 203540	U1485	D	2H	5W	40	42	12.01	wood fragments	15870	40	14C AMS	IntCal13	N/A	N/A	N/A	N/A	N/A	N/A	N/A	yes	NaN  
# 214849	U1485	D	2H	6W	30	32	13.33	wood fragments	15520	880	14C AMS	IntCal13	N/A	N/A	N/A	N/A	N/A	N/A	N/A	no	NaN  
# 214850	U1485	B	3H 	2W	85	87	14.014145	wood fragments	16820	190	14C AMS	IntCal13	N/A	N/A	N/A	N/A	N/A	N/A	N/A	yes	NaN  
# 203541	U1485	B	3H 	3W	38	40	15	wood fragments	17235	50	14C AMS	IntCal13	N/A	N/A	N/A	N/A	N/A	N/A	N/A	no	NaN  
# 203542	U1485	B	3H 	4W	113	115	17.24	wood fragments	20640	270	14C AMS	IntCal13	N/A	N/A	N/A	N/A	N/A	N/A	N/A	yes	NaN  
# 214851	U1485	B	3H 	5W	131	133	18.94	wood fragments	21600	1100	14C AMS	IntCal13	N/A	N/A	N/A	N/A	N/A	N/A	N/A	yes	NaN  
# 207922	U1485	B	3H 	7W	90	92	21.4	wood fragments	23880	200	14C AMS	IntCal13	N/A	N/A	N/A	N/A	N/A	N/A	N/A	no	NaN  
# 207923	U1485	D	3H 	5W	103	105	24.05	wood fragments	27800	970	14C AMS	IntCal13	N/A	N/A	N/A	N/A	N/A	N/A	N/A	yes	NaN  
# 214852	U1485	B	4H	3W	90	92	27.45	wood fragments	30550	760	14C AMS	IntCal13	N/A	N/A	N/A	N/A	N/A	N/A	N/A	no	NaN  
# NA	NaN	NaN	NaN	NaN	86.54	NaN	NaN	benthic d18O	NaN	NaN	NaN	NaN	NaN	NaN	NaN	104.45	NaN	NaN	"correlation to MD95-2042 (Shackleton et al., 2000)"	NaN	NaN
# NA	NaN	NaN	NaN	NaN	88.01	NaN	NaN	benthic d18O	NaN	NaN	NaN	NaN	NaN	NaN	NaN	106.67	NaN	NaN	"correlation to MD95-2042 (Shackleton et al., 2000)"	NaN	NaN
# NA	NaN	NaN	NaN	NaN	92.04	NaN	NaN	benthic d18O	NaN	NaN	NaN	NaN	NaN	NaN	NaN	115.35	NaN	NaN	"correlation to MD95-2042 (Shackleton et al., 2000)"	NaN	NaN
# NA	NaN	NaN	NaN	NaN	94.33	NaN	NaN	benthic d18O	NaN	NaN	NaN	NaN	NaN	NaN	NaN	119.35	NaN	NaN	"correlation to MD95-2042 (Shackleton et al., 2000)"	NaN	NaN
# NA	NaN	NaN	NaN	NaN	96.29	NaN	NaN	benthic d18O	NaN	NaN	NaN	NaN	NaN	NaN	NaN	124.86	NaN	NaN	correlation to Lisiecki et al. 2005 	NaN	NaN
# NA	NaN	NaN	NaN	NaN	99.7	NaN	NaN	benthic d18O	NaN	NaN	NaN	NaN	NaN	NaN	NaN	132.3	NaN	NaN	"correlation to MD95-2042 (Shackleton et al., 2000)"	NaN	NaN
# NA	NaN	NaN	NaN	NaN	104.17	NaN	NaN	benthic d18O	NaN	NaN	NaN	NaN	NaN	NaN	NaN	137.73	NaN	NaN	"correlation to MD95-2042 (Shackleton et al., 2000)"	NaN	NaN
# NA	NaN	NaN	NaN	NaN	105.73	NaN	NaN	benthic d18O	NaN	NaN	NaN	NaN	NaN	NaN	NaN	139.73	NaN	NaN	"correlation to MD95-2042 (Shackleton et al., 2000)"	NaN	NaN
# 																					
#---------------------------------------																					
# Variables																					
"# Data variables follow that are preceded by ""##"" in columns one and two."																					
"# Variables list, one per line, shortname-tab-longname components (9 components: what, material, error, units, seasonality, archive, detail, method, C or N for Character or Numeric data)"																					
## depth_m	"depth,,,meter,,Paleoceanography; Climate Reconstructions,,,N,"																				
## age_BP	"age,,,calendar kiloyear before present,,Paleoceanography; Climate Reconstructions,,,N,"																				
## mgca_ruber	"magnesium/calcium,Globigerinoides ruber sensu stricto,,millimole per mole,,Paleoceanography,,inductively-coupled plasma mass spectrometry,N,212-300 mm"																				
## sstsn_bay	"sea surface temperature,magnesium/calcium,,degree Celsius,Aug,Paleoceanography; Climate Reconstructions,,,N,using BAYMAG calibration"																				
## sstsn_anom_bay	"sea surface temperature,magnesium/calcium,,degree Celsius,Aug,Paleoceanography; Climate Reconstructions,anomalized,,N,referenced to coretop value; using BAYMAG calibration"																				
## sstsn_anand	"sea surface temperature,magnesium/calcium,,degree Celsius,Aug,Paleoceanography; Climate Reconstructions,,,N,using Anand calibration"																				
## sstsn_anom_anand	"sea surface temperature,magnesium/calcium,,degree Celsius,Aug,Paleoceanography; Climate Reconstructions,anomalized,,N,referenced to coretop value; using Anand calibration"																				
## sstsn_anom_ave	"sea surface temperature,magnesium/calcium,,degree Celsius,Aug,Paleoceanography; Climate Reconstructions,anomalized;averaged,,N,referenced to coretop value; average of results from BAYMAG and Anand calibrations"																				
## sstsn_anom_ave_err	"sea surface temperature,magnesium/calcium,one standard error,degree Celsius,Aug,Paleoceanography; Climate Reconstructions,anomalized,,N,referenced to coretop value; standard error of results from BAYMAG and Anand calibrations"																				
## masst_anom	"sea surface temperature,magnesium/calcium,,degree Celsius,annual,Paleoceanography; Climate Reconstructions,anomalized,,N,SAT (https://github.com/sambova/SAT); referenced to coretop value"																				
## masst_anom_err	"sea surface temperature,magnesium/calcium,one standard error,degree Celsius,annual,Paleoceanography; Climate Reconstructions,anomalized,,N,SAT (https://github.com/sambova/SAT); referenced to coretop value"																				
## sst_method_avg	"Manually edited: sst value (not anomaly) averaged between the two calibration methods. Calculated as the average of sstsn_bay's coretop value and sstsn_anand's coretop value, plus sstsn_anom_ave."																				
## sst_method_avg_+2sd	Manually edited: sst_method_avg plus two times sstsn_anom_ave_err																				
## sst_method_avg_+2sd	Manually edited: sst_method_avg minus two times sstsn_anom_ave_err																				
#------------------------																					
# Data:																					
# Data lines follow (have no #)																					
"# Data line format - tab-delimited text, variable short name as header"																					
# Missing_Values: 																					
depth_m	age_BP	mgca_ruber	sstsn_bay	sstsn_anom_bay	sstsn_anand	sstsn_anom_anand	sstsn_anom_ave	sstsn_anom_ave_err	masst_anom	masst_anom_err	sst_method_avg	sst_method_avg_+2sd	sst_method_avg_-2sd								
0.01	0.105	4.97	30.9	0	29.62	0	0	0	0	0	30.26	30.26	30.26								
0.11	0.199	5.04	31.21	0.32	29.78	0.15	0.23	0.08	0.23	0.08	30.49	30.65	30.33								
0.41	0.604	4.98	30.99	0.1	29.64	0.02	0.06	0.04	0.03	0.04	30.32	30.4	30.24								
0.51	0.747	4.94	30.77	-0.12	29.55	-0.08	-0.1	0.02	-0.13	0.02	30.16	30.2	30.12								
0.61	0.871	5.07	31.22	0.32	29.84	0.22	0.27	0.05	0.24	0.05	30.53	30.63	30.43								
0.71	0.996	4.89	30.75	-0.15	29.45	-0.18	-0.16	0.01	-0.2	0.01	30.1	30.12	30.08								
0.81	1.129	5.12	31.46	0.56	29.96	0.33	0.45	0.11	0.4	0.11	30.71	30.93	30.49								
0.91	1.259	5.17	31.61	0.71	30.06	0.44	0.57	0.14	0.52	0.14	30.83	31.11	30.55								
1.01	1.382	5.17	31.64	0.74	30.07	0.44	0.59	0.15	0.52	0.15	30.85	31.15	30.55								
1.11	1.505	5.02	31.09	0.2	29.73	0.1	0.15	0.05	0.07	0.05	30.41	30.51	30.31								
1.31	1.78	4.93	30.91	0.01	29.54	-0.09	-0.04	0.05	-0.13	0.05	30.22	30.32	30.12								
1.41	1.919	5.09	31.4	0.5	29.89	0.26	0.38	0.12	0.28	0.12	30.64	30.88	30.4								
1.51	2.038	4.91	30.82	-0.08	29.49	-0.13	-0.1	0.03	-0.22	0.03	30.16	30.22	30.1								
1.71	2.287	5.02	31.19	0.3	29.73	0.11	0.2	0.09	0.07	0.1	30.46	30.64	30.28								
1.81	2.429	4.9	30.77	-0.13	29.46	-0.17	-0.15	0.02	-0.3	0.02	30.11	30.15	30.07								
1.91	2.56	4.86	30.63	-0.27	29.38	-0.25	-0.26	0.01	-0.42	0.02	30	30.02	29.98								
2.01	2.761	4.93	30.81	-0.09	29.53	-0.1	-0.09	0.01	-0.27	0.02	30.17	30.19	30.15								
2.11	2.967	5.15	31.59	0.69	30.02	0.4	0.54	0.15	0.35	0.15	30.8	31.1	30.5								
2.21	3.142	5.21	31.74	0.84	30.16	0.53	0.69	0.15	0.47	0.15	30.95	31.25	30.65								
2.31	3.303	4.77	30.41	-0.48	29.17	-0.45	-0.47	0.02	-0.7	0.02	29.79	29.83	29.75								
2.41	3.462	4.83	30.55	-0.35	29.3	-0.33	-0.34	0.01	-0.58	0.02	29.92	29.94	29.9								
2.51	3.601	4.94	30.91	0.02	29.57	-0.06	-0.02	0.04	-0.28	0.04	30.24	30.32	30.16								
2.61	3.769	5.02	31.21	0.31	29.73	0.1	0.21	0.1	-0.07	0.11	30.47	30.67	30.27								
2.71	3.931	4.91	30.77	-0.13	29.49	-0.14	-0.13	0.01	-0.43	0.02	30.13	30.15	30.11								
2.81	4.092	5.19	31.71	0.81	30.1	0.48	0.65	0.17	0.33	0.17	30.91	31.25	30.57								
2.91	4.258	5.24	31.88	0.99	30.22	0.59	0.79	0.2	0.46	0.2	31.05	31.45	30.65								
3.01	4.429	5.18	31.69	0.8	30.08	0.46	0.63	0.17	0.28	0.17	30.89	31.23	30.55								
3.11	4.611	4.86	30.74	-0.16	29.37	-0.25	-0.2	0.05	-0.57	0.05	30.06	30.16	29.96								
3.21	4.773	4.85	30.69	-0.21	29.35	-0.28	-0.24	0.03	-0.63	0.04	30.02	30.08	29.96								
3.41	5.088	5.16	31.7	0.8	30.05	0.43	0.62	0.19	0.2	0.19	30.88	31.26	30.5								
3.73	5.761	5.19	31.81	0.92	30.11	0.49	0.7	0.22	0.22	0.22	30.96	31.4	30.52								
3.81	5.906	5.4	32.45	1.56	30.54	0.91	1.24	0.32	0.74	0.32	31.5	32.14	30.86								
3.89	6.045	4.86	30.8	-0.1	29.38	-0.24	-0.17	0.07	-0.69	0.08	30.09	30.23	29.95								
4.21	6.637	4.92	31.02	0.13	29.51	-0.12	0	0.12	-0.56	0.12	30.26	30.5	30.02								
4.41	7.016	5.11	31.7	0.81	29.94	0.32	0.56	0.24	-0.03	0.24	30.82	31.3	30.34								
4.51	7.192	4.91	30.98	0.09	29.49	-0.13	-0.02	0.11	-0.62	0.11	30.24	30.46	30.02								
4.61	7.371	4.94	31.07	0.17	29.57	-0.06	0.06	0.12	-0.55	0.12	30.32	30.56	30.08								
4.71	7.524	4.86	30.86	-0.03	29.38	-0.25	-0.14	0.11	-0.76	0.11	30.12	30.34	29.9								
4.79	7.677	5.13	31.68	0.78	29.97	0.35	0.57	0.22	-0.06	0.22	30.83	31.27	30.39								
4.81	7.724	4.99	31.27	0.38	29.68	0.05	0.22	0.16	-0.41	0.16	30.48	30.8	30.16								
4.89	7.859	4.99	31.25	0.35	29.67	0.04	0.2	0.15	-0.44	0.16	30.46	30.76	30.16								
4.91	7.902	5.13	31.7	0.8	29.97	0.35	0.58	0.23	-0.06	0.23	30.84	31.3	30.38								
4.99	8.022	5.11	31.62	0.72	29.94	0.31	0.52	0.21	-0.13	0.21	30.78	31.2	30.36								
5.09	8.259	5.15	31.72	0.83	30.02	0.39	0.61	0.22	-0.04	0.22	30.87	31.31	30.43								
5.19	8.487	5.25	32.03	1.13	30.24	0.61	0.87	0.26	0.22	0.26	31.13	31.65	30.61								
5.31	8.672	4.95	31.05	0.15	29.59	-0.03	0.06	0.09	-0.6	0.09	30.32	30.5	30.14								
5.39	8.788	5.08	31.52	0.63	29.87	0.24	0.44	0.19	-0.22	0.19	30.7	31.08	30.32								
5.48	8.921	4.99	31.23	0.33	29.66	0.04	0.19	0.15	-0.47	0.15	30.45	30.75	30.15								
5.69	9.229	5	31.23	0.33	29.7	0.08	0.2	0.13	-0.45	0.13	30.46	30.72	30.2								
5.79	9.374	4.88	30.84	-0.05	29.41	-0.21	-0.13	0.08	-0.79	0.08	30.13	30.29	29.97								
5.89	9.537	5.06	31.43	0.53	29.83	0.21	0.37	0.16	-0.28	0.16	30.63	30.95	30.31								
5.99	9.672	5	31.2	0.3	29.7	0.07	0.19	0.12	-0.46	0.12	30.45	30.69	30.21								
6.09	9.828	4.75	30.38	-0.51	29.11	-0.51	-0.51	0	-1.16	0.01	29.75	29.75	29.75								
6.19	9.967	4.98	31.1	0.2	29.64	0.02	0.11	0.09	-0.53	0.09	30.37	30.55	30.19								
6.29	10.109	4.82	30.65	-0.25	29.3	-0.33	-0.29	0.04	-0.93	0.04	29.97	30.05	29.89								
6.39	10.272	4.98	31.14	0.24	29.66	0.03	0.14	0.11	-0.49	0.11	30.4	30.62	30.18								
6.49	10.411	5.04	31.27	0.38	29.78	0.15	0.27	0.11	-0.36	0.11	30.53	30.75	30.31								
6.59	10.547	4.95	30.98	0.08	29.58	-0.04	0.02	0.06	-0.59	0.06	30.28	30.4	30.16								
6.69	10.691	4.96	31.02	0.12	29.61	-0.01	0.06	0.07	-0.55	0.07	30.32	30.46	30.18								
6.79	10.843	4.9	30.84	-0.05	29.47	-0.15	-0.1	0.05	-0.71	0.05	30.16	30.26	30.06								
6.89	11.002	4.84	30.62	-0.28	29.33	-0.29	-0.28	0.01	-0.88	0.01	29.98	30	29.96								
7.01	11.247	4.66	30.07	-0.82	28.91	-0.72	-0.77	0.05	-1.35	0.05	29.49	29.59	29.39								
7.09	11.455	4.44	29.22	-1.68	28.38	-1.24	-1.46	0.22	-2.02	0.22	28.8	29.24	28.36								
7.19	11.618	4.45	29.31	-1.59	28.41	-1.22	-1.4	0.18	-1.95	0.18	28.86	29.22	28.5								
7.29	11.78	4.63	29.98	-0.91	28.85	-0.78	-0.84	0.07	-1.38	0.07	29.42	29.56	29.28								
7.39	11.951	4.42	29.33	-1.57	28.32	-1.31	-1.44	0.13	-1.96	0.13	28.82	29.08	28.56								
7.49	12.124	4.46	29.44	-1.46	28.42	-1.21	-1.33	0.12	-1.84	0.12	28.93	29.17	28.69								
7.59	12.293	4.25	28.74	-2.16	27.89	-1.74	-1.95	0.21	-2.44	0.21	28.31	28.73	27.89								
7.79	12.704	4.47	29.58	-1.31	28.45	-1.18	-1.25	0.07	-1.7	0.07	29.01	29.15	28.87								
7.89	12.814	4.88	30.96	0.07	29.41	-0.21	-0.07	0.14	-0.51	0.14	30.19	30.47	29.91								
7.99	12.921	4.51	29.83	-1.06	28.56	-1.07	-1.07	0	-1.5	0.02	29.19	29.19	29.19								
8.08	13.025	4.37	29.35	-1.54	28.19	-1.43	-1.49	0.05	-1.91	0.06	28.77	28.87	28.67								
8.11	13.068	4.54	29.92	-0.98	28.63	-1	-0.99	0.01	-1.4	0.02	29.27	29.29	29.25								
8.2	13.177	4.4	29.46	-1.44	28.28	-1.34	-1.39	0.05	-1.79	0.05	28.87	28.97	28.77								
8.3	13.301	4.39	29.4	-1.5	28.24	-1.39	-1.44	0.06	-1.84	0.06	28.82	28.94	28.7								
8.4	13.412	4.8	30.77	-0.12	29.24	-0.38	-0.25	0.13	-0.63	0.13	30.01	30.27	29.75								
8.5	13.519	4.59	30.1	-0.79	28.73	-0.89	-0.84	0.05	-1.21	0.05	29.42	29.52	29.32								
8.6	13.625	4.46	29.58	-1.32	28.41	-1.21	-1.27	0.05	-1.62	0.06	28.99	29.09	28.89								
8.71	13.798	4.6	30.1	-0.79	28.77	-0.85	-0.82	0.03	-1.16	0.04	29.44	29.5	29.38								
8.8	13.942	4.78	30.68	-0.22	29.19	-0.44	-0.33	0.11	-0.65	0.11	29.93	30.15	29.71								
8.92	14.057	4.58	30.02	-0.87	28.73	-0.9	-0.89	0.01	-1.2	0.02	29.37	29.39	29.35								
9	14.132	4.79	30.75	-0.14	29.22	-0.41	-0.27	0.13	-0.58	0.13	29.99	30.25	29.73								
9.06	14.188	4.57	29.96	-0.93	28.68	-0.94	-0.94	0.01	-1.24	0.02	29.32	29.34	29.3								
9.15	14.27	4.21	28.73	-2.16	27.78	-1.85	-2	0.16	-2.3	0.16	28.26	28.58	27.94								
9.32	14.432	4.19	28.66	-2.23	27.74	-1.89	-2.06	0.17	-2.33	0.17	28.2	28.54	27.86								
9.39	14.497	4.82	30.79	-0.11	29.29	-0.34	-0.22	0.12	-0.49	0.12	30.04	30.28	29.8								
9.48	14.591	4.49	29.77	-1.13	28.5	-1.12	-1.12	0	-1.38	0.02	29.14	29.14	29.14								
9.59	14.758	4.44	29.67	-1.22	28.38	-1.24	-1.23	0.01	-1.47	0.02	29.03	29.05	29.01								
9.71	14.939	4.21	28.87	-2.02	27.78	-1.84	-1.93	0.09	-2.16	0.09	28.33	28.51	28.15								
9.81	15.03	4.26	29.09	-1.81	27.9	-1.72	-1.76	0.04	-1.98	0.05	28.5	28.58	28.42								
9.91	15.125	4.54	29.97	-0.92	28.63	-1	-0.96	0.04	-1.16	0.04	29.3	29.38	29.22								
10.01	15.216	4.28	29.09	-1.8	27.97	-1.65	-1.73	0.07	-1.92	0.08	28.53	28.67	28.39								
10.15	15.346	4.02	28.12	-2.77	27.26	-2.37	-2.57	0.2	-2.75	0.2	27.69	28.09	27.29								
10.21	15.406	4.15	28.7	-2.2	27.62	-2	-2.1	0.1	-2.28	0.1	28.16	28.36	27.96								
10.28	15.479	4.25	29.08	-1.82	27.89	-1.73	-1.78	0.04	-1.95	0.05	28.48	28.56	28.4								
10.41	15.601	3.92	27.84	-3.06	27	-2.62	-2.84	0.22	-3	0.22	27.42	27.86	26.98								
10.51	15.733	4.1	28.52	-2.38	27.49	-2.13	-2.26	0.12	-2.4	0.12	28	28.24	27.76								
10.61	15.933	4.31	29.26	-1.64	28.05	-1.58	-1.61	0.03	-1.73	0.04	28.65	28.71	28.59								
10.71	16.065	4.04	28.32	-2.57	27.34	-2.29	-2.43	0.14	-2.55	0.14	27.83	28.11	27.55								
10.81	16.201	4.09	28.45	-2.45	27.46	-2.17	-2.31	0.14	-2.41	0.14	27.95	28.23	27.67								
10.91	16.334	4.42	29.8	-1.1	28.33	-1.3	-1.2	0.1	-1.29	0.1	29.06	29.26	28.86								
10.93	16.365	3.86	27.7	-3.2	26.82	-2.81	-3	0.2	-3.09	0.2	27.26	27.66	26.86								
11.01	16.482	4.23	29.16	-1.74	27.84	-1.79	-1.76	0.02	-1.84	0.03	28.5	28.54	28.46								
11.03	16.511	4.12	28.77	-2.13	27.53	-2.09	-2.11	0.02	-2.19	0.03	28.15	28.19	28.11								
11.11	16.632	3.98	28.2	-2.69	27.15	-2.48	-2.59	0.11	-2.65	0.11	27.67	27.89	27.45								
11.17	16.741	3.9	27.92	-2.98	26.93	-2.69	-2.84	0.15	-2.89	0.15	27.42	27.72	27.12								
11.33	17.011	3.88	27.9	-2.99	26.86	-2.76	-2.88	0.12	-2.92	0.12	27.38	27.62	27.14								
11.43	17.122	4.45	30.08	-0.82	28.4	-1.22	-1.02	0.2	-1.05	0.2	29.24	29.64	28.84								
11.51	17.213	3.87	27.94	-2.96	26.85	-2.78	-2.87	0.09	-2.89	0.09	27.39	27.57	27.21								
11.61	17.314	3.93	28.22	-2.68	27.01	-2.62	-2.65	0.03	-2.67	0.04	27.61	27.67	27.55								
11.71	17.422	3.93	28.27	-2.63	27.02	-2.61	-2.62	0.01	-2.63	0.02	27.64	27.66	27.62								
11.79	17.507	3.9	28.16	-2.73	26.93	-2.69	-2.71	0.02	-2.72	0.03	27.55	27.59	27.51								
11.91	17.631	3.96	28.34	-2.56	27.1	-2.52	-2.54	0.02	-2.54	0.02	27.72	27.76	27.68								
12.01	17.779	3.69	27.29	-3.6	26.32	-3.3	-3.45	0.15	-3.44	0.15	26.81	27.11	26.51								
12.21	17.994	3.95	28.35	-2.54	27.08	-2.55	-2.54	0	-2.52	0.02	27.72	27.72	27.72								
12.31	18.07	3.78	27.69	-3.21	26.58	-3.04	-3.13	0.08	-3.1	0.09	27.13	27.29	26.97								
12.39	18.128	3.73	27.54	-3.35	26.43	-3.19	-3.27	0.08	-3.24	0.08	26.99	27.15	26.83								
12.53	18.238	3.69	27.34	-3.56	26.33	-3.3	-3.43	0.13	-3.39	0.13	26.83	27.09	26.57								
12.61	18.309	3.7	27.36	-3.53	26.35	-3.28	-3.41	0.13	-3.37	0.13	26.85	27.11	26.59								
12.71	18.39	3.83	27.9	-3	26.72	-2.91	-2.95	0.05	-2.91	0.05	27.31	27.41	27.21								
12.81	18.474	3.96	28.41	-2.49	27.09	-2.54	-2.51	0.03	-2.47	0.03	27.75	27.81	27.69								
12.91	18.568	3.82	27.83	-3.07	26.7	-2.92	-3	0.07	-2.95	0.07	27.26	27.4	27.12								
13.01	18.659	3.92	28.22	-2.68	27	-2.62	-2.65	0.03	-2.6	0.03	27.61	27.67	27.55								
13.03	18.674	4.01	28.55	-2.34	27.25	-2.37	-2.36	0.01	-2.31	0.02	27.9	27.92	27.88								
13.13	18.756	4.13	28.95	-1.94	27.56	-2.07	-2.01	0.06	-1.95	0.07	28.25	28.37	28.13								
13.2	18.818	3.82	27.84	-3.06	26.7	-2.92	-2.99	0.07	-2.93	0.07	27.27	27.41	27.13								
13.23	18.839	3.9	28.18	-2.72	26.93	-2.69	-2.71	0.01	-2.65	0.02	27.55	27.57	27.53								
13.33	18.961	3.83	27.83	-3.06	26.72	-2.9	-2.98	0.08	-2.92	0.08	27.28	27.44	27.12								
13.43	19.105	3.89	28.11	-2.79	26.92	-2.71	-2.75	0.04	-2.68	0.04	27.51	27.59	27.43								
13.51	19.189	4.23	29.37	-1.52	27.83	-1.8	-1.66	0.14	-1.59	0.14	28.6	28.88	28.32								
13.59	19.262	3.76	27.54	-3.36	26.52	-3.11	-3.23	0.12	-3.16	0.13	27.03	27.27	26.79								
13.61	19.283	3.79	27.69	-3.2	26.62	-3	-3.1	0.1	-3.03	0.1	27.16	27.36	26.96								
13.71	19.376	3.71	27.38	-3.52	26.38	-3.25	-3.38	0.14	-3.31	0.14	26.88	27.16	26.6								
13.91	19.561	3.57	26.78	-4.12	25.94	-3.69	-3.9	0.21	-3.83	0.21	26.36	26.78	25.94								
14.01	19.711	3.6	26.86	-4.03	26.06	-3.57	-3.8	0.23	-3.73	0.23	26.46	26.92	26								
14.11	19.854	3.64	26.99	-3.9	26.17	-3.45	-3.68	0.22	-3.6	0.22	26.58	27.02	26.14								
14.21	19.961	4.09	28.81	-2.08	27.46	-2.16	-2.12	0.04	-2.05	0.04	28.14	28.22	28.06								
14.31	20.059	4.14	28.99	-1.91	27.58	-2.04	-1.98	0.07	-1.9	0.07	28.28	28.42	28.14								
14.4	20.151	3.64	27.05	-3.84	26.18	-3.45	-3.64	0.2	-3.57	0.2	26.62	27.02	26.22								
86.3	104.088	4.98	31.32	0.43	29.64	0.02	0.22	0.21	-0.8	0.21	30.48	30.9	30.06								
86.4	104.54	4.38	29.41	-1.49	28.21	-1.42	-1.45	0.04	-2.42	0.04	28.81	28.89	28.73								
86.7	104.69	4.66	30.37	-0.52	28.91	-0.71	-0.62	0.09	-1.56	0.1	29.64	29.82	29.46								
86.8	104.841	4.27	29.03	-1.86	27.95	-1.68	-1.77	0.09	-2.7	0.1	28.49	28.67	28.31								
86.9	104.992	4.29	29.07	-1.83	27.99	-1.64	-1.73	0.09	-2.64	0.1	28.53	28.71	28.35								
87.1	105.293	4.01	27.96	-2.93	27.23	-2.39	-2.66	0.27	-3.52	0.27	27.6	28.14	27.06								
87.2	105.594	4.58	29.99	-0.91	28.72	-0.91	-0.91	0	-1.71	0.03	29.35	29.35	29.35								
87.4	105.745	5.11	31.68	0.78	29.94	0.32	0.55	0.23	-0.22	0.23	30.81	31.27	30.35								
87.5	105.896	4.92	31.07	0.18	29.52	-0.1	0.04	0.14	-0.71	0.14	30.3	30.58	30.02								
87.6	106.046	4.27	28.86	-2.04	27.94	-1.68	-1.86	0.18	-2.58	0.18	28.4	28.76	28.04								
87.7	106.197	4.63	30.25	-0.64	28.84	-0.79	-0.71	0.07	-1.4	0.08	29.55	29.69	29.41								
88	106.649	4.26	28.98	-1.92	27.92	-1.71	-1.81	0.1	-2.4	0.11	28.45	28.65	28.25								
88.1	106.856	4.47	29.78	-1.12	28.45	-1.18	-1.15	0.03	-1.69	0.05	29.11	29.17	29.05								
88.2	107.071	4.63	30.34	-0.55	28.84	-0.78	-0.67	0.11	-1.17	0.12	29.59	29.81	29.37								
88.3	107.287	4.71	30.57	-0.33	29.02	-0.61	-0.47	0.14	-0.92	0.15	29.79	30.07	29.51								
88.4	107.502	4.22	28.9	-2	27.8	-1.83	-1.91	0.09	-2.32	0.1	28.35	28.53	28.17								
88.5	107.718	4.16	28.67	-2.23	27.65	-1.97	-2.1	0.13	-2.46	0.14	28.16	28.42	27.9								
88.6	107.933	4.04	28.22	-2.68	27.33	-2.29	-2.49	0.19	-2.79	0.2	27.77	28.15	27.39								
88.7	108.149	4.18	28.73	-2.17	27.69	-1.93	-2.05	0.12	-2.31	0.13	28.21	28.45	27.97								
88.8	108.364	4.7	30.57	-0.33	29	-0.63	-0.48	0.15	-0.69	0.16	29.78	30.08	29.48								
88.9	108.579	4.57	30.09	-0.81	28.69	-0.93	-0.87	0.06	-1.04	0.08	29.39	29.51	29.27								
89	108.795	4.32	29.21	-1.69	28.06	-1.57	-1.63	0.06	-1.75	0.08	28.63	28.75	28.51								
89.1	109.01	4.05	28.19	-2.71	27.36	-2.27	-2.49	0.22	-2.57	0.23	27.77	28.21	27.33								
89.2	109.226	4.35	29.26	-1.64	28.15	-1.47	-1.56	0.08	-1.6	0.1	28.7	28.86	28.54								
89.24	109.312	4.27	28.97	-1.93	27.94	-1.68	-1.8	0.12	-1.83	0.13	28.46	28.7	28.22								
89.3	109.441	4.29	29	-1.9	27.98	-1.64	-1.77	0.13	-1.77	0.14	28.49	28.75	28.23								
89.34	109.527	4.1	28.34	-2.56	27.49	-2.13	-2.34	0.21	-2.33	0.22	27.92	28.34	27.5								
89.44	109.743	4.08	28.23	-2.66	27.42	-2.2	-2.43	0.23	-2.37	0.24	27.83	28.29	27.37								
89.54	109.958	4.08	28.22	-2.67	27.42	-2.2	-2.44	0.24	-2.34	0.24	27.82	28.3	27.34								
89.64	110.174	4.18	28.56	-2.33	27.71	-1.92	-2.13	0.21	-1.99	0.21	28.13	28.55	27.71								
89.74	110.389	4.41	29.38	-1.52	28.3	-1.33	-1.42	0.1	-1.25	0.11	28.84	29.04	28.64								
89.84	110.605	4.43	29.49	-1.4	28.35	-1.27	-1.34	0.06	-1.13	0.08	28.92	29.04	28.8								
89.94	110.82	4.47	29.62	-1.27	28.45	-1.18	-1.23	0.05	-0.99	0.06	29.03	29.13	28.93								
90.04	111.036	4.54	29.84	-1.05	28.62	-1	-1.03	0.03	-0.76	0.05	29.23	29.29	29.17								
90.14	111.251	4.51	29.71	-1.19	28.55	-1.08	-1.13	0.05	-0.83	0.07	29.13	29.23	29.03								
90.24	111.466	4.57	29.84	-1.06	28.69	-0.94	-1	0.06	-0.67	0.07	29.26	29.38	29.14								
90.34	111.682	4.52	29.71	-1.19	28.58	-1.05	-1.12	0.07	-0.77	0.08	29.14	29.28	29								
90.44	111.897	4.43	29.35	-1.55	28.35	-1.27	-1.41	0.14	-1.03	0.14	28.85	29.13	28.57								
90.54	112.113	4.55	29.77	-1.13	28.64	-0.99	-1.06	0.07	-0.66	0.08	29.2	29.34	29.06								
90.64	112.328	4.47	29.55	-1.35	28.44	-1.19	-1.27	0.08	-0.85	0.09	28.99	29.15	28.83								
91.04	113.19	4.51	29.56	-1.33	28.55	-1.08	-1.21	0.13	-0.73	0.13	29.05	29.31	28.79								
91.14	113.406	4.55	29.72	-1.17	28.64	-0.99	-1.08	0.09	-0.6	0.1	29.18	29.36	29								
91.24	113.621	4.99	31.19	0.29	29.67	0.04	0.17	0.12	0.65	0.13	30.43	30.67	30.19								
91.34	113.836	4.92	30.94	0.05	29.52	-0.1	-0.03	0.08	0.47	0.08	30.23	30.39	30.07								
91.54	114.267	4.98	31.03	0.14	29.64	0.01	0.07	0.06	0.57	0.06	30.33	30.45	30.21								
91.64	114.483	5.2	31.71	0.82	30.12	0.5	0.66	0.16	1.14	0.16	30.92	31.24	30.6								
91.74	114.698	5.1	31.38	0.48	29.92	0.3	0.39	0.09	0.87	0.09	30.65	30.83	30.47								
91.84	114.914	4.82	30.42	-0.47	29.28	-0.35	-0.41	0.06	0.07	0.06	29.85	29.97	29.73								
91.94	115.129	4.86	30.59	-0.31	29.38	-0.25	-0.28	0.03	0.18	0.03	29.98	30.04	29.92								
92.04	115.345	4.85	30.52	-0.38	29.35	-0.28	-0.33	0.05	0.12	0.05	29.93	30.03	29.83								
92.14	115.52	5.03	31.07	0.17	29.76	0.13	0.15	0.02	0.59	0.02	30.41	30.45	30.37								
92.24	115.694	5.07	31.26	0.37	29.86	0.23	0.3	0.07	0.72	0.07	30.56	30.7	30.42								
92.44	116.044	5.05	31.18	0.29	29.8	0.18	0.23	0.05	0.62	0.05	30.49	30.59	30.39								
92.54	116.218	4.94	30.87	-0.03	29.56	-0.06	-0.05	0.02	0.32	0.02	30.21	30.25	30.17								
92.74	116.567	5.13	31.44	0.54	29.98	0.36	0.45	0.09	0.77	0.09	30.71	30.89	30.53								
92.84	116.742	5.13	31.43	0.54	29.99	0.36	0.45	0.09	0.74	0.09	30.71	30.89	30.53								
93.04	117.091	4.83	30.51	-0.38	29.31	-0.31	-0.35	0.03	-0.11	0.04	29.91	29.97	29.85								
93.16	117.301	5.2	31.66	0.77	30.13	0.51	0.64	0.13	0.84	0.13	30.9	31.16	30.64								
93.24	117.44	5.07	31.26	0.36	29.86	0.23	0.3	0.07	0.47	0.07	30.56	30.7	30.42								
93.34	117.615	5.2	31.67	0.77	30.13	0.51	0.64	0.13	0.78	0.13	30.9	31.16	30.64								
93.44	117.789	5.52	32.55	1.66	30.79	1.16	1.41	0.25	1.52	0.25	31.67	32.17	31.17								
93.54	117.964	5.14	31.49	0.59	30.01	0.39	0.49	0.1	0.56	0.11	30.75	30.95	30.55								
93.74	118.313	5.28	31.88	0.98	30.31	0.68	0.83	0.15	0.83	0.15	31.09	31.39	30.79								
93.84	118.488	5.35	32.05	1.16	30.43	0.81	0.98	0.17	0.94	0.18	31.24	31.58	30.9								
94.14	119.011	5.15	31.58	0.68	30.03	0.4	0.54	0.14	0.38	0.14	30.8	31.08	30.52								
94.24	119.186	5.03	31.23	0.34	29.75	0.13	0.23	0.1	0.02	0.11	30.49	30.69	30.29								
94.3	119.291	5.46	32.48	1.59	30.68	1.05	1.32	0.27	1.08	0.27	31.58	32.12	31.04								
94.34	119.367	5.53	32.71	1.81	30.81	1.19	1.5	0.31	1.24	0.31	31.76	32.38	31.14								
94.4	119.535	5.35	32.14	1.24	30.44	0.81	1.03	0.22	0.73	0.22	31.29	31.73	30.85								
94.5	119.816	5.29	32.01	1.12	30.33	0.7	0.91	0.21	0.54	0.21	31.17	31.59	30.75								
94.6	120.097	5.44	32.43	1.54	30.63	1	1.27	0.27	0.83	0.27	31.53	32.07	30.99								
94.7	120.378	5.5	32.57	1.67	30.74	1.12	1.4	0.28	0.88	0.28	31.66	32.22	31.1								
94.8	120.659	5.67	33.04	2.14	31.09	1.47	1.8	0.34	1.22	0.34	32.06	32.74	31.38								
94.9	120.94	5.67	33.02	2.13	31.1	1.47	1.8	0.33	1.14	0.33	32.06	32.72	31.4								
95	121.221	5.27	31.83	0.94	30.27	0.65	0.79	0.14	0.07	0.15	31.05	31.33	30.77								
95.1	121.502	5.49	32.47	1.58	30.73	1.1	1.34	0.24	0.56	0.24	31.6	32.08	31.12								
95.2	121.783	5.49	32.49	1.59	30.73	1.1	1.35	0.24	0.5	0.25	31.61	32.09	31.13								
95.4	122.345	5.36	32.12	1.23	30.47	0.85	1.04	0.19	0.1	0.19	31.3	31.68	30.92								
95.6	122.907	5.54	32.64	1.74	30.82	1.2	1.47	0.27	0.44	0.27	31.73	32.27	31.19								
95.7	123.188	5.5	32.53	1.63	30.75	1.13	1.38	0.25	0.32	0.25	31.64	32.14	31.14								
95.81	123.497	5.53	32.67	1.77	30.8	1.18	1.48	0.3	0.4	0.3	31.74	32.34	31.14								
95.9	123.75	5.46	32.48	1.59	30.67	1.05	1.32	0.27	0.22	0.27	31.58	32.12	31.04								
96	124.031	5.46	32.46	1.56	30.68	1.06	1.31	0.25	0.19	0.25	31.57	32.07	31.07								
96.1	124.312	5.66	32.93	2.04	31.07	1.45	1.74	0.29	0.63	0.29	32	32.58	31.42								
96.2	124.593	5.57	32.74	1.84	30.9	1.27	1.56	0.28	0.45	0.28	31.82	32.38	31.26								
96.4	125.089	5.71	33.14	2.24	31.17	1.54	1.89	0.35	0.8	0.35	32.15	32.85	31.45								
96.5	125.308	5.69	33.08	2.18	31.13	1.51	1.84	0.34	0.77	0.34	32.1	32.78	31.42								
96.6	125.527	5.8	33.42	2.53	31.35	1.72	2.12	0.4	1.07	0.4	32.38	33.18	31.58								
96.7	125.746	5.41	32.34	1.44	30.58	0.95	1.2	0.25	0.17	0.25	31.46	31.96	30.96								
96.8	125.965	5.61	32.92	2.02	30.98	1.35	1.69	0.34	0.67	0.34	31.95	32.63	31.27								
96.9	126.184	5.75	33.24	2.35	31.25	1.62	1.99	0.36	1	0.36	32.25	32.97	31.53								
97	126.402	5.58	32.84	1.94	30.92	1.29	1.62	0.33	0.67	0.33	31.88	32.54	31.22								
97.1	126.621	5.74	33.27	2.38	31.22	1.6	1.99	0.39	1.07	0.39	32.25	33.03	31.47								
97.2	126.84	5.72	33.21	2.32	31.19	1.57	1.94	0.37	1.06	0.38	32.2	32.94	31.46								
97.3	127.059	5.48	32.54	1.65	30.72	1.09	1.37	0.28	0.52	0.28	31.63	32.19	31.07								
97.4	127.278	5.29	32	1.11	30.33	0.7	0.91	0.2	0.09	0.2	31.17	31.57	30.77								
97.8	128.154	5.24	31.82	0.92	30.22	0.59	0.76	0.16	0.11	0.17	31.02	31.34	30.7								
97.9	128.372	5.14	31.42	0.52	29.99	0.37	0.45	0.08	-0.16	0.09	30.71	30.87	30.55								
98	128.591	4.88	30.64	-0.26	29.41	-0.21	-0.23	0.02	-0.8	0.04	30.03	30.07	29.99								
98.1	128.81	4.95	31	0.1	29.57	-0.05	0.02	0.08	-0.5	0.09	30.28	30.44	30.12								
98.2	129.029	5.11	31.56	0.66	29.93	0.31	0.49	0.18	0.01	0.18	30.75	31.11	30.39								
98.3	129.248	4.95	31.11	0.21	29.59	-0.03	0.09	0.12	-0.35	0.13	30.35	30.59	30.11								
98.5	129.686	4.51	29.73	-1.16	28.55	-1.07	-1.12	0.05	-1.47	0.06	29.14	29.24	29.04								
98.6	129.905	5.02	31.37	0.47	29.74	0.11	0.29	0.18	-0.01	0.18	30.55	30.91	30.19								
98.7	130.124	4.75	30.56	-0.34	29.12	-0.51	-0.42	0.09	-0.69	0.09	29.84	30.02	29.66								
98.9	130.561	4.59	30.06	-0.83	28.74	-0.88	-0.86	0.02	-1.04	0.05	29.4	29.44	29.36								
99	130.78	4.57	29.99	-0.91	28.69	-0.93	-0.92	0.01	-1.07	0.04	29.34	29.36	29.32								
99.1	130.999	4.59	30.11	-0.79	28.74	-0.88	-0.84	0.05	-0.94	0.06	29.42	29.52	29.32								
99.2	131.218	4.24	28.96	-1.94	27.86	-1.77	-1.85	0.09	-1.92	0.09	28.41	28.59	28.23								
99.5	131.875	4.15	28.73	-2.17	27.63	-1.99	-2.08	0.09	-2.05	0.1	28.18	28.36	28								
99.8	132.429	4.18	28.87	-2.02	27.71	-1.91	-1.97	0.06	-1.86	0.07	28.29	28.41	28.17								
99.87	132.514	4.11	28.6	-2.29	27.52	-2.11	-2.2	0.09	-2.08	0.1	28.06	28.24	27.88								
100	132.672	4.15	28.72	-2.18	27.62	-2	-2.09	0.09	-1.95	0.09	28.17	28.35	27.99								
100.1	132.793	4.02	28.25	-2.64	27.26	-2.36	-2.5	0.14	-2.34	0.15	27.76	28.04	27.48								
100.2	132.914	4	28.22	-2.67	27.22	-2.4	-2.54	0.14	-2.37	0.14	27.72	28	27.44								
100.3	133.036	3.69	26.92	-3.98	26.3	-3.32	-3.65	0.33	-3.46	0.33	26.61	27.27	25.95								
100.4	133.157	3.88	27.71	-3.19	26.88	-2.74	-2.96	0.22	-2.76	0.22	27.3	27.74	26.86								
100.5	133.278	3.96	28	-2.89	27.11	-2.51	-2.7	0.19	-2.49	0.19	27.56	27.94	27.18								
100.6	133.399	3.89	27.67	-3.23	26.9	-2.73	-2.98	0.25	-2.75	0.25	27.28	27.78	26.78								
100.7	133.521	3.84	27.46	-3.44	26.75	-2.88	-3.16	0.28	-2.92	0.28	27.1	27.66	26.54								
100.8	133.642	3.75	27.18	-3.71	26.51	-3.12	-3.41	0.3	-3.16	0.3	26.85	27.45	26.25								
100.9	133.763	3.73	27.02	-3.88	26.43	-3.19	-3.53	0.34	-3.27	0.34	26.73	27.41	26.05								
101	133.884	3.99	28.14	-2.75	27.17	-2.45	-2.6	0.15	-2.33	0.15	27.66	27.96	27.36								
101.1	134.006	3.87	27.67	-3.23	26.83	-2.79	-3.01	0.22	-2.72	0.22	27.25	27.69	26.81								
101.2	134.127	3.77	27.3	-3.6	26.56	-3.07	-3.33	0.27	-3.04	0.27	26.93	27.47	26.39								
101.3	134.248	3.81	27.48	-3.42	26.67	-2.95	-3.19	0.23	-2.89	0.23	27.07	27.53	26.61								
101.4	134.37	3.68	27	-3.9	26.3	-3.33	-3.61	0.28	-3.3	0.29	26.65	27.21	26.09								
101.5	134.491	3.62	26.7	-4.19	26.1	-3.52	-3.86	0.33	-3.54	0.34	26.4	27.06	25.74								
101.6	134.612	3.99	28.24	-2.65	27.17	-2.45	-2.55	0.1	-2.23	0.1	27.71	27.91	27.51								
101.7	134.733	4.1	28.67	-2.23	27.49	-2.14	-2.18	0.04	-1.85	0.05	28.08	28.16	28								
101.8	134.855	4.06	28.51	-2.39	27.36	-2.26	-2.32	0.06	-1.98	0.07	27.94	28.06	27.82								
101.9	134.976	3.85	27.72	-3.17	26.78	-2.84	-3.01	0.17	-2.66	0.17	27.25	27.59	26.91								
102	135.097	4.11	28.75	-2.14	27.52	-2.11	-2.12	0.02	-1.77	0.03	28.14	28.18	28.1								
102.1	135.218	3.71	27.16	-3.74	26.38	-3.24	-3.49	0.25	-3.14	0.25	26.77	27.27	26.27								
102.2	135.34	3.56	26.55	-4.35	25.93	-3.69	-4.02	0.33	-3.66	0.33	26.24	26.9	25.58								
102.3	135.461	4.01	28.38	-2.52	27.25	-2.38	-2.45	0.07	-2.09	0.07	27.81	27.95	27.67								
102.39	135.57	3.75	27.33	-3.56	26.51	-3.11	-3.34	0.22	-2.97	0.22	26.92	27.36	26.48								
102.4	135.582	3.73	27.31	-3.58	26.44	-3.18	-3.38	0.2	-3.02	0.2	26.88	27.28	26.48								
102.49	135.691	3.6	26.73	-4.17	26.04	-3.58	-3.87	0.29	-3.5	0.29	26.39	26.97	25.81								
102.69	135.934	3.51	26.34	-4.56	25.76	-3.86	-4.21	0.35	-3.83	0.35	26.05	26.75	25.35								
102.79	136.055	3.79	27.5	-3.4	26.6	-3.03	-3.21	0.19	-2.83	0.19	27.05	27.43	26.67								
102.89	136.177	3.55	26.5	-4.4	25.87	-3.75	-4.08	0.32	-3.7	0.33	26.18	26.82	25.54								
102.99	136.298	3.79	27.56	-3.33	26.62	-3.01	-3.17	0.16	-2.8	0.16	27.09	27.41	26.77								
103.09	136.419	3.72	27.25	-3.64	26.39	-3.23	-3.44	0.21	-3.06	0.21	26.82	27.24	26.4								
103.19	136.54	3.78	27.57	-3.33	26.6	-3.03	-3.18	0.15	-2.81	0.15	27.08	27.38	26.78								
103.29	136.662	3.77	27.52	-3.37	26.57	-3.06	-3.21	0.16	-2.85	0.16	27.05	27.37	26.73								
103.39	136.783	3.83	27.75	-3.14	26.73	-2.9	-3.02	0.12	-2.65	0.12	27.24	27.48	27								
103.49	136.904	3.78	27.57	-3.32	26.59	-3.03	-3.18	0.15	-2.81	0.15	27.08	27.38	26.78								
103.61	137.05	4.01	28.45	-2.44	27.24	-2.39	-2.42	0.03	-2.05	0.03	27.84	27.9	27.78								
103.71	137.171	3.77	27.52	-3.37	26.56	-3.06	-3.22	0.16	-2.86	0.16	27.04	27.36	26.72								
103.91	137.413	3.84	27.79	-3.11	26.77	-2.85	-2.98	0.13	-2.64	0.13	27.28	27.54	27.02								