# Bay of Bengal, Northeast Indian Margin Stable Isotope, Biomarker and SST Reconstructions since the Mid-Pleistocene
#----------------------------------------------------
#                World Data Service for Paleoclimatology, Boulder
#                                  and
#                     NOAA Paleoclimatology Program
#             National Centers for Environmental Information (NCEI)
#----------------------------------------------------
# Template Version 4.0
# Encoding: UTF-8
# NOTE: Please cite original publication, NOAA Landing Page URL, dataset and publication DOIs (where available), and date accessed when using downloaded data. If there is no publication information, please cite investigator, study title, NOAA Landing Page URL, and date accessed.
#
# Description/Documentation lines begin with #
# Data lines have no #
#
# NOAA_Landing_Page: https://www.ncei.noaa.gov/access/paleo-search/study/33213
#   Landing_Page_Description: NOAA Landing Page of this file's parent study, which includes all study metadata.
#
# Study_Level_JSON_Metadata: https://www.ncei.noaa.gov/pub/data/metadata/published/paleo/json/noaa-ocean-33213.json
#   Study_Level_JSON_Description: JSON metadata of this data file's parent study, which includes all study metadata.
#
# Data_Type: Paleoceanography
#
# Dataset_DOI: 10.25921/mzh5-p372
#
# Science_Keywords: 
#--------------------
# Resource_Links
#
# Data_Download_Resource:  https://www.ncei.noaa.gov/pub/data/paleo/contributions_by_author/clemens2021/clemens2021-u1446-d18Osw-noaa.txt
#   Data_Download_Description: NOAA Template File; U1446 d18O Sea Water Data
#
#--------------------
# Contribution_Date
#   Date: 2021-04-08
#--------------------
# File_Last_Modified_Date
#   Date: 2024-08-18
#--------------------
# Title
#   Study_Name: Bay of Bengal, Northeast Indian Margin Stable Isotope, Biomarker and SST Reconstructions since the Mid-Pleistocene
#--------------------
# Investigators
#   Investigators: Clemens, S.C.(https://orcid.org/0000-0002-1136-7815); Yamamoto, M.(https://orcid.org/0000-0003-1312-825X); Thirumalai, K.(https://orcid.org/0000-0002-7875-4182); Giosan, L.; Richey, J.N.(https://orcid.org/0000-0002-2319-7980); Nilsson-Kerr, K.(https://orcid.org/0000-0001-7379-2684); Rosenthal, Y.(https://orcid.org/0000-0002-7546-6011); Anand, P.(https://orcid.org/0000-0002-3159-0096); McGrath, S.M.(https://orcid.org/0000-0003-3372-1894)
#--------------------
# Description_Notes_and_Keywords
#   Description: Provided Keywords: Indian monsoon, South Asian monsoon, precipitation, precipitation isotopes, paleoclimate, paleoceanography, carbon dioxide, ice volume
#--------------------
# Publication
#   Authors: Clemens, Steven; Yamamoto, Masanobu; Thirumalai, Kaustubh; Giosan, Liviu; Richey, Julie N.; Nilsson-Kerr, Katrina; Rosenthal, Yair; Anand, Pallavi; McGrath, Sarah M.
#   Journal_Name: Science Advances
#   Published_Title: Remote and Local Drivers of Pleistocene South Asian Summer Monsoon Precipitation: A Test for Future Predictions
#   Published_Date_or_Year: 2021
#   Volume: 7
#   Pages: 
#   Issue: 23
#   Report_Number: eabg3848
#   DOI: 10.1126/sciadv.abg3848
#   Full_Citation:
#   Abstract: South Asian precipitation amount and extreme variability are predicted to increase due to thermodynamic effects of increased 21st-century greenhouse gases, accompanied by an increased supply of moisture from the southern hemisphere Indian Ocean. We reconstructed South Asian summer monsoon precipitation and runoff into the Bay of Bengal to assess the extent to which these factors also operated in the Pleistocene, a time of large-scale natural changes in carbon dioxide and ice volume. South Asian precipitation and runoff are strongly coherent with, and lag, atmospheric carbon dioxide changes at Earth’s orbital eccentricity, obliquity, and precession bands and are closely tied to cross-equatorial wind strength at the precession band. We find that the projected monsoon response to ongoing, rapid high-latitude ice melt and rising carbon dioxide levels is fully consistent with dynamics of the past 0.9 million years.
#--------------------
# Funding_Agency
#   Funding_Agency_Name: Natural Environment Research Council (NERC)
#   Grant: JPMXS05R2900001, 19H05595
#--------------------
# Funding_Agency
#   Funding_Agency_Name: US National Science Foundation
#   Grant: OCE1634774
#--------------------
# Funding_Agency
#   Funding_Agency_Name: US Geological Survey
#   Grant: NE/L002493/1
#--------------------
# Funding_Agency
#   Funding_Agency_Name: Japan Society for the Promotion of Science (JSPS)
#   Grant: JPMXS05R2900001
#--------------------
# Site_Information
#   Site_Name: IODP U1446
#   Location: Indian Ocean
#   Northernmost_Latitude: 19.083
#   Southernmost_Latitude: 19.083
#   Easternmost_Longitude: 85.733
#   Westernmost_Longitude: 85.733
#   Elevation_m: -1440
#--------------------
# Data_Collection
#   Collection_Name: U1446 d18Osw Clemens2021
#   First_Year: 1462340
#   Last_Year: 320
#   Time_Unit: cal yr BP
#   Core_Length_m:
#   Parameter_Keywords: geochemistry, oxygen isotopes, reconstruction
#   Notes: http://publications.iodp.org/proceedings/353/353title.html; 204 m composite depth.
#--------------------
# Chronology_Information
# Chronology:
# 
#--------------------
# Variables
# PaST_Thesaurus_Download_Resource: https://www.ncei.noaa.gov/access/paleo-search/skos/past-thesaurus.rdf
#   PaST_Thesaurus_Download_Description: Paleoenvironmental Standard Terms (PaST) Thesaurus terms, definitions, and relationships in SKOS format.
#
# Data variables follow that are preceded by '##' in columns one and two.
# Variables list, one per line, shortname-tab-var components: what, material, error, units, seasonality, data type, detail, method, C or N for Character or Numeric data)
#
## Age	age,,,calendar kiloyear before present,,climate reconstructions;paleoceanography,,,N,
## SL_Scaled	relative sea level,delta 18O,,meter,,climate reconstructions;paleoceanography,,,N,U1446 benthic foram d18O scaled to modern sea level; input to PSU Solver
## SL_Scaled_averaged	notes,,,dimensionless,,paleoceanography,,,N,1 indicates value is average of  data point above and below
## d18O_G_ruber	delta 18O,Globigerinoides ruber,,per mil VPDB,,paleoceanography,,,N,input to PSU Solver
## d18O_G_ruber_averaged	notes,,,dimensionless,,paleoceanography,,,N,1 indicates value is average of data point above and below
## TEX_SST	sea surface temperature,glycerol dialkyl glycerol tetraether index,,degree Celsius,,climate reconstructions;paleoceanography,,,N,Sea surface temperature from TEX86H; input to PSU Solver
## TEX_SST_averaged	notes,,,dimensionless,,paleoceanography,,,N,1 indicates value is average of  data point above and below
## d18Osw_output_TEX	delta 18O,sea water,,per mil SMOW,,climate reconstructions;paleoceanography,,,N,Seawater d18O; output from Paleo-Seawater Uncertainty Solver (PSU); Thirumalai et al. 2016
## minus_1_sigma_TEX	delta 18O,sea water,one standard deviation lower bound,per mil SMOW,,climate reconstructions;paleoceanography,,,N,Output from PSU Solver; Thirumalai et al. 2016
## plus_1_sigma_TEX	delta 18O,sea water,one standard deviation upper bound,per mil SMOW,,climate reconstructions;paleoceanography,,,N,Output from PSU Solver; Thirumalai et al. 2016
## minus_2_sigma_TEX	delta 18O,sea water,two standard deviations lower bound,per mil SMOW,,climate reconstructions;paleoceanography,,,N,Output from PSU Solver; Thirumalai et al. 2016
## plus_2_sigma_TEX	delta 18O,sea water,two standard deviations upper bound,per mil SMOW,,climate reconstructions;paleoceanography,,,N,Output from PSU Solver; Thirumalai et al. 2016
## Shakun_SST	sea surface temperature,,,degree Celsius,,climate reconstructions;paleoceanography,,,N,Shakun et al. 2015; Values adjusted to U1446 core top value; interpolated to U1446 ages;Input to PSU Solver
## d18Osw_out_Shakun	delta 18O,sea water,,per mil SMOW,,climate reconstructions;paleoceanography,,,N,Seawater d18O using Shakun et al. SST; output from Paleo-Seawater Uncertainty Solver (PSU); Thirumalai et al. 2016
## Mg/Ca	magnesium/calcium,,,dimensionless,,paleoceanography,,,N,Input to PSU Solver
## d18Osw_out_Mg/Ca	delta 18O,sea water,,per mil SMOW,,climate reconstructions;paleoceanography,,,N,Seawater d18O using Mg/Ca; output from Paleo-Seawater Uncertainty Solver (PSU); Thirumalai et al. 2016
#--------------------
# Data:
# Data lines follow (have no #)
# Data line format - tab-delimited text, variable short name as header
# Missing_Values: nan
Age	SL_Scaled	SL_Scaled_averaged	d18O_G_ruber	d18O_G_ruber_averaged	TEX_SST	TEX_SST_averaged	d18Osw_output_TEX	minus_1_sigma_TEX	plus_1_sigma_TEX	minus_2_sigma_TEX	plus_2_sigma_TEX	Shakun_SST	d18Osw_out_Shakun	Mg/Ca	d18Osw_out_Mg/Ca
0.32	0.00	0	-2.88	0	28.55	0	-0.14	-0.58	0.29	-0.98	0.72	28.55	-0.10	4.63	-0.14
0.66	-6.51	0	-2.84	0	28.28	0	-0.07	-0.51	0.38	-0.92	0.81	28.55	-0.04	4.62	-0.06
1.05	-1.64	0	-2.78	0	28.51	0	-0.03	-0.46	0.40	-0.88	0.82	28.55	-0.11	4.72	-0.13
1.42	-1.78	0	-2.92	0	29.15	0	-0.16	-0.59	0.29	-1.04	0.72	28.55	-0.21	4.58	-0.20
1.81	-1.08	0	-3.02	0	28.70	0	-0.13	-0.57	0.31	-0.98	0.72	28.55	-0.30	4.70	-0.29
2.14	-5.66	0	-3.06	0	29.70	0	-0.04	-0.48	0.40	-0.89	0.83	28.55	-0.17	4.54	-0.16
2.61	1.92	0	-2.88	0	28.93	0	-0.06	-0.49	0.38	-0.91	0.80	28.55	-0.13	4.69	-0.17
3.15	-1.31	0	-2.93	0	28.89	0	-0.14	-0.58	0.29	-1.00	0.70	28.55	-0.20	4.55	-0.27
3.69	-6.27	0	-2.96	0	28.84	0	-0.32	-0.76	0.13	-1.20	0.54	28.56	-0.31	4.43	-0.24
4.23	-3.84	0	-3.11	0	28.37	0	-0.49	-0.92	-0.05	-1.34	0.37	28.57	-0.46	4.93	-0.34
4.70	-0.98	0	-3.30	0	28.56	0	-0.40	-0.84	0.04	-1.25	0.47	28.59	-0.37	4.73	-0.29
5.34	-6.32	0	-3.06	0	28.49	0	-0.28	-0.72	0.15	-1.15	0.58	28.61	-0.24	4.75	-0.24
5.88	-3.09	0	-2.98	0	28.45	0	-0.40	-0.85	0.05	-1.28	0.47	28.63	-0.42	4.59	-0.34
6.48	-3.89	0	-3.30	0	28.89	0	-0.46	-0.89	-0.02	-1.31	0.39	28.64	-0.48	4.82	-0.34
7.08	-4.26	0	-3.22	0	28.70	0	-0.59	-1.04	-0.15	-1.47	0.30	28.66	-0.55	4.91	-0.36
7.50	-11.00	0	-3.32	0	28.34	0	-0.38	-0.87	0.09	-1.34	0.54	28.67	-0.33	4.95	-0.20
8.27	-14.18	0	-2.91	0	28.55	0	-0.06	-0.52	0.40	-0.94	0.83	28.70	-0.04	4.89	-0.07
8.90	-16.01	0	-2.65	0	28.69	0	-0.35	-0.85	0.17	-1.30	0.66	28.72	-0.34	4.72	-0.37
9.48	-35.25	0	-3.07	0	28.73	0	-0.19	-0.70	0.30	-1.18	0.75	28.74	-0.17	4.66	-0.11
10.19	-20.55	0	-2.66	0	28.65	0	0.31	-0.21	0.79	-0.71	1.22	28.70	0.42	4.79	0.40
11.42	-26.96	0	-1.97	0	27.89	0	0.32	-0.12	0.77	-0.54	1.18	28.55	0.45	4.87	0.31
14.13	-62.26	0	-1.87	0	27.77	0	1.39	0.23	2.00	-0.38	2.47	28.33	1.33	4.58	1.27
16.87	-49.11	0	-0.62	0	28.14	0	0.68	0.08	1.71	-0.39	2.31	27.79	0.81	4.87	0.63
19.61	-123.02	0	-0.93	0	26.26	0	0.39	-0.05	0.82	-0.47	1.23	27.01	0.46	4.53	0.49
22.36	-121.57	0	-0.93	0	26.19	0	0.36	-0.08	0.78	-0.50	1.21	26.40	0.38	4.40	0.35
24.05	-109.30	0	-1.08	0	26.16	0	0.13	-0.33	0.60	-0.77	1.04	26.33	0.19	4.01	0.28
25.46	-104.81	0	-1.35	0	25.86	0	0.63	-0.03	1.18	-0.60	1.65	26.17	0.56	4.36	0.51
27.25	-86.83	0	-0.82	0	26.63	0	0.24	-0.32	0.92	-0.80	1.50	26.15	0.27	3.97	0.20
29.15	-109.07	0	-1.35	0	25.84	0	-0.03	-0.46	0.40	-0.89	0.82	26.15	0.00	4.04	-0.02
31.31	-98.16	0	-1.52	0	26.13	0	-0.02	-0.44	0.43	-0.85	0.85	26.14	-0.02	3.78	-0.11
33.28	-95.21	0	-1.51	0	26.15	0	-0.07	-0.50	0.37	-0.93	0.79	26.07	-0.09	3.62	0.01
35.25	-90.39	0	-1.69	0	26.26	0	0.05	-0.39	0.50	-0.82	0.90	26.21	0.15	4.28	0.13
37.21	-89.32	0	-1.32	0	25.59	0	0.01	-0.43	0.45	-0.83	0.86	26.37	0.08	3.88	0.00
38.95	-94.75	0	-1.60	0	26.31	0	0.02	-0.42	0.46	-0.83	0.87	26.43	-0.01	3.86	-0.12
41.31	-88.71	0	-1.60	0	26.57	0	-0.07	-0.53	0.37	-0.97	0.79	26.32	-0.12	3.68	-0.21
43.28	-96.85	0	-1.70	0	26.42	0	0.45	-0.21	1.00	-0.77	1.46	26.21	0.28	3.66	0.22
45.25	-45.41	0	-1.41	0	27.05	0	0.20	-0.33	0.78	-0.79	1.32	26.17	0.17	3.85	0.15
46.76	-79.44	0	-1.67	0	26.24	0	-0.33	-0.81	0.17	-1.26	0.64	26.32	-0.27	4.13	-0.39
48.31	-100.46	0	-1.95	0	26.20	0	-0.38	-0.81	0.06	-1.24	0.47	26.48	-0.29	3.62	-0.44
49.83	-91.00	0	-1.90	0	26.25	0	-0.44	-0.88	-0.01	-1.31	0.42	26.63	-0.16	3.56	-0.39
51.26	-84.12	0	-1.85	0	24.92	0	0.30	-0.36	0.83	-1.00	1.30	26.74	0.42	3.51	0.19
55.83	-62.49	0	-1.27	0	26.58	0	0.38	-0.08	0.84	-0.52	1.29	26.82	0.48	3.83	0.21
57.31	-89.27	0	-1.33	0	26.29	0	0.34	-0.10	0.78	-0.52	1.19	26.94	0.46	3.82	0.17
58.78	-82.90	0	-1.26	0	26.22	0	0.15	-0.31	0.61	-0.75	1.06	26.84	0.31	3.76	0.04
60.26	-99.80	0	-1.40	0	25.97	0	0.02	-0.40	0.46	-0.82	0.89	26.75	0.15	3.70	-0.01
62.72	-91.80	0	-1.50	0	25.97	0	-0.15	-0.60	0.30	-1.05	0.75	26.50	-0.06	3.82	0.05
65.23	-89.50	0	-1.74	0	25.83	0	-0.27	-0.71	0.16	-1.13	0.60	26.26	-0.17	4.35	0.01
67.74	-92.69	1	-1.75	0	25.74	0	-0.18	-0.63	0.27	-1.05	0.72	26.30	-0.09	nan	nan
70.25	-95.87	0	-1.66	0	26.18	0	0.27	-0.28	0.76	-0.79	1.23	26.34	0.13	3.88	0.14
72.76	-46.20	0	-1.70	0	27.33	0	0.05	-0.45	0.59	-0.93	1.09	26.38	0.05	4.10	-0.13
74.68	-81.40	0	-1.68	0	25.84	0	-0.60	-1.12	-0.01	-1.59	0.53	26.42	-0.53	3.73	-0.24
75.28	-83.46	0	-2.51	0	26.54	0	-0.19	-0.86	0.36	-1.46	0.84	26.47	-0.31	4.34	-0.13
75.91	-58.47	0	-2.02	0	27.40	0	0.21	-0.25	0.66	-0.67	1.08	26.58	0.08	4.15	-0.08
76.54	-42.79	0	-1.81	0	26.94	0	-0.10	-0.60	0.43	-1.06	0.92	26.69	-0.06	3.71	-0.20
77.17	-71.20	0	-2.02	0	26.29	0	-0.50	-0.97	-0.04	-1.41	0.41	26.81	-0.44	3.75	-0.30
77.84	-63.94	0	-2.50	0	26.68	0	-0.81	-1.27	-0.35	-1.70	0.09	26.93	-0.54	4.41	-0.44
79.14	-54.91	0	-2.63	0	25.35	0	-0.79	-1.24	-0.34	-1.66	0.09	27.19	-0.48	4.10	-0.48
79.77	-47.51	0	-2.61	0	26.20	0	-0.66	-1.11	-0.22	-1.52	0.21	27.34	-0.37	3.98	-0.45
80.41	-54.96	0	-2.41	0	25.83	1	-0.85	-1.31	-0.39	-1.74	0.06	27.48	-0.44	3.91	-0.42
81.02	-54.30	0	-2.66	0	25.45	0	-0.82	-1.26	-0.38	-1.71	0.06	27.60	-0.44	4.17	-0.32
81.61	-44.70	0	-2.67	0	26.12	0	-0.12	-0.80	0.43	-1.38	0.91	27.70	0.00	4.57	-0.13
82.33	-29.77	0	-2.25	0	27.58	0	0.42	-0.07	0.91	-0.56	1.36	27.75	0.38	4.04	0.05
82.94	-14.37	0	-1.99	0	28.05	0	0.53	0.10	0.98	-0.32	1.41	27.75	0.54	3.94	0.28
84.01	-23.59	0	-1.86	0	27.50	0	0.46	0.02	0.89	-0.40	1.32	27.75	0.52	4.33	0.32
85.14	-51.91	0	-1.67	0	27.22	1	-0.27	-0.81	0.36	-1.28	0.98	27.58	-0.11	4.21	-0.32
87.36	-80.66	0	-2.33	0	26.93	0	-0.35	-0.81	0.10	-1.24	0.52	27.45	-0.14	3.89	-0.28
88.39	-66.47	0	-2.02	0	26.19	0	-0.16	-0.61	0.28	-1.02	0.70	27.45	0.02	3.89	-0.16
89.42	-59.73	0	-2.02	0	26.65	0	-0.08	-0.50	0.36	-0.93	0.78	27.45	0.08	3.94	-0.07
90.45	-54.54	0	-2.05	0	26.81	1	0.07	-0.38	0.52	-0.81	0.94	27.46	0.17	4.12	0.00
91.34	-47.65	0	-1.92	0	26.97	0	-0.33	-0.84	0.25	-1.28	0.79	27.50	-0.18	4.06	-0.35
92.47	-51.73	0	-2.51	0	26.69	0	-0.51	-0.94	-0.07	-1.36	0.35	27.53	-0.38	3.95	-0.39
93.49	-49.25	0	-2.62	0	27.26	0	-0.40	-0.84	0.04	-1.28	0.47	27.62	-0.31	4.28	-0.29
94.52	-45.13	0	-2.49	0	27.29	1	-0.46	-0.91	-0.01	-1.36	0.44	27.75	-0.35	4.33	-0.33
95.55	-36.56	0	-2.73	0	27.31	0	-0.79	-1.27	-0.31	-1.74	0.18	27.89	-0.54	4.32	-0.49
96.57	-46.72	0	-2.87	0	26.35	0	-1.15	-1.61	-0.67	-2.05	-0.23	27.95	-0.80	4.31	-0.71
97.60	-56.69	0	-3.17	0	26.44	0	-0.90	-1.42	-0.40	-1.92	0.05	27.95	-0.62	4.30	-0.44
98.70	-50.42	0	-2.75	0	26.78	0	-0.53	-0.98	-0.05	-1.43	0.40	27.95	-0.27	4.51	-0.15
99.72	-30.19	0	-2.61	0	26.88	0	-0.21	-0.69	0.26	-1.20	0.71	28.00	0.00	4.68	0.01
100.75	-33.84	0	-2.24	0	26.91	0	-0.66	-1.21	-0.01	-1.67	0.54	28.07	-0.32	4.49	-0.43
101.78	-57.11	0	-2.74	0	26.39	0	-1.06	-1.51	-0.61	-1.94	-0.17	28.14	-0.66	4.27	-0.57
102.80	-65.02	0	-2.94	0	26.27	0	-0.95	-1.41	-0.50	-1.86	-0.05	28.12	-0.61	4.47	-0.38
103.83	-55.99	0	-2.75	0	26.45	0	-0.87	-1.31	-0.42	-1.75	0.06	28.09	-0.55	4.77	-0.27
104.86	-61.04	0	-2.81	0	26.62	0	-0.34	-0.98	0.20	-1.55	0.66	28.05	-0.19	5.06	-0.01
105.88	-28.27	0	-2.46	0	27.56	0	-0.06	-0.49	0.38	-0.90	0.81	27.99	0.15	4.77	0.13
106.91	-38.43	0	-2.10	0	26.62	0	-0.08	-0.54	0.37	-1.03	0.80	27.92	0.23	4.48	0.17
107.94	-75.69	0	-1.74	0	26.06	0	-0.69	-1.26	-0.01	-1.71	0.57	27.85	-0.30	4.44	-0.36
108.98	-70.78	0	-2.64	0	26.00	0	-0.63	-1.13	-0.16	-1.60	0.30	27.78	-0.35	4.38	-0.29
110.23	-67.08	0	-2.29	0	26.52	0	-0.48	-0.91	-0.05	-1.33	0.38	27.70	-0.30	4.28	-0.19
111.40	-61.65	0	-2.49	0	27.19	0	-0.29	-0.75	0.15	-1.20	0.58	27.70	-0.05	4.70	-0.14
112.56	-43.00	0	-2.20	0	26.46	0	-0.12	-0.56	0.32	-0.98	0.74	27.86	0.11	4.07	-0.12
113.73	-34.82	1	-2.28	0	27.05	0	0.02	-0.42	0.46	-0.85	0.89	28.01	0.18	4.04	-0.05
114.90	-26.64	0	-2.28	0	27.52	0	0.04	-0.39	0.47	-0.81	0.90	28.23	0.18	4.21	0.07
116.14	-17.27	0	-2.46	0	27.81	0	-0.05	-0.48	0.38	-0.89	0.82	28.48	0.09	4.75	-0.01
117.31	-9.92	0	-2.69	0	28.10	0	-0.12	-0.55	0.31	-0.96	0.73	28.71	-0.03	4.58	-0.15
118.48	-4.26	0	-2.89	0	28.58	1	-0.17	-0.61	0.27	-1.05	0.70	28.95	-0.13	4.55	-0.25
119.65	4.82	0	-3.09	0	29.06	0	-0.36	-0.81	0.09	-1.24	0.53	29.18	-0.28	4.61	-0.37
120.70	10.91	0	-3.40	0	28.90	0	-0.47	-0.90	-0.04	-1.32	0.37	29.37	-0.26	4.68	-0.43
121.96	25.96	1	-3.42	0	28.31	0	-0.50	-0.92	-0.06	-1.35	0.35	29.59	-0.21	4.73	-0.44
123.23	41.01	0	-3.53	0	28.28	1	-0.72	-1.18	-0.25	-1.61	0.18	29.74	-0.42	4.45	-0.59
124.39	5.10	0	-3.60	0	28.24	0	0.87	-0.82	1.46	-1.45	1.93	29.70	0.98	4.55	0.63
128.97	-37.96	0	-1.32	0	28.58	0	0.98	0.52	1.43	0.09	1.87	29.13	1.08	4.47	0.58
131.72	-77.75	1	-1.16	0	27.98	0	0.45	-0.07	1.00	-0.54	1.52	28.49	0.64	4.22	0.25
134.46	-117.54	0	-1.20	0	26.72	0	0.36	-0.09	0.80	-0.52	1.22	27.79	0.62	4.04	0.37
137.30	-84.59	0	-1.09	0	25.63	0	0.05	-0.44	0.56	-0.90	1.06	27.04	0.22	4.04	-0.03
140.05	-112.86	0	-1.50	0	26.16	0	0.03	-0.41	0.48	-0.85	0.91	26.78	0.19	3.83	0.05
142.79	-91.00	0	-1.41	0	26.03	0	0.54	-0.01	1.05	-0.51	1.51	26.81	0.64	3.93	0.30
145.49	-67.50	0	-1.08	0	26.46	0	0.75	0.32	1.18	-0.11	1.60	26.85	0.84	3.66	0.50
148.28	-57.62	0	-1.10	0	26.36	0	0.95	0.50	1.40	0.06	1.84	26.85	1.08	3.96	0.70
150.98	-44.05	0	-0.91	0	26.27	0	0.75	0.28	1.24	-0.17	1.72	26.88	0.92	3.92	0.64
153.72	-71.01	0	-1.07	0	26.04	0	0.12	-0.41	0.71	-0.86	1.25	26.87	0.44	4.14	0.24
156.47	-105.98	0	-1.26	0	24.85	0	-0.02	-0.44	0.41	-0.86	0.86	26.65	0.29	3.94	0.13
159.21	-92.83	0	-1.34	0	25.33	0	0.08	-0.36	0.51	-0.79	0.93	26.66	0.19	3.85	-0.45
161.96	-105.56	0	-1.44	0	26.67	0	-0.25	-0.73	0.26	-1.20	0.76	26.75	-0.39	nan	nan
164.52	-97.74	0	-2.19	0	27.50	0	-0.18	-0.65	0.28	-1.12	0.72	26.58	-0.15	3.50	0.20
167.27	-69.80	0	-1.78	0	26.09	0	-0.30	-0.77	0.16	-1.21	0.63	26.70	-0.16	4.67	0.00
170.01	-81.83	0	-2.05	0	26.15	0	-0.27	-0.73	0.17	-1.15	0.60	26.89	-0.19	4.43	-0.32
172.76	-92.73	0	-1.85	0	26.64	0	-0.16	-0.60	0.27	-1.02	0.69	26.89	-0.02	3.55	-0.28
175.41	-91.80	0	-1.67	0	26.04	0	-0.11	-0.55	0.31	-0.97	0.76	26.90	0.14	3.62	-0.07
178.25	-72.98	0	-1.67	0	25.50	0	0.01	-0.43	0.46	-0.86	0.87	26.91	0.24	3.83	0.07
181.01	-96.99	0	-1.41	0	26.03	0	0.11	-0.32	0.55	-0.75	0.97	26.92	0.32	3.98	0.30
183.75	-83.56	0	-1.44	0	25.94	0	0.10	-0.33	0.54	-0.78	0.96	27.00	0.36	4.45	0.31
186.22	-89.97	0	-1.34	0	25.52	0	0.23	-0.21	0.68	-0.67	1.11	26.85	0.37	nan	nan
189.34	-66.43	0	-1.52	0	26.53	0	0.29	-0.39	0.92	-1.02	1.45	26.90	0.38	4.01	0.34
192.08	-19.43	0	-1.54	0	27.15	0	0.11	-0.50	0.84	-1.06	1.41	27.26	0.26	3.85	0.10
192.92	-69.61	0	-1.90	0	26.48	0	-0.47	-1.01	0.14	-1.50	0.70	27.34	-0.20	nan	nan
193.76	-61.46	0	-2.50	0	26.01	0	-0.17	-0.85	0.44	-1.38	0.94	27.43	-0.01	nan	nan
194.56	-17.93	0	-2.13	0	27.09	0	-0.29	-0.83	0.30	-1.30	0.84	27.51	-0.04	3.92	0.36
195.26	-55.05	0	-2.37	0	26.16	0	-0.45	-0.90	0.00	-1.37	0.44	27.58	-0.13	nan	nan
196.23	-55.42	0	-2.15	0	25.88	0	-0.61	-1.08	-0.15	-1.52	0.31	27.63	-0.36	nan	nan
197.06	-49.01	0	-2.75	0	26.72	0	-0.65	-1.10	-0.22	-1.51	0.22	27.69	-0.46	nan	nan
197.90	-48.31	0	-2.69	0	26.91	0	-0.51	-0.96	-0.06	-1.39	0.38	27.74	-0.34	nan	nan
198.70	-43.58	0	-2.53	0	26.99	0	-0.61	-1.09	-0.14	-1.52	0.32	27.80	-0.46	nan	nan
199.68	-25.61	0	-3.07	0	27.19	1	-0.53	-1.01	-0.06	-1.46	0.38	27.85	-0.41	nan	nan
200.37	-28.84	0	-2.73	0	27.39	0	-0.27	-0.73	0.20	-1.17	0.70	27.91	-0.16	nan	nan
201.21	-18.44	0	-2.63	0	27.41	0	0.14	-0.39	0.64	-0.87	1.10	27.96	0.20	nan	nan
202.04	-1.78	0	-2.30	0	27.72	1	0.42	-0.04	0.87	-0.48	1.34	27.99	0.48	4.53	0.48
202.87	-3.79	0	-2.11	0	28.03	0	0.24	-0.24	0.73	-0.69	1.19	28.01	0.61	5.28	0.47
203.70	-6.88	0	-1.92	0	25.30	0	-0.03	-0.49	0.41	-0.93	0.84	28.04	0.50	4.24	0.16
204.53	-47.05	0	-1.92	0	25.62	0	-0.16	-0.60	0.28	-1.02	0.71	28.03	0.39	nan	nan
205.43	-37.26	0	-1.96	0	25.17	0	-0.14	-0.57	0.30	-1.01	0.72	28.00	0.28	nan	nan
206.38	-39.65	0	-2.14	0	26.35	0	-0.06	-0.53	0.40	-1.02	0.84	27.97	0.21	nan	nan
207.37	-36.37	0	-2.08	0	26.80	0	-0.40	-0.93	0.17	-1.40	0.70	28.00	-0.06	nan	nan
208.29	-41.47	0	-2.63	0	26.45	0	-0.34	-0.82	0.14	-1.30	0.57	28.12	-0.04	nan	nan
209.24	-31.18	0	-2.40	0	26.89	1	-0.14	-0.59	0.29	-1.01	0.71	28.25	0.08	nan	nan
210.19	-30.43	0	-2.38	0	27.33	0	-0.26	-0.73	0.19	-1.19	0.61	28.35	-0.06	nan	nan
211.14	-24.44	0	-2.64	0	27.30	0	-0.59	-1.08	-0.07	-1.54	0.43	28.35	-0.34	nan	nan
212.09	-25.04	0	-3.09	0	27.25	0	-0.24	-0.89	0.32	-1.43	0.81	28.35	-0.05	nan	nan
213.04	-27.67	0	-2.25	0	27.28	1	-0.43	-0.95	0.14	-1.41	0.67	28.36	-0.20	nan	nan
213.99	-29.44	0	-2.91	0	27.31	0	-0.68	-1.13	-0.24	-1.56	0.19	28.48	-0.42	nan	nan
214.94	-26.40	0	-3.00	0	27.32	0	-0.89	-1.34	-0.43	-1.78	0.03	28.61	-0.50	nan	nan
215.90	-43.86	0	-3.02	0	26.61	0	-0.06	-0.81	0.53	-1.51	1.03	28.74	0.27	nan	nan
218.76	-32.58	0	-1.76	0	26.55	0	0.00	-0.49	0.52	-0.92	1.00	28.20	0.34	3.97	0.00
219.71	-54.39	0	-2.10	0	26.54	0	0.04	-0.43	0.48	-0.87	0.92	28.05	0.31	3.93	0.12
220.69	-74.94	0	-1.64	0	26.60	0	0.02	-0.43	0.46	-0.86	0.88	27.92	0.27	4.33	-0.06
221.85	-94.89	0	-1.65	0	26.53	0	-0.47	-0.98	0.09	-1.45	0.62	27.77	-0.09	nan	nan
223.35	-102.28	0	-2.02	0	25.53	0	-0.25	-0.81	0.27	-1.32	0.75	27.61	-0.04	3.76	0.07
224.59	-79.72	0	-1.89	0	27.05	0	0.59	-0.13	1.17	-0.73	1.63	27.49	0.51	4.67	0.55
225.96	-65.07	0	-1.28	0	27.92	0	-0.10	-0.70	0.89	-1.17	1.47	27.45	0.17	4.56	0.19
227.37	-86.83	0	-1.95	0	26.00	0	0.06	-0.50	0.58	-1.03	1.06	27.45	0.29	nan	nan
228.79	-63.99	0	-1.53	0	26.31	0	-0.15	-0.65	0.39	-1.10	0.90	27.48	0.14	nan	nan
230.15	-75.41	0	-1.96	0	25.99	0	-0.41	-0.85	0.02	-1.26	0.44	27.52	-0.20	nan	nan
231.40	-62.82	0	-2.37	0	26.84	0	-0.46	-0.88	-0.02	-1.31	0.40	27.59	-0.31	5.28	-0.12
232.66	-53.60	0	-2.51	0	27.10	0	-0.40	-0.84	0.03	-1.26	0.46	27.72	-0.29	nan	nan
233.91	-50.98	0	-2.50	0	27.39	0	-0.44	-0.88	-0.01	-1.31	0.41	27.84	-0.32	nan	nan
235.21	-38.15	0	-2.67	0	27.24	0	-0.80	-1.29	-0.30	-1.73	0.18	28.01	-0.62	5.02	-0.28
236.47	-32.30	0	-3.23	0	27.32	0	-0.86	-1.31	-0.42	-1.74	0.01	28.18	-0.67	5.19	-0.30
237.72	-29.12	0	-3.18	0	27.60	0	-0.57	-1.05	-0.12	-1.51	0.33	28.42	-0.31	nan	nan
238.98	-22.52	0	-2.78	0	27.20	0	-0.55	-0.99	-0.09	-1.42	0.43	28.72	-0.18	nan	nan
240.24	-27.85	0	-2.87	0	27.18	0	0.37	-0.63	0.97	-1.23	1.44	28.91	0.66	4.19	0.35
241.49	-10.67	0	-1.78	0	27.27	1	0.78	0.34	1.22	-0.11	1.64	28.70	1.02	4.16	0.50
242.75	-21.25	0	-1.52	0	27.36	0	0.13	-0.43	0.88	-0.90	1.47	28.49	0.55	4.12	-0.03
244.50	-92.03	0	-1.63	0	25.94	0	0.27	-0.26	0.77	-0.76	1.23	28.09	0.47	3.77	0.10
246.75	-80.28	0	-1.39	0	27.11	0	0.21	-0.26	0.67	-0.71	1.13	27.65	0.34	3.91	-0.09
248.99	-104.44	0	-1.45	0	26.64	0	-0.16	-0.63	0.31	-1.08	0.78	27.35	0.11	3.55	-0.32
251.23	-108.65	0	-1.53	0	25.37	0	-0.42	-0.86	0.02	-1.27	0.45	26.97	-0.08	3.32	-0.48
253.48	-105.47	0	-1.71	0	25.14	0	-0.09	-0.63	0.41	-1.10	0.86	26.80	0.13	3.26	-0.13
255.72	-81.83	0	-1.48	0	25.90	0	0.18	-0.27	0.60	-0.70	1.03	26.72	0.28	3.60	0.00
257.97	-73.87	0	-1.51	0	26.30	0	0.36	-0.08	0.81	-0.53	1.24	26.65	0.39	3.65	0.10
260.29	-75.32	0	-1.35	0	26.66	0	0.40	-0.04	0.83	-0.46	1.24	26.65	0.42	3.68	0.27
262.53	-86.09	0	-1.26	0	26.34	0	0.07	-0.40	0.58	-0.84	1.05	26.49	0.21	4.08	0.02
264.78	-104.86	0	-1.36	0	25.45	0	-0.19	-0.63	0.26	-1.05	0.69	26.32	-0.05	3.63	-0.07
267.02	-106.03	0	-1.58	0	25.67	0	-0.02	-0.48	0.44	-0.93	0.88	26.25	0.00	3.99	-0.05
269.22	-96.43	0	-1.46	0	26.37	0	0.07	-0.36	0.50	-0.78	0.92	26.25	0.00	3.73	-0.28
271.46	-81.69	0	-1.69	0	26.74	0	-0.27	-0.75	0.23	-1.20	0.71	26.30	-0.31	nan	nan
273.71	-72.42	0	-2.20	0	26.51	0	-0.26	-0.71	0.19	-1.15	0.62	26.40	-0.32	nan	nan
275.95	-81.78	0	-1.96	0	26.85	0	-0.25	-0.67	0.19	-1.11	0.60	26.55	-0.30	nan	nan
278.20	-58.84	0	-2.27	0	27.05	0	-0.71	-1.21	-0.16	-1.67	0.36	26.85	-0.73	nan	nan
280.44	-57.60	0	-2.92	0	27.11	0	-0.62	-1.10	-0.15	-1.55	0.28	27.05	-0.60	nan	nan
282.68	-54.68	0	-2.53	0	27.17	0	-0.13	-0.64	0.37	-1.14	0.81	27.27	-0.01	3.54	-0.03
284.93	-27.34	0	-2.19	0	26.88	0	-0.03	-0.47	0.40	-0.90	0.82	27.64	0.17	4.26	-0.18
286.93	-49.81	0	-2.03	0	26.51	0	-0.30	-0.76	0.16	-1.19	0.63	27.65	-0.05	3.57	-0.36
289.00	-71.11	0	-2.16	0	26.30	0	-0.09	-0.58	0.40	-1.06	0.86	27.55	0.11	3.75	-0.32
291.07	-89.18	0	-1.57	0	26.52	0	-0.09	-0.53	0.36	-0.96	0.81	27.33	0.04	nan	nan
293.15	-85.06	0	-1.83	0	26.52	0	-0.37	-0.83	0.09	-1.27	0.53	26.99	-0.20	nan	nan
295.21	-93.72	0	-1.99	0	26.07	0	-0.35	-0.79	0.09	-1.23	0.53	27.02	-0.12	3.73	-0.22
297.28	-67.03	0	-2.01	0	26.07	1	-0.40	-0.85	0.03	-1.27	0.46	27.24	-0.17	4.03	-0.11
299.31	-84.03	0	-2.05	0	26.06	0	-0.54	-0.99	-0.11	-1.41	0.33	27.17	-0.38	nan	nan
301.38	-67.88	0	-2.42	0	26.62	0	0.00	-0.66	0.55	-1.22	1.01	27.29	0.12	nan	nan
303.45	-21.95	0	-2.02	0	26.85	0	-0.54	-1.13	0.27	-1.59	0.84	27.45	-0.28	nan	nan
305.52	-74.50	0	-2.47	0	25.99	0	-0.93	-1.38	-0.48	-1.80	-0.07	27.45	-0.71	nan	nan
307.59	-66.05	0	-2.86	0	26.74	0	-0.86	-1.32	-0.42	-1.74	-0.02	27.67	-0.61	nan	nan
309.66	-46.20	0	-2.80	0	26.55	0	-0.35	-0.91	0.16	-1.43	0.62	27.87	-0.20	nan	nan
311.73	-25.28	0	-2.50	0	27.44	0	-0.17	-0.60	0.27	-1.02	0.69	27.94	-0.05	4.01	-0.03
313.80	-24.39	0	-2.49	0	27.26	0	-0.02	-0.48	0.43	-0.89	0.85	27.89	0.07	4.69	-0.15
315.59	-19.57	0	-2.36	0	27.53	0	-0.08	-0.52	0.37	-0.94	0.81	27.85	-0.06	nan	nan
318.01	-16.34	0	-2.64	0	27.85	0	-0.16	-0.60	0.27	-1.01	0.70	27.86	-0.20	nan	nan
320.08	-11.70	0	-2.82	0	28.34	0	0.03	-0.43	0.48	-0.87	0.90	28.13	-0.04	nan	nan
322.15	1.97	0	-2.70	0	28.69	0	-0.01	-0.46	0.43	-0.90	0.86	28.41	-0.04	4.56	-0.20
324.22	2.48	0	-2.91	0	28.65	0	-0.14	-0.58	0.29	-1.00	0.70	28.66	-0.14	4.30	-0.40
326.22	3.98	0	-3.02	0	28.72	0	-0.28	-0.72	0.15	-1.16	0.58	28.73	-0.24	4.04	0.46
328.57	-9.32	0	-3.06	0	28.67	0	-0.53	-0.99	-0.07	-1.43	0.38	28.96	-0.40	nan	nan
330.36	-6.41	0	-3.31	0	28.34	0	-0.37	-0.84	0.11	-1.30	0.55	29.10	-0.27	nan	nan
332.43	0.42	0	-3.01	0	28.49	0	0.48	-0.28	1.04	-0.85	1.52	28.82	0.61	nan	nan
334.50	2.90	0	-1.91	0	27.78	0	1.02	0.55	1.51	0.05	1.94	28.44	1.12	4.15	0.81
336.56	-12.69	0	-1.30	0	27.55	1	0.89	0.41	1.37	-0.03	1.83	27.85	0.82	4.48	0.49
338.70	-98.30	0	-0.99	0	27.32	0	0.34	-0.16	0.89	-0.60	1.39	26.78	0.40	3.97	0.17
340.88	-127.75	0	-1.07	0	26.04	0	0.09	-0.34	0.52	-0.77	0.96	26.65	0.21	3.77	0.20
343.06	-116.23	0	-1.29	0	26.12	1	0.19	-0.25	0.62	-0.69	1.04	26.65	0.29	4.38	0.09
345.24	-100.36	0	-1.24	0	26.19	0	0.42	-0.03	0.86	-0.47	1.31	26.63	0.44	3.55	0.02
347.36	-76.77	0	-1.26	0	26.59	0	1.01	0.41	1.54	-0.14	2.01	26.49	0.55	3.35	0.20
349.54	-76.12	0	-1.12	0	29.37	0	0.71	0.17	1.31	-0.29	1.86	26.29	0.29	3.64	-0.13
351.72	-101.35	0	-1.34	0	27.89	1	0.32	-0.13	0.77	-0.55	1.21	26.18	0.18	3.26	-0.24
353.94	-102.35	1	-1.27	0	26.41	0	0.05	-0.41	0.50	-0.84	0.94	26.25	0.08	nan	nan
356.15	-103.36	0	-1.43	0	25.79	0	0.16	-0.31	0.61	-0.75	1.06	26.10	0.19	3.26	-0.10
358.63	-91.56	0	-1.24	0	25.92	0	0.20	-0.23	0.63	-0.65	1.07	26.05	0.16	3.41	-0.07
360.51	-91.09	0	-1.42	0	26.38	0	0.41	-0.05	0.87	-0.52	1.31	26.03	0.34	3.51	0.17
362.62	-73.63	0	-1.19	0	26.26	1	-0.12	-0.69	0.59	-1.16	1.16	25.96	-0.17	3.68	-0.32
364.87	-93.53	0	-1.91	0	26.15	0	-0.27	-0.72	0.17	-1.14	0.59	26.01	-0.33	3.65	-0.48
367.06	-86.27	0	-1.83	0	26.25	0	-0.60	-1.09	-0.07	-1.55	0.44	25.98	-0.70	3.24	-0.79
369.24	-84.31	0	-2.42	0	26.43	0	-0.75	-1.18	-0.31	-1.60	0.12	25.81	-0.98	3.36	-0.84
371.42	-81.64	0	-2.53	0	26.96	0	-0.03	-0.78	0.54	-1.35	1.03	25.52	-0.23	3.56	-0.23
373.45	-77.24	0	-1.52	0	26.55	0	-0.27	-0.80	0.33	-1.25	0.89	25.65	-0.41	3.42	-0.16
375.78	-85.57	0	-2.20	0	26.74	0	-0.09	-0.62	0.42	-1.14	0.88	26.04	-0.17	4.52	-0.17
377.81	-72.89	0	-1.72	0	26.73	0	-0.64	-1.23	0.13	-1.71	0.71	26.52	-0.84	3.60	-0.28
380.14	-72.32	0	-2.88	0	27.38	0	-0.40	-1.01	0.12	-1.57	0.58	26.41	-0.61	nan	nan
382.31	-40.26	0	-2.41	0	27.45	0	-0.38	-0.84	0.07	-1.27	0.51	26.48	-0.60	3.91	-0.44
385.81	-68.44	0	-2.53	0	27.69	0	-0.16	-0.66	0.31	-1.13	0.75	26.59	-0.33	4.13	-0.07
391.11	-30.99	0	-2.31	0	27.42	0	-0.38	-0.85	0.10	-1.30	0.56	26.75	-0.46	nan	nan
401.62	4.31	0	-3.42	0	28.98	0	-0.35	-0.80	0.10	-1.25	0.53	28.30	-0.45	nan	nan
403.38	4.59	0	-3.17	0	29.01	0	-0.44	-0.90	0.02	-1.33	0.45	28.59	-0.47	nan	nan
405.13	-1.08	0	-3.36	0	28.82	0	-0.44	-0.92	0.05	-1.37	0.52	28.87	-0.48	nan	nan
410.53	0.51	0	-3.54	0	29.10	0	-0.33	-0.82	0.15	-1.31	0.60	28.98	-0.40	nan	nan
412.28	-0.75	0	-3.15	0	29.45	0	0.03	-0.43	0.50	-0.89	0.93	28.99	-0.04	nan	nan
414.04	0.61	0	-2.81	0	29.34	0	0.00	-0.44	0.46	-0.86	0.89	29.04	-0.05	nan	nan
415.85	-2.57	0	-2.93	0	29.02	0	0.16	-0.50	0.92	-1.03	1.50	28.80	0.18	nan	nan
426.36	-62.82	0	-2.44	0	27.46	0	0.60	-0.42	1.19	-1.03	1.64	27.77	0.63	3.89	0.43
428.34	-115.90	0	-0.68	0	27.15	0	0.44	-0.07	1.00	-0.54	1.52	27.37	0.46	3.96	0.05
431.43	-144.79	0	-0.98	0	26.66	0	0.28	-0.16	0.70	-0.58	1.12	26.67	0.07	3.59	-0.05
434.97	-141.70	0	-1.13	0	27.42	0	0.27	-0.17	0.70	-0.58	1.11	25.95	0.00	3.75	-0.08
437.49	-126.34	0	-1.17	0	26.90	0	0.09	-0.36	0.54	-0.80	0.96	25.70	-0.06	3.55	0.02
439.93	-127.70	0	-1.30	0	26.31	0	-0.14	-0.59	0.31	-1.02	0.73	25.91	-0.17	4.15	-0.26
442.08	-113.99	0	-1.59	0	26.18	0	0.11	-0.39	0.59	-0.86	1.05	26.24	0.07	3.50	-0.13
444.44	-104.81	0	-1.34	0	26.91	0	0.53	0.05	1.00	-0.43	1.42	26.58	0.46	3.61	0.32
446.66	-71.95	0	-1.25	0	27.12	0	0.22	-0.28	0.78	-0.72	1.29	26.73	0.31	4.06	0.12
449.43	-111.74	0	-1.27	0	25.77	0	-0.04	-0.48	0.40	-0.90	0.82	26.50	0.02	3.79	-0.32
451.94	-93.06	0	-1.70	0	26.54	0	0.03	-0.40	0.47	-0.85	0.91	26.65	0.13	3.31	-0.28
454.16	-98.44	0	-1.36	0	25.99	0	-0.19	-0.66	0.28	-1.11	0.76	26.63	-0.11	3.28	-0.03
456.38	-108.41	0	-1.73	0	26.13	1	-0.41	-0.85	0.03	-1.28	0.45	26.34	-0.47	nan	nan
458.60	-96.90	0	-1.99	0	26.27	0	0.11	-0.53	0.65	-1.09	1.11	25.75	-0.07	nan	nan
460.89	-74.48	0	-1.47	0	26.74	0	-0.28	-0.77	0.29	-1.23	0.87	25.78	-0.41	3.66	0.08
467.55	-99.38	0	-1.80	0	26.00	0	-0.41	-0.85	0.02	-1.28	0.45	25.59	-0.55	4.68	-0.35
469.70	-81.92	0	-2.13	0	26.45	0	0.55	-0.46	1.15	-1.06	1.62	25.67	0.15	nan	nan
471.92	-39.42	0	-1.44	0	27.75	0	-0.24	-0.83	0.87	-1.30	1.47	25.69	-0.33	nan	nan
474.13	-67.83	0	-2.21	0	25.91	0	-0.26	-0.74	0.20	-1.21	0.65	25.60	-0.35	nan	nan
476.35	-53.36	0	-2.10	0	26.62	0	0.11	-0.36	0.59	-0.84	1.03	26.27	0.03	nan	nan
478.57	-43.82	0	-1.82	0	26.81	0	0.05	-0.41	0.51	-0.84	0.97	26.40	0.02	nan	nan
480.72	-49.48	0	-2.02	0	26.65	1	-0.42	-0.91	0.11	-1.37	0.62	26.56	-0.33	nan	nan
482.94	-47.33	0	-2.57	0	26.49	0	0.10	-0.50	0.60	-1.12	1.07	27.14	0.04	4.02	-0.24
488.71	-30.38	0	-2.30	0	28.01	0	0.27	-0.17	0.71	-0.61	1.15	27.67	0.20	nan	nan
490.93	-25.70	0	-2.19	0	28.34	0	0.31	-0.12	0.75	-0.54	1.18	27.95	0.29	nan	nan
492.51	-37.26	0	-2.10	0	28.20	0	0.48	0.01	0.94	-0.49	1.37	28.12	0.54	nan	nan
494.20	-56.36	0	-1.60	0	27.86	0	-0.05	-0.61	0.65	-1.08	1.21	28.35	0.10	nan	nan
495.73	-57.25	0	-2.44	0	27.65	0	-0.03	-0.52	0.45	-0.98	0.90	28.40	0.04	nan	nan
497.32	-52.33	0	-2.16	0	28.12	0	-0.02	-0.46	0.43	-0.90	0.86	28.29	0.05	4.03	0.19
498.91	-52.29	0	-2.29	0	27.83	1	-0.38	-0.84	0.12	-1.30	0.58	28.31	-0.21	nan	nan
500.49	-62.77	0	-2.59	0	27.54	0	-0.46	-0.89	-0.02	-1.31	0.41	28.42	-0.26	nan	nan
502.02	-68.30	0	-2.42	0	27.46	0	-0.59	-1.04	-0.13	-1.48	0.31	28.38	-0.34	nan	nan
503.66	-77.71	0	-2.51	0	26.98	0	-0.26	-0.82	0.26	-1.35	0.70	28.27	-0.02	nan	nan
505.30	-65.68	0	-2.05	0	27.27	0	-0.45	-0.94	0.09	-1.40	0.58	28.34	0.07	nan	nan
506.88	-77.43	0	-2.12	0	25.31	0	-0.36	-0.84	0.11	-1.30	0.56	28.44	0.02	nan	nan
508.47	-71.48	0	-2.12	0	26.97	0	-0.16	-0.59	0.28	-1.02	0.70	28.15	0.04	5.32	0.08
510.06	-82.72	0	-1.93	0	27.09	1	-0.19	-0.63	0.26	-1.05	0.68	27.87	-0.01	nan	nan
511.75	-90.25	0	-2.01	0	27.21	0	0.00	-0.47	0.45	-0.93	0.91	28.09	0.17	nan	nan
513.48	-82.58	0	-1.77	0	27.37	0	0.22	-0.23	0.66	-0.67	1.08	28.20	0.29	nan	nan
516.10	-83.04	0	-1.68	0	27.82	0	-0.06	-0.55	0.44	-0.99	0.92	27.95	0.16	nan	nan
518.09	-73.63	0	-1.99	0	26.51	0	-0.14	-0.58	0.30	-1.00	0.71	28.02	0.03	4.67	0.00
520.40	-72.65	0	-2.11	0	27.62	0	-0.27	-0.71	0.18	-1.13	0.61	28.05	-0.10	4.49	-0.37
522.71	-74.15	0	-2.24	0	27.13	1	-0.32	-0.75	0.11	-1.18	0.53	28.06	-0.05	nan	nan
524.35	-61.46	0	-2.19	0	26.64	0	-0.62	-1.10	-0.13	-1.55	0.36	28.13	-0.32	nan	nan
526.58	-76.68	0	-2.56	0	26.74	0	-0.45	-0.95	0.05	-1.43	0.50	28.20	-0.14	4.35	-0.28
528.97	-75.51	0	-2.07	0	26.60	0	-0.16	-0.61	0.28	-1.04	0.70	28.12	0.03	nan	nan
531.27	-75.60	0	-1.97	0	27.04	0	0.33	-0.22	0.83	-0.76	1.29	27.70	0.41	3.74	0.44
533.58	-59.64	0	-1.29	0	26.16	0	0.17	-0.31	0.68	-0.77	1.16	26.54	0.30	4.24	0.09
536.00	-99.71	0	-1.44	0	26.02	0	-0.04	-0.47	0.39	-0.87	0.80	26.76	0.07	3.85	-0.09
538.67	-105.00	0	-1.50	0	26.15	0	-0.29	-0.75	0.17	-1.18	0.61	26.55	-0.26	3.72	-0.24
541.43	-109.54	0	-1.86	0	26.43	0	-0.17	-0.64	0.29	-1.07	0.71	26.45	-0.18	4.00	-0.02
544.10	-98.26	0	-1.68	0	26.72	0	-0.03	-0.47	0.40	-0.89	0.81	26.61	-0.02	4.35	-0.02
546.78	-93.62	0	-1.60	0	26.45	0	-0.17	-0.62	0.26	-1.05	0.70	26.52	-0.11	nan	nan
549.45	-95.45	0	-1.75	0	26.08	0	-0.30	-0.74	0.13	-1.17	0.55	26.40	-0.31	4.00	0.05
552.30	-93.34	0	-1.94	0	26.52	1	-0.20	-0.65	0.24	-1.08	0.67	26.26	-0.17	4.94	-0.08
554.49	-58.47	0	-2.11	0	26.95	0	-0.40	-0.86	0.08	-1.31	0.55	27.24	-0.30	4.00	-0.09
556.32	-66.10	0	-2.40	0	26.75	0	-0.67	-1.11	-0.22	-1.57	0.21	27.27	-0.57	4.91	0.06
558.15	-69.19	0	-2.56	0	26.60	0	-0.56	-1.02	-0.11	-1.46	0.33	27.04	-0.60	nan	nan
559.98	-60.71	0	-2.56	0	27.54	0	0.21	-0.52	0.77	-1.10	1.24	26.98	-0.01	nan	nan
562.03	-41.52	0	-1.88	0	28.10	0	0.19	-0.28	0.67	-0.72	1.14	26.91	0.05	4.57	0.01
563.86	-57.30	0	-2.01	0	27.29	0	0.01	-0.43	0.45	-0.85	0.86	26.85	0.01	3.96	0.36
565.69	-46.09	0	-2.09	0	26.95	0	0.00	-0.43	0.44	-0.85	0.87	27.14	0.01	5.39	-0.02
567.52	-41.94	0	-2.21	0	27.46	1	0.11	-0.32	0.56	-0.74	0.98	27.41	0.06	4.07	0.02
569.35	-39.13	0	-2.19	0	27.97	0	-0.71	-1.23	-0.02	-1.72	0.68	27.59	-0.65	nan	nan
574.91	-27.48	0	-3.24	0	28.36	0	-0.90	-1.35	-0.43	-1.81	0.02	28.51	-0.81	nan	nan
576.74	-29.16	0	-3.45	0	28.10	1	-0.13	-1.02	0.46	-1.63	0.94	28.58	-0.01	nan	nan
578.45	-19.85	0	-2.32	0	27.85	0	0.31	-0.14	0.76	-0.57	1.17	28.40	0.48	4.57	0.11
580.40	-54.44	0	-1.66	0	27.15	0	-0.26	-0.82	0.44	-1.28	1.00	28.11	0.00	3.81	-0.32
582.29	-85.43	0	-2.20	0	26.62	0	-0.23	-0.71	0.24	-1.18	0.68	27.85	-0.05	3.92	0.03
584.19	-97.98	0	-1.81	0	27.17	0	-0.11	-0.55	0.32	-0.96	0.74	27.85	0.02	4.72	-0.02
586.08	-96.67	0	-1.86	0	27.28	0	-0.05	-0.48	0.39	-0.89	0.82	27.92	0.02	4.31	-0.08
587.98	-74.29	0	-2.06	0	27.83	0	0.11	-0.33	0.55	-0.76	1.00	28.05	0.14	4.33	0.05
589.87	-34.97	0	-2.21	0	27.96	0	-0.54	-1.09	0.20	-1.55	0.80	28.11	-0.37	4.49	0.14
591.77	-80.91	0	-2.66	0	27.35	0	-0.79	-1.23	-0.34	-1.67	0.16	28.26	-0.45	nan	nan
593.19	-71.01	0	-2.64	0	26.56	0	-0.35	-0.94	0.18	-1.48	0.64	28.45	-0.07	nan	nan
594.39	-48.31	0	-2.26	0	27.20	0	-0.44	-0.91	0.04	-1.35	0.49	28.47	-0.20	nan	nan
600.83	-70.36	0	-2.34	0	27.16	1	-0.55	-1.00	-0.11	-1.42	0.34	27.95	-0.30	nan	nan
602.72	-61.65	0	-2.61	0	27.11	0	-0.26	-0.77	0.24	-1.28	0.68	28.41	0.01	nan	nan
604.62	-44.75	0	-2.22	0	27.15	0	0.02	-0.41	0.46	-0.83	0.89	28.40	0.25	4.94	-0.31
606.51	-38.01	0	-2.15	0	27.37	0	0.12	-0.31	0.55	-0.72	0.98	28.37	0.24	nan	nan
608.41	-41.24	0	-2.20	0	28.00	0	0.07	-0.37	0.50	-0.79	0.91	28.43	0.14	nan	nan
610.30	-29.07	0	-2.49	0	28.38	0	-0.16	-0.62	0.29	-1.06	0.73	28.72	-0.05	nan	nan
612.26	-21.49	0	-2.83	0	28.38	0	-0.45	-0.90	-0.01	-1.32	0.44	29.07	-0.24	4.32	-0.38
614.15	-32.07	0	-2.96	0	28.06	0	-0.81	-1.27	-0.33	-1.72	0.10	29.20	-0.54	nan	nan
616.05	-42.36	0	-3.25	0	27.92	1	-0.64	-1.13	-0.16	-1.58	0.28	29.18	-0.38	5.34	-0.15
617.95	-62.45	0	-2.63	0	27.78	0	-0.09	-0.63	0.41	-1.14	0.86	29.05	0.21	nan	nan
619.84	-59.36	0	-1.94	0	27.21	0	0.14	-0.31	0.58	-0.74	1.00	28.80	0.38	3.98	0.02
625.09	-126.02	0	-1.17	0	26.93	0	0.11	-0.33	0.55	-0.76	0.99	27.87	0.35	3.83	0.04
625.92	-143.99	0	-1.09	1	26.09	0	0.12	-0.32	0.55	-0.75	0.98	27.29	0.29	3.92	0.03
628.63	-137.67	1	-1.01	0	26.10	1	0.12	-0.32	0.55	-0.76	0.97	26.72	0.23	nan	nan
631.33	-131.35	0	-1.12	0	26.10	0	0.27	-0.19	0.74	-0.64	1.18	26.60	0.29	3.77	0.05
633.82	-123.30	0	-1.04	0	26.90	0	0.18	-0.26	0.65	-0.73	1.10	26.64	0.27	nan	nan
635.28	-119.79	0	-1.22	0	25.98	0	-0.29	-0.79	0.22	-1.25	0.71	26.78	-0.11	3.88	-0.27
638.61	-125.69	0	-1.63	0	25.60	0	-0.33	-0.75	0.12	-1.20	0.54	26.58	-0.13	3.70	-0.40
641.74	-102.33	0	-1.61	0	25.64	0	-0.05	-0.52	0.41	-0.96	0.84	26.55	0.05	3.27	-0.10
644.86	-96.67	0	-1.46	0	26.14	0	0.27	-0.19	0.73	-0.63	1.18	26.45	0.26	3.78	0.13
647.99	-89.74	0	-1.28	0	26.60	0	0.44	0.01	0.89	-0.42	1.32	26.35	0.44	3.86	0.27
651.32	-104.39	0	-1.03	0	26.45	0	0.25	-0.21	0.71	-0.66	1.21	26.54	0.24	3.91	0.24
654.55	-86.60	0	-1.53	0	26.50	0	0.43	-0.05	0.91	-0.54	1.37	26.49	0.40	4.27	0.48
658.71	-91.70	0	-1.09	0	26.75	0	-0.29	-0.88	0.60	-1.34	1.22	26.59	-0.10	4.43	-0.24
662.69	-104.90	0	-1.97	0	25.92	0	-0.46	-0.89	-0.02	-1.32	0.40	27.01	-0.20	4.03	-0.35
667.26	-104.95	0	-1.72	0	25.50	0	-0.05	-0.56	0.42	-1.06	0.87	26.79	0.03	3.53	-0.21
670.53	-80.09	0	-1.65	0	26.74	0	0.08	-0.35	0.50	-0.78	0.93	26.77	0.07	3.62	-0.06
673.80	-76.30	0	-1.81	0	27.17	0	0.19	-0.27	0.66	-0.70	1.10	27.05	0.03	4.08	-0.05
677.07	-59.01	0	-2.11	0	28.00	0	0.29	-0.17	0.74	-0.61	1.18	26.70	0.16	4.25	-0.06
678.35	-40.96	0	-1.73	0	26.93	0	0.34	-0.10	0.77	-0.52	1.20	26.66	0.35	nan	nan
680.42	-62.31	0	-1.67	0	27.10	1	-0.04	-0.53	0.47	-1.00	0.95	27.37	0.10	nan	nan
683.69	-54.72	0	-2.28	0	27.26	0	-0.61	-1.10	-0.07	-1.56	0.46	28.08	-0.56	nan	nan
687.06	-47.61	0	-2.93	0	27.29	0	-0.95	-1.40	-0.48	-1.84	-0.02	27.39	-0.80	nan	nan
690.28	-36.00	0	-3.33	0	27.45	0	-0.75	-1.25	-0.26	-1.74	0.18	28.31	-0.56	nan	nan
692.27	-40.07	0	-2.91	0	27.84	0	-0.58	-1.03	-0.15	-1.45	0.26	28.71	-0.32	nan	nan
694.26	-41.52	0	-2.78	0	27.33	0	-0.67	-1.10	-0.23	-1.52	0.19	28.81	-0.41	nan	nan
696.25	-41.24	1	-3.06	0	28.09	0	-0.16	-0.78	0.37	-1.34	0.84	29.17	0.08	nan	nan
702.21	-50.88	0	-2.16	0	27.84	0	0.09	-0.34	0.52	-0.77	0.95	29.03	0.29	nan	nan
706.26	-60.53	0	-2.00	0	27.63	0	0.09	-0.35	0.52	-0.80	0.96	28.54	0.26	nan	nan
708.25	-59.22	0	-1.97	0	27.31	0	-0.17	-0.64	0.30	-1.08	0.79	28.15	-0.06	nan	nan
710.24	-80.61	0	-2.15	0	27.27	0	0.34	-0.34	0.90	-0.91	1.37	27.42	0.46	nan	nan
712.22	-48.36	0	-1.37	0	26.41	0	0.45	0.01	0.89	-0.43	1.32	27.07	0.64	nan	nan
718.37	-108.67	0	-1.00	0	25.99	0	0.19	-0.26	0.65	-0.69	1.08	27.15	0.40	nan	nan
724.00	-67.17	0	-1.62	0	26.10	1	-0.10	-0.56	0.35	-1.00	0.81	27.01	0.14	nan	nan
729.64	-93.06	0	-1.74	0	26.21	0	0.03	-0.44	0.48	-0.90	0.92	27.43	0.36	nan	nan
735.08	-71.67	0	-1.67	0	26.61	0	0.58	0.03	1.11	-0.50	1.56	28.33	0.93	nan	nan
740.91	-51.26	0	-1.06	0	25.97	0	-0.13	-0.63	0.56	-1.08	1.29	27.65	0.21	nan	nan
746.53	-106.21	0	-1.65	0	25.62	0	-0.25	-0.69	0.18	-1.12	0.61	27.27	0.09	nan	nan
748.18	-106.87	0	-1.55	0	25.72	0	-0.02	-0.47	0.43	-0.91	0.87	27.19	0.29	nan	nan
749.83	-100.97	0	-1.31	0	25.75	0	0.07	-0.38	0.51	-0.79	0.93	27.25	0.32	nan	nan
751.75	-84.87	0	-1.55	0	26.12	0	0.17	-0.27	0.61	-0.70	1.03	27.19	0.33	nan	nan
753.24	-79.06	0	-1.45	0	26.32	0	-0.07	-0.55	0.42	-1.00	0.90	27.08	0.00	nan	nan
754.89	-86.51	0	-1.85	0	26.38	0	-0.31	-0.77	0.18	-1.18	0.75	26.64	-0.27	nan	nan
756.51	-90.67	0	-2.03	0	26.57	0	0.41	-0.43	0.98	-1.03	1.45	26.37	0.07	nan	nan
757.89	-36.19	0	-1.69	0	27.95	0	-0.74	-1.35	0.70	-1.82	1.30	26.41	-0.58	nan	nan
760.02	-70.69	0	-2.76	0	26.13	0	-0.27	-1.07	0.31	-1.68	0.80	26.70	-0.44	nan	nan
762.15	-54.39	0	-2.24	0	28.06	0	-0.59	-1.13	0.07	-1.59	0.66	27.18	-0.57	nan	nan
764.28	-66.89	0	-2.80	0	27.28	0	-0.47	-0.99	0.02	-1.47	0.47	27.54	-0.50	nan	nan
766.63	-51.35	0	-2.55	0	27.93	0	-0.11	-0.57	0.34	-1.02	0.77	27.48	-0.27	nan	nan
768.76	-51.16	0	-2.34	0	28.37	0	0.10	-0.34	0.54	-0.78	0.98	27.40	-0.09	nan	nan
770.89	-30.94	0	-2.34	0	28.39	0	0.17	-0.28	0.60	-0.69	1.02	27.54	-0.06	nan	nan
773.02	-23.92	0	-2.44	0	28.63	0	0.19	-0.25	0.62	-0.67	1.05	27.48	-0.09	nan	nan
775.15	-21.67	0	-2.48	0	28.85	0	0.13	-0.29	0.57	-0.71	1.01	27.57	-0.13	nan	nan
777.35	-22.24	0	-2.57	0	28.87	0	-0.14	-0.60	0.32	-1.04	0.78	27.84	-0.27	nan	nan
779.48	-25.93	0	-2.87	0	28.77	0	-0.29	-0.73	0.14	-1.16	0.56	28.34	-0.38	nan	nan
781.61	-26.92	0	-2.91	0	28.70	0	-0.36	-0.79	0.08	-1.23	0.51	28.29	-0.38	nan	nan
783.74	-35.44	0	-2.86	0	28.51	0	0.64	-0.41	1.24	-1.02	1.70	28.02	0.53	nan	nan
785.87	-13.25	0	-1.69	0	28.22	1	1.30	0.78	1.80	0.28	2.25	27.65	1.15	nan	nan
788.14	-21.95	0	-1.00	0	27.93	0	0.31	-0.19	1.17	-0.63	1.97	27.36	1.29	nan	nan
795.71	-107.39	0	-1.27	0	26.23	0	0.18	-0.25	0.62	-0.66	1.03	nan	nan	nan	nan
798.57	-97.79	0	-1.43	0	26.74	0	-0.03	-0.50	0.44	-0.92	0.89	nan	nan	nan	nan
801.44	-95.31	0	-1.67	0	26.23	0	-0.11	-0.54	0.32	-0.94	0.74	nan	nan	nan	nan
804.31	-90.39	0	-1.71	0	26.41	0	-0.15	-0.59	0.28	-1.01	0.69	nan	nan	nan	nan
807.18	-86.98	0	-1.80	0	26.27	0	0.07	-0.40	0.53	-0.86	0.98	nan	nan	nan	nan
810.05	-64.23	0	-1.70	0	26.78	0	-0.05	-0.52	0.42	-0.95	0.89	nan	nan	nan	nan
813.89	-55.19	0	-2.36	0	27.79	0	0.23	-0.31	0.73	-0.82	1.18	nan	nan	nan	nan
816.76	-42.46	0	-1.77	0	27.29	0	0.13	-0.35	0.61	-0.77	1.06	nan	nan	nan	nan
820.01	-67.08	0	-2.05	0	27.60	1	-0.09	-0.52	0.35	-0.96	0.78	nan	nan	nan	nan
822.50	-43.91	0	-2.43	0	27.91	0	0.13	-0.35	0.60	-0.83	1.02	nan	nan	nan	nan
825.37	-38.90	0	-1.93	0	27.18	0	-0.55	-1.14	0.30	-1.61	0.89	nan	nan	nan	nan
828.24	-46.16	0	-3.01	0	27.44	0	-0.80	-1.24	-0.36	-1.65	0.05	nan	nan	nan	nan
831.01	-44.80	0	-3.02	0	27.60	0	-0.50	-0.98	-0.03	-1.45	0.43	nan	nan	nan	nan
833.88	-26.07	0	-2.81	0	27.95	0	0.29	-0.41	0.85	-0.99	1.31	nan	nan	nan	nan
837.13	0.00	0	-2.20	0	28.34	0	0.78	0.31	1.24	-0.14	1.69	nan	nan	nan	nan
839.62	-17.84	0	-1.62	0	28.02	0	0.17	-0.40	0.93	-0.86	1.52	nan	nan	nan	nan
842.48	-36.75	0	-2.10	0	26.27	0	0.05	-0.40	0.50	-0.83	0.92	nan	nan	nan	nan
845.64	-35.81	0	-2.19	0	27.65	0	0.24	-0.21	0.69	-0.64	1.11	nan	nan	nan	nan
848.41	-25.51	0	-2.13	0	27.85	0	0.13	-0.32	0.58	-0.74	1.02	nan	nan	nan	nan
851.28	-16.62	0	-2.57	0	28.43	0	-0.10	-0.55	0.34	-0.98	0.76	nan	nan	nan	nan
854.15	-18.02	0	-2.76	0	28.31	0	-0.39	-0.83	0.07	-1.28	0.52	nan	nan	nan	nan
857.11	-19.10	0	-2.95	0	27.76	0	0.98	-0.13	1.50	-0.99	1.96	nan	nan	nan	nan
865.82	-35.06	0	-0.93	0	27.02	0	1.09	0.64	1.53	0.21	1.97	nan	nan	nan	nan
868.73	-80.00	0	-0.78	0	26.86	0	0.83	0.38	1.28	-0.07	1.72	nan	nan	nan	nan
871.75	-78.32	0	-1.00	0	26.53	0	0.62	0.17	1.07	-0.25	1.50	nan	nan	nan	nan
874.67	-106.17	0	-0.87	0	26.13	0	0.45	0.00	0.88	-0.42	1.31	nan	nan	nan	nan
877.59	-94.18	0	-1.00	0	25.53	0	0.12	-0.35	0.60	-0.80	1.05	nan	nan	nan	nan
880.31	-92.05	0	-1.40	0	25.43	0	0.05	-0.40	0.48	-0.83	0.91	nan	nan	nan	nan
883.48	-103.22	0	-1.14	0	25.03	0	0.39	-0.10	0.88	-0.60	1.33	nan	nan	nan	nan
886.56	-92.36	0	-0.91	0	25.74	0	0.68	0.24	1.12	-0.21	1.56	nan	nan	nan	nan
889.54	-64.72	0	-1.00	0	26.12	0	0.63	0.19	1.07	-0.25	1.51	nan	nan	nan	nan
892.51	-105.84	0	-0.98	0	26.72	0	0.83	0.36	1.29	-0.13	1.74	nan	nan	nan	nan
895.49	-62.63	0	-0.94	0	26.70	0	0.33	-0.22	1.01	-0.68	1.58	nan	nan	nan	nan
898.47	-110.87	0	-1.36	0	26.43	0	-0.10	-0.54	0.35	-0.96	0.79	nan	nan	nan	nan
901.44	-88.80	0	-1.83	0	26.54	0	-0.26	-0.70	0.18	-1.12	0.62	nan	nan	nan	nan
904.42	-79.91	0	-2.02	0	26.45	0	0.12	-0.44	0.62	-0.95	1.07	nan	nan	nan	nan
906.70	-64.65	0	-1.51	0	26.38	1	-0.02	-0.50	0.48	-0.94	0.96	nan	nan	nan	nan
908.78	-78.74	0	-1.85	0	26.30	0	-0.16	-0.59	0.27	-1.00	0.68	nan	nan	nan	nan
911.75	-83.04	0	-1.84	0	26.44	0	0.54	-0.21	1.12	-0.78	1.58	nan	nan	nan	nan
914.83	-52.94	0	-1.16	0	26.68	0	0.70	0.18	1.15	-0.46	1.58	nan	nan	nan	nan
917.74	-78.60	0	-0.93	0	26.11	0	0.09	-0.47	0.77	-0.94	1.33	nan	nan	nan	nan
919.54	-98.63	0	-1.42	0	25.06	0	-0.17	-0.60	0.26	-1.03	0.70	nan	nan	nan	nan
921.34	-90.63	0	-1.70	0	25.94	0	-0.19	-0.61	0.25	-1.04	0.68	nan	nan	nan	nan
923.14	-90.60	1	-1.86	0	26.73	0	0.05	-0.42	0.52	-0.87	0.96	nan	nan	nan	nan
924.94	-90.58	0	-1.48	0	26.60	0	0.43	-0.05	0.90	-0.51	1.35	nan	nan	nan	nan
926.75	-55.00	0	-1.45	0	26.95	0	0.38	-0.08	0.82	-0.53	1.27	nan	nan	nan	nan
928.44	-47.42	0	-1.72	0	26.63	1	-0.47	-1.04	0.33	-1.49	0.91	nan	nan	nan	nan
930.12	-60.39	0	-2.57	0	26.31	0	-0.18	-0.82	0.36	-1.36	0.84	nan	nan	nan	nan
931.80	-29.16	0	-2.05	0	26.43	0	-0.31	-0.80	0.21	-1.27	0.71	nan	nan	nan	nan
933.48	-54.02	0	-2.34	0	26.25	0	0.20	-0.41	0.72	-1.01	1.19	nan	nan	nan	nan
937.44	-7.07	0	-2.12	0	27.93	0	0.28	-0.17	0.73	-0.61	1.17	nan	nan	nan	nan
939.12	-33.89	0	-2.11	0	27.52	0	0.29	-0.15	0.72	-0.58	1.15	nan	nan	nan	nan
940.91	-31.13	0	-1.96	0	27.41	0	0.12	-0.33	0.58	-0.79	1.02	nan	nan	nan	nan
942.59	-33.80	0	-2.23	0	27.26	0	0.20	-0.25	0.66	-0.70	1.10	nan	nan	nan	nan
944.27	-25.61	0	-2.12	0	27.84	0	0.12	-0.34	0.58	-0.77	1.02	nan	nan	nan	nan
945.95	-24.11	0	-2.37	0	27.65	0	-0.46	-0.98	0.13	-1.44	0.66	nan	nan	nan	nan
947.57	-19.71	0	-3.15	0	27.84	0	-0.74	-1.18	-0.31	-1.61	0.12	nan	nan	nan	nan
949.36	-27.01	0	-3.05	0	27.15	0	-1.17	-1.67	-0.64	-2.13	-0.14	nan	nan	nan	nan
951.04	-21.11	0	-3.71	0	27.39	0	-0.96	-1.49	-0.46	-1.97	-0.01	nan	nan	nan	nan
952.72	-22.61	0	-3.16	0	27.50	0	-0.79	-1.23	-0.35	-1.65	0.07	nan	nan	nan	nan
954.40	-23.73	0	-3.16	0	27.46	0	0.39	-0.82	0.99	-1.44	1.45	nan	nan	nan	nan
956.13	1.54	0	-1.93	0	27.68	0	0.58	0.13	1.02	-0.30	1.44	nan	nan	nan	nan
957.81	-46.39	0	-1.59	0	27.09	0	0.70	0.25	1.15	-0.20	1.60	nan	nan	nan	nan
959.49	-54.63	0	-1.29	0	27.26	0	0.15	-0.38	0.77	-0.83	1.37	nan	nan	nan	nan
961.17	-91.24	0	-1.68	0	26.27	0	0.06	-0.40	0.51	-0.83	0.96	nan	nan	nan	nan
962.01	-88.29	1	-1.62	1	27.11	0	0.07	-0.37	0.51	-0.79	0.96	nan	nan	nan	nan
962.85	-85.34	0	-1.56	0	26.14	0	-0.04	-0.48	0.40	-0.92	0.83	nan	nan	nan	nan
965.48	-74.24	0	-1.74	0	26.05	0	-0.68	-1.21	-0.02	-1.68	0.57	nan	nan	nan	nan
968.63	-65.58	0	-2.74	0	26.52	0	-0.32	-0.98	0.22	-1.54	0.69	nan	nan	nan	nan
971.79	-17.13	0	-2.30	0	26.49	0	-0.32	-0.78	0.15	-1.22	0.61	nan	nan	nan	nan
974.94	-50.88	0	-2.24	0	25.88	0	-0.30	-1.02	0.29	-1.64	0.78	nan	nan	nan	nan
981.25	-34.22	0	-2.03	0	26.52	0	-0.75	-1.31	-0.01	-1.79	0.61	nan	nan	nan	nan
984.40	-33.75	0	-3.17	0	26.63	1	-0.81	-1.28	-0.34	-1.73	0.09	nan	nan	nan	nan
985.98	-58.98	0	-2.63	0	26.74	0	-0.87	-1.31	-0.41	-1.75	0.01	nan	nan	nan	nan
989.13	-50.98	0	-2.92	0	26.56	0	-0.67	-1.15	-0.21	-1.63	0.23	nan	nan	nan	nan
992.29	-53.46	0	-2.53	0	26.80	0	-0.53	-0.97	-0.10	-1.38	0.32	nan	nan	nan	nan
995.55	-67.92	0	-2.45	0	27.03	0	-0.33	-0.79	0.13	-1.24	0.56	nan	nan	nan	nan
998.70	-65.25	0	-2.12	0	26.83	0	-0.26	-0.70	0.19	-1.13	0.61	nan	nan	nan	nan
1001.85	-61.93	0	-2.18	0	26.71	0	0.10	-0.46	0.60	-1.00	1.04	nan	nan	nan	nan
1005.01	-62.73	0	-1.64	0	26.89	0	-0.58	-1.10	0.15	-1.55	0.80	nan	nan	nan	nan
1007.09	-66.43	0	-2.51	0	26.65	0	-0.78	-1.22	-0.33	-1.63	0.11	nan	nan	nan	nan
1007.93	-71.20	0	-2.65	0	26.60	0	-0.34	-0.94	0.20	-1.46	0.66	nan	nan	nan	nan
1011.08	-37.50	0	-2.42	0	27.71	0	0.18	-0.32	0.65	-0.79	1.10	nan	nan	nan	nan
1014.24	-28.04	0	-1.91	0	26.95	1	-0.42	-0.99	0.37	-1.45	0.94	nan	nan	nan	nan
1017.50	-58.47	0	-2.50	0	26.18	0	-0.69	-1.13	-0.27	-1.54	0.18	nan	nan	nan	nan
1020.65	-48.50	0	-2.69	0	26.58	0	-0.55	-0.99	-0.11	-1.43	0.34	nan	nan	nan	nan
1023.80	-80.47	0	-2.12	0	26.19	0	-0.41	-0.85	0.03	-1.28	0.45	nan	nan	nan	nan
1026.96	-47.79	0	-2.46	0	27.02	0	-0.03	-0.54	0.45	-1.04	0.92	nan	nan	nan	nan
1030.11	-14.61	0	-2.21	0	26.95	0	-0.09	-0.54	0.37	-0.98	0.84	nan	nan	nan	nan
1033.45	-70.12	0	-1.89	0	26.05	1	-0.53	-1.02	-0.03	-1.48	0.47	nan	nan	nan	nan
1037.09	-87.35	0	-2.06	0	25.15	0	-0.74	-1.27	-0.24	-1.78	0.22	nan	nan	nan	nan
1044.39	-75.32	0	-2.26	0	26.42	0	-0.97	-1.47	-0.42	-1.93	0.11	nan	nan	nan	nan
1047.91	-78.69	0	-2.64	0	25.31	0	-0.27	-1.20	0.32	-1.79	0.79	nan	nan	nan	nan
1051.62	-75.88	1	-1.69	0	26.31	0	-0.10	-0.54	0.34	-0.97	0.76	nan	nan	nan	nan
1055.33	-73.07	0	-1.95	0	26.59	0	-0.32	-0.77	0.13	-1.19	0.57	nan	nan	nan	nan
1058.03	-70.64	0	-2.22	0	26.65	0	0.09	-0.49	0.61	-1.01	1.09	nan	nan	nan	nan
1061.68	-59.68	0	-1.66	0	26.92	0	0.16	-0.28	0.60	-0.70	1.03	nan	nan	nan	nan
1064.33	-38.62	0	-2.11	0	27.37	0	0.06	-0.37	0.49	-0.79	0.91	nan	nan	nan	nan
1066.00	-37.03	0	-2.32	0	27.92	0	-0.73	-1.28	-0.03	-1.74	0.60	nan	nan	nan	nan
1069.36	-16.66	0	-3.44	0	27.54	0	-0.82	-1.27	-0.37	-1.71	0.08	nan	nan	nan	nan
1071.10	-16.43	0	-3.17	0	27.57	0	-1.03	-1.51	-0.54	-1.96	-0.05	nan	nan	nan	nan
1072.78	-18.35	0	-3.60	0	27.54	0	-0.97	-1.44	-0.51	-1.88	-0.07	nan	nan	nan	nan
1074.46	-16.52	0	-3.35	0	27.77	0	-0.86	-1.29	-0.43	-1.72	0.00	nan	nan	nan	nan
1076.14	-16.20	0	-3.38	0	27.90	0	-0.97	-1.42	-0.53	-1.85	-0.11	nan	nan	nan	nan
1077.87	-18.30	0	-3.56	0	28.09	0	-0.69	-1.19	-0.21	-1.67	0.22	nan	nan	nan	nan
1079.55	-15.96	0	-3.11	0	28.13	0	-0.48	-0.91	-0.04	-1.34	0.38	nan	nan	nan	nan
1081.12	-10.58	0	-3.10	0	28.37	0	0.15	-0.52	0.69	-1.08	1.16	nan	nan	nan	nan
1082.91	-18.02	0	-2.25	0	28.56	0	0.30	-0.13	0.73	-0.56	1.16	nan	nan	nan	nan
1084.59	-24.25	0	-2.32	0	28.50	0	0.27	-0.16	0.70	-0.60	1.13	nan	nan	nan	nan
1086.33	-41.76	0	-2.18	0	28.56	0	0.20	-0.25	0.63	-0.70	1.06	nan	nan	nan	nan
1088.01	-52.99	0	-2.05	0	27.86	0	-0.47	-1.02	0.22	-1.48	0.79	nan	nan	nan	nan
1089.69	-81.22	0	-2.53	0	27.02	0	-0.17	-0.80	0.36	-1.34	0.83	nan	nan	nan	nan
1091.37	-50.79	0	-1.99	0	26.91	0	0.43	-0.10	0.93	-0.61	1.38	nan	nan	nan	nan
1093.04	-56.17	0	-1.61	0	27.96	0	0.62	0.18	1.06	-0.23	1.50	nan	nan	nan	nan
1094.72	-58.09	0	-1.53	0	27.83	1	0.42	-0.04	0.88	-0.48	1.34	nan	nan	nan	nan
1096.40	-57.06	0	-1.83	0	27.71	0	-0.18	-0.70	0.41	-1.15	0.95	nan	nan	nan	nan
1098.09	-78.27	0	-2.06	1	26.23	0	-0.26	-0.70	0.19	-1.13	0.61	nan	nan	nan	nan
1101.13	-53.97	0	-2.28	0	27.31	0	-0.18	-0.60	0.24	-1.04	0.66	nan	nan	nan	nan
1104.17	-43.07	0	-2.42	0	27.62	0	-0.09	-0.53	0.35	-0.95	0.74	nan	nan	nan	nan
1107.20	-31.88	0	-2.36	0	27.49	0	-0.34	-0.81	0.14	-1.24	0.62	nan	nan	nan	nan
1111.05	-61.56	0	-2.50	0	27.28	0	-0.43	-0.87	-0.01	-1.28	0.42	nan	nan	nan	nan
1114.28	-74.94	0	-2.13	0	26.33	0	-0.43	-0.87	0.00	-1.30	0.42	nan	nan	nan	nan
1117.12	-81.50	0	-2.01	0	25.86	0	0.21	-0.49	0.77	-1.08	1.23	nan	nan	nan	nan
1120.15	-72.32	0	-1.07	0	25.25	1	0.00	-0.51	0.58	-0.96	1.12	nan	nan	nan	nan
1123.39	-86.55	0	-1.46	0	24.63	0	0.12	-0.37	0.61	-0.85	1.05	nan	nan	nan	nan
1126.43	-98.16	0	-1.23	0	26.17	0	0.03	-0.43	0.50	-0.86	0.97	nan	nan	nan	nan
1129.21	-68.39	0	-1.95	0	26.76	0	-0.13	-0.56	0.31	-0.99	0.73	nan	nan	nan	nan
1132.22	-75.93	0	-2.06	0	27.25	0	-0.02	-0.46	0.43	-0.89	0.85	nan	nan	nan	nan
1135.23	-63.71	0	-2.03	0	27.63	0	-0.02	-0.45	0.42	-0.87	0.82	nan	nan	nan	nan
1138.24	-55.66	0	-2.03	0	26.83	0	-0.33	-0.80	0.15	-1.24	0.62	nan	nan	nan	nan
1141.06	-47.14	0	-2.56	0	27.13	0	0.11	-0.53	0.66	-1.08	1.11	nan	nan	nan	nan
1144.27	-21.81	0	-2.09	0	27.71	0	-0.04	-0.54	0.48	-1.01	0.98	nan	nan	nan	nan
1147.28	-44.42	0	-2.44	0	27.57	1	0.02	-0.45	0.48	-0.92	0.92	nan	nan	nan	nan
1150.29	-42.74	0	-2.07	0	27.43	0	0.19	-0.24	0.62	-0.66	1.04	nan	nan	nan	nan
1153.31	-39.74	0	-2.10	0	27.91	0	0.12	-0.32	0.55	-0.74	0.99	nan	nan	nan	nan
1156.32	-32.53	0	-2.35	0	28.02	0	-0.19	-0.64	0.28	-1.11	0.75	nan	nan	nan	nan
1159.53	-40.77	0	-2.55	0	27.58	0	-0.49	-0.94	-0.04	-1.38	0.39	nan	nan	nan	nan
1162.34	-41.24	0	-2.86	1	27.70	0	-1.03	-1.55	-0.48	-2.01	0.05	nan	nan	nan	nan
1165.36	-46.48	0	-3.18	0	26.31	0	-1.21	-1.64	-0.78	-2.06	-0.35	nan	nan	nan	nan
1168.37	-42.55	0	-3.25	0	26.62	1	-1.37	-1.81	-0.93	-2.26	-0.48	nan	nan	nan	nan
1171.38	-46.20	0	-3.52	0	26.92	0	-0.97	-1.59	-0.23	-2.09	0.36	nan	nan	nan	nan
1174.39	-46.86	0	-3.40	0	27.18	0	-0.65	-1.28	-0.05	-1.83	0.45	nan	nan	nan	nan
1175.59	-41.24	0	-2.38	0	27.08	0	-0.53	-1.06	-0.01	-1.53	0.47	nan	nan	nan	nan
1175.90	-41.62	0	-3.04	0	27.60	1	-0.09	-0.81	0.49	-1.41	0.97	nan	nan	nan	nan
1178.60	-48.36	0	-2.10	0	28.11	0	0.20	-0.23	0.64	-0.65	1.06	nan	nan	nan	nan
1181.61	-49.95	0	-2.07	0	28.02	0	-0.44	-1.00	0.25	-1.45	0.82	nan	nan	nan	nan
1184.62	-55.47	0	-2.82	0	27.60	0	-0.81	-1.25	-0.37	-1.67	0.07	nan	nan	nan	nan
1187.64	-65.86	0	-2.83	0	27.15	0	-0.80	-1.23	-0.36	-1.66	0.07	nan	nan	nan	nan
1190.65	-59.50	0	-2.65	0	26.53	0	-0.38	-0.91	0.12	-1.41	0.57	nan	nan	nan	nan
1193.35	-85.71	0	-1.88	0	26.46	0	0.04	-0.43	0.49	-0.90	0.96	nan	nan	nan	nan
1195.54	-88.99	0	-1.51	0	26.66	0	-0.10	-0.56	0.38	-1.00	0.85	nan	nan	nan	nan
1197.73	-103.69	0	-1.64	0	25.99	0	-0.29	-0.72	0.14	-1.14	0.57	nan	nan	nan	nan
1199.99	-91.24	0	-1.84	0	26.00	1	-0.19	-0.67	0.30	-1.12	0.79	nan	nan	nan	nan
1202.91	-91.05	0	-1.82	0	26.01	0	0.03	-0.48	0.51	-0.97	0.97	nan	nan	nan	nan
1204.37	-82.25	0	-1.54	0	26.62	0	-0.09	-0.56	0.39	-1.00	0.86	nan	nan	nan	nan
1206.56	-60.15	0	-2.27	0	27.32	0	0.35	-0.30	0.88	-0.86	1.36	nan	nan	nan	nan
1208.86	-53.97	0	-1.54	0	27.42	0	0.29	-0.18	0.77	-0.63	1.25	nan	nan	nan	nan
1211.05	-59.45	1	-1.91	0	27.45	0	-0.18	-0.67	0.32	-1.14	0.81	nan	nan	nan	nan
1213.24	-64.93	0	-2.22	0	26.72	0	-0.40	-0.83	0.04	-1.25	0.46	nan	nan	nan	nan
1215.64	-47.89	0	-2.60	0	27.53	0	-0.47	-0.89	-0.02	-1.30	0.40	nan	nan	nan	nan
1217.83	-44.52	0	-2.75	0	27.83	0	-0.18	-0.68	0.29	-1.14	0.74	nan	nan	nan	nan
1220.02	-31.60	0	-2.40	0	27.70	0	-0.03	-0.47	0.40	-0.89	0.82	nan	nan	nan	nan
1222.21	-24.67	0	-2.54	0	28.22	0	-0.07	-0.51	0.36	-0.93	0.80	nan	nan	nan	nan
1224.40	-19.89	0	-2.69	0	28.37	0	-0.20	-0.64	0.25	-1.07	0.69	nan	nan	nan	nan
1226.67	-18.68	0	-2.88	0	28.54	0	0.02	-0.46	0.48	-0.92	0.91	nan	nan	nan	nan
1228.86	-12.22	0	-2.59	0	28.71	0	0.14	-0.30	0.57	-0.73	0.98	nan	nan	nan	nan
1231.05	-14.28	0	-2.47	0	28.30	0	0.23	-0.21	0.67	-0.62	1.10	nan	nan	nan	nan
1233.24	-12.87	0	-2.36	0	28.38	0	0.25	-0.18	0.69	-0.61	1.11	nan	nan	nan	nan
1235.50	-14.28	0	-2.28	0	27.86	0	0.13	-0.32	0.57	-0.75	1.00	nan	nan	nan	nan
1237.69	-23.78	0	-2.44	0	28.17	0	-0.56	-1.13	0.12	-1.61	0.70	nan	nan	nan	nan
1239.88	-18.68	0	-3.52	0	28.92	0	-0.52	-1.01	-0.05	-1.50	0.40	nan	nan	nan	nan
1242.07	-23.87	0	-2.74	0	27.38	0	0.66	-0.41	1.24	-1.00	1.72	nan	nan	nan	nan
1244.26	-32.91	0	-1.21	0	26.78	0	0.73	0.27	1.18	-0.18	1.64	nan	nan	nan	nan
1246.45	-71.95	0	-1.19	0	26.67	0	0.79	0.34	1.23	-0.10	1.66	nan	nan	nan	nan
1248.64	-68.77	0	-1.11	0	27.29	0	0.48	-0.02	1.01	-0.47	1.52	nan	nan	nan	nan
1250.83	-100.13	0	-1.26	0	26.58	0	0.02	-0.44	0.50	-0.90	0.99	nan	nan	nan	nan
1255.05	-68.30	0	-1.78	1	25.87	0	-0.03	-0.47	0.40	-0.91	0.82	nan	nan	nan	nan
1259.28	-37.59	0	-2.31	0	27.69	0	-0.18	-0.63	0.27	-1.07	0.73	nan	nan	nan	nan
1263.51	-47.70	0	-2.29	0	26.76	0	-0.56	-1.04	-0.08	-1.48	0.40	nan	nan	nan	nan
1267.74	-32.81	0	-2.80	0	26.58	0	-0.97	-1.45	-0.49	-1.89	-0.02	nan	nan	nan	nan
1271.98	-56.31	0	-3.14	0	27.12	0	-1.06	-1.49	-0.63	-1.92	-0.21	nan	nan	nan	nan
1276.14	-54.02	1	-3.08	0	27.10	0	-1.13	-1.56	-0.69	-1.99	-0.26	nan	nan	nan	nan
1280.30	-51.73	0	-3.21	0	26.94	0	-1.11	-1.58	-0.63	-2.04	-0.18	nan	nan	nan	nan
1283.39	-57.25	0	-2.97	0	27.20	0	-1.23	-1.70	-0.72	-2.14	-0.23	nan	nan	nan	nan
1284.87	-59.54	1	-3.41	0	27.20	0	-0.98	-1.52	-0.48	-2.02	-0.03	nan	nan	nan	nan
1286.35	-61.84	0	-2.74	0	26.89	0	-0.61	-1.06	-0.16	-1.49	0.25	nan	nan	nan	nan
1290.58	-78.64	0	-2.10	0	25.83	0	-0.14	-0.66	0.36	-1.16	0.82	nan	nan	nan	nan
1294.81	-91.80	0	-1.41	0	25.71	0	0.10	-0.34	0.53	-0.76	0.95	nan	nan	nan	nan
1299.05	-78.83	0	-1.53	0	26.17	1	0.38	-0.09	0.85	-0.54	1.29	nan	nan	nan	nan
1303.28	-42.65	0	-1.54	0	26.64	0	-0.37	-0.97	0.53	-1.42	1.13	nan	nan	nan	nan
1307.51	-55.28	0	-2.63	0	26.79	0	0.01	-0.73	0.59	-1.30	1.04	nan	nan	nan	nan
1311.50	-38.53	0	-1.98	0	27.58	0	-0.54	-1.12	0.32	-1.60	0.90	nan	nan	nan	nan
1314.19	-51.31	0	-2.91	0	27.26	0	-0.87	-1.30	-0.45	-1.74	-0.01	nan	nan	nan	nan
1316.97	-47.14	0	-2.95	0	26.83	0	-0.75	-1.19	-0.30	-1.63	0.13	nan	nan	nan	nan
1319.66	-44.89	0	-2.82	0	27.25	0	-0.25	-0.78	0.26	-1.29	0.71	nan	nan	nan	nan
1322.35	-49.85	0	-2.21	0	27.45	0	-0.15	-0.58	0.28	-1.00	0.70	nan	nan	nan	nan
1324.95	-74.20	0	-2.16	0	27.50	0	-0.21	-0.64	0.23	-1.07	0.66	nan	nan	nan	nan
1327.59	-71.95	0	-1.93	0	26.23	0	-0.38	-0.84	0.07	-1.28	0.51	nan	nan	nan	nan
1330.28	-72.28	0	-2.27	0	26.61	0	-0.22	-0.69	0.25	-1.15	0.69	nan	nan	nan	nan
1332.97	-63.66	0	-2.00	0	26.75	0	-0.15	-0.58	0.29	-1.02	0.72	nan	nan	nan	nan
1335.66	-65.40	0	-2.10	0	27.02	0	-0.07	-0.50	0.37	-0.93	0.81	nan	nan	nan	nan
1338.44	-53.13	0	-2.01	0	26.78	0	-0.14	-0.57	0.30	-1.00	0.73	nan	nan	nan	nan
1341.13	-38.85	1	-2.41	0	27.36	0	-0.27	-0.71	0.15	-1.15	0.56	nan	nan	nan	nan
1343.82	-24.58	0	-2.65	0	27.31	0	-0.89	-1.42	-0.24	-1.89	0.30	nan	nan	nan	nan
1346.51	-29.91	0	-3.32	0	26.93	0	-1.01	-1.45	-0.56	-1.88	-0.13	nan	nan	nan	nan
1349.20	-26.64	0	-3.15	0	26.78	0	-1.34	-1.86	-0.82	-2.32	-0.30	nan	nan	nan	nan
1351.70	-31.60	0	-3.53	0	26.03	0	-1.46	-1.90	-1.01	-2.32	-0.60	nan	nan	nan	nan
1354.37	-23.92	0	-3.50	0	26.11	0	-1.34	-1.78	-0.90	-2.20	-0.48	nan	nan	nan	nan
1356.60	-26.64	0	-3.43	0	26.42	0	-1.22	-1.66	-0.79	-2.08	-0.36	nan	nan	nan	nan
1358.83	-28.51	0	-3.31	0	26.51	0	-1.29	-1.73	-0.85	-2.15	-0.41	nan	nan	nan	nan
1361.20	-30.38	0	-3.60	0	27.22	0	-0.64	-1.39	-0.07	-1.96	0.40	nan	nan	nan	nan
1363.43	-25.04	0	-2.82	0	27.88	0	-0.08	-0.57	0.38	-1.04	0.83	nan	nan	nan	nan
1365.66	-36.84	0	-2.35	0	28.11	0	-0.04	-0.48	0.39	-0.89	0.83	nan	nan	nan	nan
1367.89	-53.04	0	-2.33	0	28.00	0	-0.20	-0.64	0.23	-1.06	0.67	nan	nan	nan	nan
1370.27	-72.98	0	-2.08	0	26.81	1	-0.46	-0.91	0.00	-1.33	0.44	nan	nan	nan	nan
1372.50	-78.69	0	-2.09	0	25.62	0	-0.80	-1.27	-0.33	-1.70	0.12	nan	nan	nan	nan
1374.73	-89.27	0	-2.45	0	25.95	0	-0.82	-1.26	-0.39	-1.69	0.04	nan	nan	nan	nan
1376.91	-91.89	0	-2.16	0	25.40	0	-0.57	-1.03	-0.12	-1.47	0.32	nan	nan	nan	nan
1379.73	-91.61	0	-1.91	0	25.64	0	-0.71	-1.19	-0.23	-1.63	0.27	nan	nan	nan	nan
1381.96	-71.67	0	-2.60	0	26.35	0	0.16	-0.69	0.90	-1.37	1.47	nan	nan	nan	nan
1383.97	-32.16	0	-2.24	0	27.53	0	0.53	-0.09	1.10	-0.61	1.59	nan	nan	nan	nan
1384.64	-25.51	0	-1.46	0	27.17	1	0.13	-0.42	0.83	-0.89	1.44	nan	nan	nan	nan
1386.87	-60.25	0	-2.08	0	26.82	0	0.10	-0.37	0.56	-0.82	0.99	nan	nan	nan	nan
1388.43	-35.72	0	-2.02	0	27.31	0	0.05	-0.40	0.50	-0.82	0.93	nan	nan	nan	nan
1390.66	-57.06	0	-1.95	0	26.64	0	-0.23	-0.67	0.24	-1.11	0.66	nan	nan	nan	nan
1392.89	-49.48	0	-2.31	0	26.64	0	-0.20	-0.67	0.25	-1.23	0.69	nan	nan	nan	nan
1395.12	-32.53	0	-2.31	0	26.99	0	-0.93	-1.52	-0.07	-2.00	0.53	nan	nan	nan	nan
1397.05	-34.41	0	-3.31	0	26.61	0	-1.08	-1.53	-0.64	-1.97	-0.18	nan	nan	nan	nan
1399.28	-42.83	0	-3.11	0	26.80	0	-0.38	-1.10	0.18	-1.66	0.66	nan	nan	nan	nan
1401.51	-14.46	0	-2.47	0	27.03	0	-0.22	-0.66	0.22	-1.11	0.66	nan	nan	nan	nan
1403.74	-41.99	0	-2.41	1	27.13	0	-0.61	-1.10	-0.10	-1.55	0.40	nan	nan	nan	nan
1405.97	-58.37	0	-2.35	0	25.01	0	-0.83	-1.27	-0.40	-1.70	0.04	nan	nan	nan	nan
1408.48	-49.39	0	-2.83	0	26.49	0	-0.58	-1.06	-0.11	-1.56	0.34	nan	nan	nan	nan
1410.71	-74.29	0	-1.96	0	25.33	0	-0.27	-0.72	0.19	-1.14	0.63	nan	nan	nan	nan
1412.94	-72.70	0	-1.89	0	25.99	0	-0.04	-0.49	0.41	-0.94	0.86	nan	nan	nan	nan
1414.65	-62.87	0	-1.76	0	26.41	0	0.10	-0.33	0.54	-0.75	0.97	nan	nan	nan	nan
1418.46	-51.26	0	-1.86	0	26.67	0	0.09	-0.34	0.53	-0.76	0.95	nan	nan	nan	nan
1422.75	-58.28	0	-1.86	0	26.71	0	-0.18	-0.64	0.29	-1.09	0.77	nan	nan	nan	nan
1427.04	-37.68	0	-2.42	0	26.82	0	-0.76	-1.30	-0.19	-1.74	0.35	nan	nan	nan	nan
1431.33	-47.14	0	-3.04	0	26.95	0	-0.86	-1.31	-0.41	-1.74	-0.01	nan	nan	nan	nan
1435.62	-37.31	0	-2.97	0	27.02	0	-0.97	-1.42	-0.51	-1.86	-0.05	nan	nan	nan	nan
1439.91	-35.90	0	-3.23	0	27.02	0	-0.18	-1.08	0.41	-1.68	0.88	nan	nan	nan	nan
1443.77	-10.16	0	-2.55	0	28.35	0	0.06	-0.40	0.52	-0.85	0.97	nan	nan	nan	nan
1452.67	-73.07	0	-1.62	0	26.63	1	0.17	-0.29	0.61	-0.73	1.05	nan	nan	nan	nan
1453.86	-55.66	0	-1.49	0	25.60	0	0.00	-0.47	0.48	-0.92	0.93	nan	nan	nan	nan
1455.28	-84.03	0	-1.73	0	25.96	0	-0.07	-0.51	0.38	-0.93	0.81	nan	nan	nan	nan
1456.69	-82.06	0	-1.63	0	26.08	0	-0.11	-0.54	0.33	-0.96	0.77	nan	nan	nan	nan
1458.10	-75.79	0	-1.78	0	26.10	0	-0.24	-0.73	0.22	-1.24	0.66	nan	nan	nan	nan
1459.52	-58.56	0	-1.87	0	25.38	0	-0.56	-1.05	-0.04	-1.52	0.45	nan	nan	nan	nan
1460.93	-56.64	0	-2.51	0	25.71	0	-0.67	-1.11	-0.22	-1.55	0.22	nan	nan	nan	nan
1462.34	-50.51	0	-2.33	0	25.32	0	-0.65	-1.09	-0.22	-1.51	0.20	nan	nan	nan	nan
