Western Pacific Warm Pool Pleistocene paired d18O-Mg/Ca and SST Reconstruction
---------------------------------------------------------------------
                NOAA Paleoclimatology Program
                               and
         World Data Center for Paleoclimatology, Boulder
---------------------------------------------------------------------
NOTE: PLEASE CITE ORIGINAL REFERENCE WHEN USING THIS DATA!!!!!


NAME OF DATA SET: 
Western Pacific Warm Pool Pleistocene paired d18O-Mg/Ca and SST Reconstruction

LAST UPDATE: 1/2005 (Original Receipt by WDC Paleo)
CONTRIBUTOR: Thibault de Garidel-Thoron, Rutgers University
IGBP PAGES/WDCA CONTRIBUTION SERIES NUMBER: 2005-012


SUGGESTED DATA CITATION: de Garidel-Thoron, T., et al.  2005.
Western Pacific Warm Pool Pleistocene paired d18O-Mg/Ca and SST Reconstruction.
IGBP PAGES/World Data Center for Paleoclimatology 
Data Contribution Series #2005-012. 
NOAA/NGDC Paleoclimatology Program, Boulder CO, USA. 


ORIGINAL REFERENCE: 
de Garidel-Thoron, T., Y. Rosenthal1, F. Bassinot, and L. Beaufort. 2005.  
Stable sea surface temperatures in the western Pacific warm pool 
over the past 1.75 million years.  
Nature Vol. 433, No.7023, pp. 294-298 (20 January 2005); doi:10.1038/nature03189 


ABSTRACT:
About 850,000 years ago, the period of the glacial cycles changed
from 41,000 to 100,000 years. This mid-Pleistocene climate
transition has been attributed to global cooling, possibly caused
by a decrease in atmospheric carbon dioxide concentrations.
However, evidence for such cooling is currently restricted to the
cool upwelling regions in the eastern equatorial oceans,
although the tropical warm pools on the western side of the
ocean basins are particularly sensitive to changes in radiative
forcing. Here we present high-resolution records of sea surface
temperatures spanning the past 1.75 million years, obtained from
oxygen isotopes and Mg/Ca ratios in planktonic foraminifera
from the western Pacific warm pool. In contrast with the eastern
equatorial regions, sea surface temperatures in the western
Pacific warm pool are relatively stable throughout the Pleistocene
epoch, implying little long-term change in the tropical net
radiation budget. Our results challenge the hypothesis of a
gradual decrease in atmospheric carbon dioxide concentrations
as a dominant trigger of the longer glacial cycles since 850,000
years ago. Instead, we infer that the temperature contrast across
the equatorial Pacific Ocean increased, which might have had a
significant influence on the mid-Pleistocene climate transition.


PERIOD OF RECORD:  1.75 MMYrBP - present
GEOGRAPHIC REGION: Western Pacific Warm Pool 


DESCRIPTION:  
This dataset is a high-resolution Pleistocene record (0-1.75Myr ago, 
Marine Isotopic Stages Marine Isotopic Stage 1 to MIS 59) of paired 
d18O and Mg/Ca measurements in planktonic foraminifera 
(Globigerinoides ruber, 250-300mm, white) from the IMAGES core MD97-2140 
located in the heart of the Western Pacific warm pool.

Core MD97-2140:  2°02'N   141° 46'E    2547m. depth



DATA:
Column 1: Depth (cm)  
Column 2: Composite depth (cm)
Column 3: Age (ka BP)
Column 4: d18 ruber (p.mil vs PDB)
Column 5: Mg/Ca ruber (mmol/mol)
Column 6: SST (deg.C)	


   Depth  DepthCmp.   Age    d18O    Mg/Ca     SST 
       1       1       6    -2.41
      10      10       7    -2.47     4.6      28.7
      20      20       8    -2.45       5      29.7
      30      30      10    -2.48     4.7        29
      40      40      11    -2.34     4.5      28.6
      50      50      12    -2.36     4.5      28.4
      60      60      14    -2.17     4.4      28.3
      70      70      15       -2     4.3        28
      80      80      16    -1.47     4.2      27.7
      90      90      18              3.7      26.5
     100     100      19    -1.22     3.4      25.6
     110     110      20    -1.48     3.7      26.3
     120     120      22    -1.05     3.9        27
     130     130      23    -1.27     3.8      26.7
     140     140      24    -1.33
     150     150      26    -1.21     3.7      26.5
     160     160      27    -1.61     3.6      26.2
     170     170      28    -1.43     3.5        26
     180     180      29    -1.74     3.6        26
     190     190      31    -1.37     4.1      27.5
     200     200      32    -1.52     3.9      26.9
     210     210      33    -1.58     3.8      26.8
     220     220      35    -1.64     3.8      26.6
     230     230      36    -1.41     3.7      26.3
     240     240      37    -1.83       4      27.3
     250     250      39    -1.48     3.6      26.3
     260     260      40    -1.65     3.8      26.6
     270     270      41    -1.69     3.6      26.2
     280     280      43    -1.64     3.7      26.6
     290     290      44    -1.85     3.8      26.8
     300     300      45    -1.82     3.9      27.1
     310     310      47    -1.79     3.7      26.5
     320     320      48    -1.86     3.6      26.1
     330     330      49    -1.73     3.9      27.1
     340     340      50    -1.64     3.9      27.1
     350     350      52    -1.92     3.8      26.8
     360     360      53    -1.92     4.3      27.9
     370     370      54    -1.77     3.8      26.8
     380     380      56    -1.34     3.8      26.6
     390     390      57     -1.6     3.7      26.5
     400     400      61    -1.61     3.8      26.7
     410     410      65    -1.51     3.5      25.9
     420     420      69    -1.68     3.7      26.4
     430     430      70    -1.75
     440     440      72    -2.16     3.8      26.6
     450     450      73    -2.09     3.8      26.8
     460     460      74    -1.77     3.8      26.7
     470     470      76    -2.15     4.2      27.8
     480     480      77    -2.23     4.2      27.8
     490     490      78    -2.12       4      27.2
     500     500      80    -2.17     3.9        27
     510     510      81    -2.29     4.1      27.6
     520     520      82    -2.08     3.8      26.7
     530     530      84     -2.1     3.8      26.8
     540     540      85    -1.87       4      27.3
     550     550      88     -2.2     4.3        28
     560     560      92    -2.33       4      27.3
     570     570      95    -2.27     4.2      27.7
     580     580      99    -1.98     4.3        28
     590     590     102    -2.26     4.1      27.5
     600     600     106    -2.44     4.6      28.7
     610     610     109    -2.13     4.5      28.4
     620     620     112    -2.46     4.1      27.6
     630     630     115     -2.4     4.6      28.7
     640     640     118    -2.52     4.9      29.3
     650     650     121     -2.5     4.9      29.5
     660     660     124    -1.98
     670     670     127    -1.88
     680     680     131    -1.31     4.3      27.9
     690     690     134    -1.11     3.6      26.3
     700     700     136    -1.48     4.2      27.9
     710     710     138    -1.22     3.9      26.9
     720     720     140    -1.35     3.6      26.2
     730     730     142    -1.36     3.9      27.1
     740     740     143    -1.64     3.9      27.1
     751     751     146    -1.47     3.7      26.5
     760     760     147    -1.26       4      27.3
     770     770     149    -1.55     3.7      26.4
     780     780     151    -1.31     3.5      25.9
     792     792     153    -1.32     3.6      26.2
     802     802     155    -1.63     3.4      25.5
     812     812     157    -1.85     3.5      25.9
     822     822     162    -1.76     3.7      26.6
     832     832     166    -1.66     3.8      26.8
     839     839     169    -1.55     3.7      26.4
     862     850     174    -1.67     3.6      26.2
     872     860     179     -1.4     3.8      26.7
     882     870     184    -1.76     3.7      26.4
     892     880     189     -2.1     3.9      27.1
     902     890     194     -2.2     3.5        26
     912     900     197    -2.09     3.5      25.7
     922     910     201     -2.3     4.1      27.4
     932     920     204    -2.01     4.2      27.7
     942     930     208    -2.25     4.2      27.7
     952     940     211     -2.1     4.2      27.8
     962     950     215     -2.1     4.2      27.9
     972     960     218    -1.81     4.4      28.2
     982     970     221    -1.72       4      27.2
     992     980     223    -1.69     3.9      27.1
    1002     990     226    -1.66     3.3      25.3
    1012    1000     230    -1.91     3.6      26.2
    1022    1010     234    -2.28     3.9      27.1
    1032    1020     238     -2.3     3.8      26.8
    1042    1030     240    -2.06     4.5      28.6
    1052    1040     243    -1.46     4.5      28.4
    1062    1050     245    -1.39     3.7      26.5
    1072    1060     248    -1.48     3.5      25.7
    1082    1070     251    -1.37     3.5      25.8
    1092    1080     254    -1.23     3.4      25.6
    1102    1090     257    -1.42     3.6      26.2
    1112    1100     260    -1.29     4.1      27.6
    1122    1110     263    -1.25     3.9        27
    1132    1120     266    -1.39     3.7      26.3
    1142    1130     269    -1.28     3.5        26
    1152    1140     272    -1.84     3.7      26.6
    1162    1150     276    -1.56       4      27.2
    1172    1160     279    -1.89     4.1      27.6
    1182    1170     283    -1.92     3.8      26.7
    1192    1180     286    -1.92     3.6      26.2
    1202    1190     291              3.2      24.9
    1212    1200     295    -1.74     3.8      26.7
    1222    1210     302    -2.22       4      27.2
    1232    1220     309    -2.09     4.1      27.6
    1242    1230     315    -2.51     3.7      26.4
    1252    1240     322    -2.23     3.9      27.1
    1262    1250     329    -2.56     4.6      28.8
    1272    1260     331    -2.36     4.5      28.6
    1282    1270     334    -1.79     4.7      28.9
    1292    1280     336    -2.25     4.7        29
    1302    1290     338    -1.23     3.7      26.5
    1312    1300     343    -1.31       4      27.2
    1322    1310     347    -1.43     3.7      26.4
    1332    1320     352    -1.43     4.1      27.6
    1342    1330     357    -1.61     3.7      26.4
    1352    1340     361    -1.62     4.1      27.4
    1362    1350     366    -1.87     3.7      26.3
    1372    1360     373    -1.87     3.9      26.9
    1382    1370     379    -1.89     4.1      27.6
    1392    1380     386    -1.93     4.2      27.8
    1402    1390     392    -2.39     3.9        27
    1412    1400     399    -2.54       4      27.3
    1422    1410     405    -2.62     4.9      29.4
    1432    1420     411    -2.17     4.9      29.5
    1442    1430     416    -1.42     4.4      28.1
    1452    1440     422    -0.93     4.7      28.9
    1462    1450     428    -0.85     3.6      26.2
    1472    1460     437     -1.2     3.5      25.8
    1482    1470     445    -1.22     4.4      28.2
    1492    1480     453    -1.34     3.8      26.6
    1502    1490     461    -1.67     3.7      26.5
    1512    1500     464    -1.52     5.2      29.9
    1522    1510     467    -1.53     4.4      28.2
    1532    1520     471    -1.65     3.8      26.7
    1542    1530     474    -1.73     3.5      25.8
    1552    1540     477     -2.1     3.5        26
    1562    1550     480    -2.22     4.3        28
    1572    1560     485    -1.95     4.5      28.6
    1582    1570     489    -2.04     3.9      27.1
    1592    1580     494    -1.95     4.1      27.4
    1602    1590     498    -1.96     4.3        28
    1612    1600     505    -1.79       4      27.1
    1622    1610     511    -1.48       5      29.6
    1632    1620     525     -1.9     3.9      27.1
    1642    1630     537    -1.59     4.1      27.6
    1652    1640     544    -1.69     4.1      27.6
    1662    1650     551    -2.03     3.9      27.1
    1672    1660     559    -2.32       4      27.2
    1682    1670     566    -2.35     4.4      28.2
    1692    1680     573    -2.44     4.4      28.3
    1702    1690     576    -2.28     4.3      27.9
    1712    1700     579    -1.98     4.4      28.4
    1722    1710     582    -1.87     4.1      27.6
    1732    1720     593    -2.06     3.9      26.9
    1742    1730     603    -2.07       4      27.2
    1752    1740     608    -2.15     3.5        26
    1762    1750     612    -2.39       4      27.4
    1772    1760     616    -1.99     4.1      27.4
    1782    1770     619    -1.86     4.5      28.6
    1802    1790     624    -1.23     3.9        27
    1812    1800     639    -1.23     3.7      26.3
    1822    1810     643    -1.54     3.5        26
    1832    1820     647    -1.44     3.9        27
    1842    1830     651    -1.43     3.7      26.4
    1852    1840     655    -1.26     3.7      26.3
    1862    1850     671    -1.58     3.7      26.5
    1872    1860     687    -2.23     4.3        28
    1882    1870     695    -2.05     4.2      27.7
    1892    1880     703    -1.91     3.9        27
    1902    1890     706    -1.91     4.9      29.3
    1912    1900     709    -1.94     4.3      27.9
    1922    1910     715     -1.2     4.1      27.6
    1932    1920     720    -1.29     3.9      26.9
    1942    1930     726    -1.64     3.4      25.6
    1952    1940     731    -1.92       4      27.2
    1962    1950     738    -1.51     4.1      27.5
    1972    1960     744     -1.7       4      27.2
    1982    1970     751    -1.51     3.7      26.4
    1992    1980     759    -2.08     3.8      26.6
    2002    1990     768     -1.8     3.7      26.5
    2012    2000     776    -2.36     4.1      27.4
    2022    2010     784    -2.41     4.1      27.4
    2032    2020     789    -2.28     4.5      28.5
    2042    2030     794    -1.43     4.7      28.9
    2052    2040     798    -1.52     4.1      27.6
    2062    2050     802    -1.53     3.4      25.6
    2072    2060     805    -1.82     3.5      25.8
    2082    2070     809     -1.8     3.8      26.8
    2092    2080     814    -2.16     4.3        28
    2102    2090     826    -2.21       4      27.1
    2112    2100     838    -2.01     4.2      27.7
    2122    2110     850    -2.23       4      27.3
    2132    2120     862    -2.08
    2142    2130     865    -1.52
    2152    2140     869    -1.42     4.2      27.7
    2162    2150     872    -1.12     3.8      26.7
    2172    2160     883    -1.17     3.6      26.2
    2182    2170     895    -1.45     3.7      26.3
    2192    2180     906    -1.67     3.8      26.6
    2202    2190     914    -1.34     3.6      26.2
    2212    2200     921    -1.35     4.1      27.4
    2222    2210     927    -1.63     4.1      27.4
    2232    2220     934    -1.71     3.9      26.9
    2242    2230     940    -1.67
    2252    2240     947    -2.15     3.8      26.8
    2262    2250     949    -2.04     4.1      27.4
    2272    2260     952    -2.13     4.7        29
    2282    2270     954       -2     4.8      29.1
    2292    2280     956    -1.87     4.7      28.9
    2302    2290     962    -1.41     3.9      26.9
    2312    2300     967    -1.74     3.6      26.2
    2322    2310     973     -1.7       4      27.4
    2332    2320     978    -1.98     4.3      28.1
    2342    2330     990    -1.61     4.1      27.6
    2352    2340     992    -1.61     3.8      26.8
    2362    2350     994    -1.75     4.1      27.6
    2372    2360     996    -1.86     4.2      27.9
    2382    2370    1005    -1.52     3.9        27
    2392    2380    1014    -1.97       4      27.3
    2402    2390    1028    -2.05     4.4      28.2
    2412    2400    1030    -1.83     4.2      27.9
    2422    2410    1033    -1.74     4.3        28
    2432    2420    1035    -1.63       4      27.4
    2442    2430    1041    -1.79     3.7      26.5
    2452    2440    1047    -1.91     3.7      26.6
    2462    2450    1051    -1.77     3.6      26.2
    2472    2460    1054    -1.62     4.5      28.5
    2482    2470    1058    -1.55     3.8      26.8
    2492    2480    1068    -2.11     4.2      27.7
    2502    2490    1074    -2.07     4.6      28.7
    2512    2500    1081     -2.1     4.5      28.4
    2522    2510    1087    -1.77     4.2      27.7
    2532    2520    1094    -1.57     3.7      26.4
    2542    2530    1100    -1.48     3.8      26.8
    2552    2540    1106     -1.6     3.7      26.5
    2562    2550    1111    -1.95       4      27.3
    2572    2560    1116    -1.75     4.1      27.4
    2582    2570    1120    -1.38     3.9      27.1
    2592    2580    1125    -1.33     3.8      26.6
    2602    2590    1136    -1.62     3.7      26.5
    2612    2600    1147    -1.78     3.8      26.8
    2622    2610    1151    -1.81     3.7      26.5
    2632    2620    1155    -1.88
    2642    2630    1158    -2.07     3.5      25.7
    2652    2640    1162     -2.1     4.3      28.1
    2662    2650    1170    -1.85     4.1      27.6
    2672    2660    1180    -2.07     4.1      27.4
    2682    2670    1190    -2.02
    2692    2680    1200    -1.45     4.5      28.5
    2702    2690    1209    -1.43       4      27.2
    2712    2700    1214    -1.62     3.8      26.8
    2722    2710    1219    -1.66     3.7      26.4
    2732    2720    1224    -1.55     3.8      26.8
    2742    2730    1227    -1.87     3.5      25.9
    2752    2740    1230    -1.88     3.8      26.8
    2762    2750    1234    -1.99     4.1      27.5
    2772    2760    1237    -2.02     4.4      28.2
    2782    2770    1240    -2.16     4.4      28.2
    2792    2780    1244    -1.98     4.7        29
    2802    2790    1248    -1.29     3.8      26.8
    2812    2800    1260    -1.69     3.5      25.8
    2822    2810    1264    -1.84     3.7      26.4
    2832    2820    1267    -1.96     3.8      26.6
    2842    2830    1274    -1.93     3.5        26
    2852    2840    1281     -1.9     4.2      27.8
    2862    2850    1289    -1.49       4      27.4
    2872    2860    1296    -1.44     3.8      26.7
    2882    2870    1301    -1.49     3.7      26.4
    2892    2880    1307    -1.54     3.8      26.6
    2902    2890    1312    -2.03       4      27.2
    2912    2900    1320    -1.97     4.4      28.3
    2922    2910    1327    -1.83     4.6      28.6
    2932    2920    1332    -1.81       4      27.2
    2942    2930    1336     -1.6     3.9      27.1
    2952    2940    1341    -1.59     3.8      26.8
    2962    2950    1345    -1.57     3.6        26
    2972    2960    1350    -1.88     3.6        26
    2982    2970    1355    -2.13     4.1      27.5
    2992    2980    1359    -1.95     4.7      28.9
    3002    2990    1362    -1.97     4.5      28.6
    3012    3000    1366    -1.81     4.1      27.6
    3022    3010    1375    -1.89     4.1      27.6
    3032    3020    1379    -1.78     3.6      26.2
    3042    3030    1390    -2.18     3.8      26.6
    3052    3040    1398    -1.99     3.9      26.9
    3062    3050    1406    -2.07     5.1      29.8
    3072    3060    1411    -1.92     4.4      28.2
    3082    3070    1416    -1.81       4      27.3
    3092    3080    1420    -1.81     3.8      26.6
    3102    3090    1429    -1.71     3.7      26.5
    3112    3100    1439    -1.94       4      27.2
    3122    3110    1448    -2.12     4.1      27.5
    3132    3120    1451    -2.05     4.4      28.3
    3142    3130    1454    -1.89     4.4      28.3
    3152    3140    1456    -1.83     4.6      28.6
    3162    3150    1459    -1.39     4.7        29
    3172    3160    1463    -1.39     4.1      27.4
    3182    3170    1466    -1.64     3.8      26.6
    3192    3180    1472    -1.83       4      27.2
    3202    3190    1478    -1.73     4.2      27.9
    3212    3200    1483    -2.12     4.2      27.8
    3222    3210    1489    -2.27     4.2      27.7
    3232    3220    1494    -1.96     5.1      29.8
    3242    3230    1498    -1.72     4.2      27.9
    3252    3240    1503    -1.77     3.9      27.1
    3262    3250    1508    -1.66     4.8      29.1
    3272    3260    1513    -1.89     4.5      28.5
    3282    3270    1518    -2.01     4.4      28.2
    3292    3280    1525    -1.76     4.4      28.3
    3302    3290    1532    -1.37     3.7      26.5
    3312    3300    1538    -1.62     3.8      26.8
    3322    3310    1544    -1.67     3.9        27
    3332    3320    1551     -1.7     3.5        26
    3342    3330    1557       -2     3.9      27.1
    3352    3340    1563    -2.02     4.2      27.9
    3362    3350    1569    -1.79     4.1      27.6
    3372    3360    1574    -1.57     3.6      26.2
    3382    3370    1578    -1.68     3.6      26.2
    3392    3380    1583    -2.02     4.1      27.5
    3402    3390    1587    -2.07     3.9      27.1
    3412    3400    1597    -1.91       4      27.2
    3422    3410    1607    -2.02       4      27.4
    3432    3420    1626    -1.81     3.8      26.7
    3442    3430    1632    -1.87     4.3      27.9
    3452    3440    1637    -1.97     3.8      26.8
    3462    3450    1650    -1.55     3.7      26.3
    3472    3460    1656    -1.75     3.9      26.9
    3482    3470    1662    -1.79     4.4      28.2
    3492    3480    1664    -1.59       4      27.2
    3502    3490    1666    -1.61     3.7      26.4
    3512    3500    1668    -1.54     3.5      25.9
    3522    3510    1671    -1.63     3.7      26.4
    3532    3520    1674     -1.8     4.1      27.5
    3542    3530    1677    -1.91     4.2      27.8
    3552    3540    1685    -1.76     4.3        28
    3562    3550    1695    -1.83     4.1      27.4
    3572    3560    1699    -1.73
    3582    3570    1702    -1.55     3.7      26.3
    3592    3580    1705    -1.68     3.6      26.2
    3602    3590    1707    -1.84     4.2      27.8
    3612    3600    1710     -1.6     3.7      26.4
    3622    3610    1714    -1.92     3.7      26.6
    3632    3620    1717    -1.97     3.9      26.9
    3642    3630    1725    -1.76     4.1      27.6
    3652    3640    1730    -1.91     3.9      26.9
    3662    3650    1734    -1.96     4.1      27.4
    3672    3660    1737    -1.87     4.2      27.7
    3682    3670    1739    -1.83     4.1      27.4
    3692    3680    1742    -1.83     4.1      27.6
    3702    3690    1744    -1.67     3.6        26
    3712    3700    1747     -1.7     3.9      26.9
    3722    3710    1749    -1.71     3.9      27.1
    3732    3720    1755    -2.01     4.1      27.5

