# Eastern Equatorial Pacific SST Reconstrucition covering the last 1.5 Million Years
#-----------------------------------------------------------------------
#               World Data Center for Paleoclimatology, Boulder
#                                   and
#                      NOAA Paleoclimatology Program
#-----------------------------------------------------------------------
# NOTE: Please cite original publication, online resource and date accessed when using this data.
# If there is no publication information, please cite Investigator, title, online resource and date accessed.
#
# Description/Documentation lines begin with #
# Data lines have no #
#
# Online_Resource: https://www.ncdc.noaa.gov/paleo/study/20630
# Online_Resource: http://www1.ncdc.noaa.gov/pub/data/paleo/paleocean/by_contributor/dyez2016/dyez2016-sst-e10.txt
#
# Archive: Paleoceanography
#
# Parameter_Keywords: biomarkers, oxygen isotopes
#---------------------------------------
# Contribution_Date
#    Date: 2016-10-24
#---------------------------------------
# Title
#    Study_Name: Eastern Equatorial Pacific SST Reconstrucition covering the last 1.5 Million Years
#---------------------------------------
# Investigators
#      Investigators: Dyez, Kelsey; Ravelo, A. Christina; Mix, Alan C.
#---------------------------------------
# Description and Notes
#        Description: Alkenone-based sea surface temperatures and age model based on benthic oxygen isotopes. Study covers 1.5 Ma to present.
#---------------------------------------
# Publication
# Authors: Dyez, K.A., A.C. Ravelo, and A.C. Mix
# Published_Date_or_Year: 2016
# Published_Title: Evaluating drivers of Pleistocene eastern tropical Pacific sea surface temperature
# Journal_Name: Paleoceanography
# Volume: 31
# Edition: 
# Issue: 
# Pages: 
# Report Number: 
# DOI: 10.1002/2015PA002873
# Online_Resource: 
# Full_Citation: 
# Abstract: Sea surface temperature (SST) of the eastern equatorial Pacific is a key component of tropical oceanic and atmospheric circulation with global teleconnections. Forcing factors such as local and high-latitude insolation changes, ice sheet size and albedo feedbacks, and greenhouse gas radiation have been proposed as controls of long-term eastern tropical Pacific SST, though the precise role each mechanism plays is not fully known on glacial-interglacial or longer timescales. Here proposed mechanisms are evaluated by comparing orbital-scale records of eastern Pacific SST with forcing variability over the past 1.5 Ma. The primary SST records are a compilation of new and existing data from Ocean Drilling Program Site 1239 at the northeastern margin of the modern eastern Pacific cold tongue and Site 846 SST within the cold tongue. Using time series analysis, we test previously proposed mechanisms for control of long-term tropical SST change and SST gradients in the eastern Pacific. We find that within statistical uncertainties, in the precession band eastern Pacific SST is consistent with direct forcing by equatorial radiation changes in the tropical cold season (summer-fall) rather than inversely correlated as previously suggested. In the obliquity band high-latitude solar forcing leads or is in phase with eastern equatorial Pacific SST, while in the eccentricity band atmospheric greenhouse gas concentrations are closely associated with cold tongue SST. Pleistocene eastern Pacific SST gradients indicate that the gradient on the northern margin of the cold tongue strengthened through the mid-Pleistocene transition, a result compatible with the cold tongue becoming more focused at ~900–650 ka
#---------------------------------------
# Funding_Agency
#    Funding_Agency_Name: Consortium for Ocean Leadership
#    Grant: 
#---------------------------------------
# Funding_Agency
#    Funding_Agency_Name: National Science Foundation
#    Grant: OCE-623419
#---------------------------------------
# Site Information
# Site_Name: ODP 1239
# Location: Eastern Equatorial Pacific
# Country: 
# Northernmost_Latitude: -0.672
# Southernmost_Latitude: -0.672
# Easternmost_Longitude: -82.081
# Westernmost_Longitude: -82.081
# Elevation: -1414
#---------------------------------------
# Data_Collection
#   Collection_Name: ODP1239 SST-E10 Dyez16
#   First_Year: 1500400
#   Last_Year: 496490
#   Time_Unit: cal yr BP
#   Core_Length: 77.61
#   Notes: Data from Etourneau et al., 2010 in EPSL
#---------------------------------------
# Chronology_Information 
# Chronology: 
# Ages found by aligning benthic d18O with LR04 stack and creating tie points, using Analyseries (Paillard et al., 2005)
#
# depth_tie	Depth of tie point	mcd	
# age_tie	Age of tie point	kya	
#
# depth_tie	age_tie	  
# 0	0	  
# 0.63	15	  
# 0.95	18	  
# 1.47	40	  
# 2.1	59	  
# 2.34	75	  
# 2.58	84	  
# 2.82	96	  
# 3.06	108	  
# 3.69	125	  
# 4.49	156	  
# 4.81	174	  
# 5.04	185	  
# 5.36	200	  
# 6.16	215	  
# 6.47	223	  
# 7.19	239	  
# 7.67	252	  
# 8.66	285	  
# 9	295	  
# 9.87	317	  
# 10.35	327	  
# 11.06	341	  
# 12.97	390	  
# 13.53	402	  
# 14.76	432	  
# 15.88	474	  
# 17.12	490	  
# 17.9	513	  
# 18.63	526	  
# 18.95	547	  
# 19.76	566	  
# 20.37	575	  
# 20.93	583	  
# 21.41	595	  
# 22.12	612	  
# 22.93	630	  
# 24.63	673	  
# 25.6	687	  
# 26.61	705	  
# 27.95	718	  
# 28.66	732	  
# 29.82	746	  
# 30.32	762	  
# 31.89	782	  
# 32.84	800	  
# 35.28	840	  
# 35.75	846	  
# 36.47	858	  
# 37.34	874	  
# 39.73	922	  
# 41.3	952	  
# 52.01	1098	  
# 52.72	1108	  
# 54.43	1126	  
# 57.15	1172	  
# 63.67	1280	  
# 65.29	1316	  
# 72.97	1436	  
# 74.48	1456	  
# 75.89	1476
# 
#---------------------------------------
# Variables
# Data variables follow that are preceded by "##" in columns one and two.
# Variables list, one per line, shortname-tab-longname components (9 components: what, material, error, units, seasonality, archive, detail, method, C or N for Character or Numeric data)
## leg	cruise leg,,,,,paleoceanography,,,C
## site	drill site,,,,,paleoceanography,,,C
## hole	drill hole,,,,,paleoceanography,,,C
## core	core number,,,,,paleoceanography,,,C
## type	core type,,,,,paleoceanography,,,C
## section	core section,,,,,paleoceanography,,,C
## depth_top_cm	depth,top of sample,,cm,,paleoceanography,,,N
## depth_bot_cm	depth,bottom of sample,,cm,,paleoceanography,,,N
## depth_mid	depth,midpoint,,cm,,paleoceanography,,,N
## depth_mbsf	depth,,,m,,paleoceanography,mbsf,,N
## depth_mcd	depth,,,m,,paleoceanography,mcd,,N
## age_stack_ka	age,,,calendar ka BP,,paleoceanography,derived from alignment of benthic d18O with global LR04 stack,,N
## sst-Uk37	sea surface temperature,,,degrees Celsius,,reconstruction,derived from Uk'37 using Müller et al., 1998 calibration SST = (Uk'37 - 0.044) / 0.033,,N
#------------------------
# Data
# Data lines follow (have no #)
# Data line format - tab-delimited text, variable short name as header
# Missing Value: NA
leg	site	hole	core	type	section	depth_top_cm	depth_bot_cm	depth_mid	depth_mbsf	depth_mcd	age_stack_ka	sst-Uk37	
202	1239	A	3	H	3	2	4	3	15.94	17.34	496.49	26.67	
202	1239	A	3	H	3	20	22	21	16.12	17.52	501.79	25.58	
202	1239	A	3	H	3	40	42	41	16.32	17.72	507.69	25.33	
202	1239	A	3	H	3	60	62	61	16.52	17.92	513.36	24.73	
202	1239	A	3	H	3	80	82	81	16.72	18.12	516.92	25.00	
202	1239	A	3	H	3	100	102	101	16.92	18.32	520.48	24.82	
202	1239	A	3	H	3	120	122	121	17.12	18.52	524.04	24.48	
202	1239	A	3	H	3	140	142	141	17.32	18.72	531.91	23.97	
202	1239	A	3	H	4	7	9	8	17.50	18.90	543.72	24.21	
202	1239	A	3	H	4	30	32	31	17.73	19.13	551.22	24.61	
202	1239	A	3	H	4	53	55	54	17.96	19.36	556.62	25.18	
202	1239	A	3	H	4	70	72	71	18.13	19.53	560.60	25.58	
202	1239	A	3	H	4	86	88	87	18.29	19.69	564.36	26.21	
202	1239	A	3	H	4	110	112	111	18.53	19.93	568.51	25.21	
202	1239	A	3	H	4	134	136	135	18.77	20.17	572.05	25.48	
202	1239	A	3	H	5	0	2	1	18.94	20.34	574.56	25.70	
202	1239	A	3	H	5	20	22	21	19.14	20.54	577.43	25.82	
202	1239	A	3	H	5	40	42	41	19.34	20.74	580.29	25.30	
202	1239	A	3	H	5	60	62	61	19.54	20.94	583.25	25.27	
202	1239	A	3	H	5	80	82	81	19.74	21.14	588.25	25.70	
202	1239	A	3	H	5	100	102	101	19.94	21.34	593.25	25.79	
202	1239	A	3	H	5	120	122	121	20.14	21.54	598.11	25.42	
202	1239	A	3	H	5	140	142	141	20.34	21.74	602.90	26.09	
202	1239	A	3	H	6	10	12	11	20.55	21.95	607.93	26.30	
202	1239	A	3	H	6	30	32	31	20.75	22.15	612.67	26.97	
202	1239	A	3	H	6	50	52	51	20.95	22.35	617.11	26.91	
202	1239	A	3	H	6	70	72	71	21.15	22.55	621.56	26.39	
202	1239	A	3	H	6	90	92	91	21.35	22.75	626.00	25.88	
202	1239	A	3	H	6	110	112	111	21.55	22.95	630.51	24.73	
202	1239	A	3	H	6	130	132	131	21.75	23.15	635.56	23.91	
202	1239	A	3	H	7	2	4	3	21.98	23.38	641.38	24.18	
202	1239	A	3	H	7	20	22	21	22.16	23.56	645.94	24.33	
202	1239	A	3	H	7	40	42	41	22.36	23.76	650.99	24.45	
202	1239	A	3	H	7	60	62	61	22.56	23.96	656.05	24.91	
202	1239	A	3	H	CC	10	12	11	22.81	24.21	662.38	24.94	
202	1239	A	4	H	1	10	12	11	22.51	24.71	674.15	25.33	
202	1239	A	4	H	1	20	22	21	22.61	24.81	675.60	25.67	
202	1239	A	4	H	1	50	52	51	22.91	25.11	679.93	25.79	
202	1239	A	4	H	1	70	72	71	23.11	25.31	682.81	25.76	
202	1239	A	4	H	1	90	92	91	23.31	25.51	685.70	25.61	
202	1239	A	4	H	1	110	112	111	23.51	25.71	688.96	25.94	
202	1239	A	4	H	1	130	132	131	23.71	25.91	692.52	26.48	
202	1239	A	4	H	2	2	4	3	23.94	26.14	696.62	26.70	
202	1239	A	4	H	2	20	22	21	24.12	26.32	699.83	26.30	
202	1239	A	4	H	2	40	42	41	24.32	26.52	703.40	26.55	
202	1239	A	4	H	2	60	62	61	24.52	26.72	706.07	26.58	
202	1239	A	4	H	2	80	82	81	24.72	26.92	708.01	26.70	
202	1239	A	4	H	2	100	102	101	24.92	27.12	709.95	26.18	
202	1239	A	4	H	2	120	122	121	25.12	27.32	711.89	25.88	
202	1239	A	4	H	2	140	142	141	25.32	27.52	713.83	24.67	
202	1239	A	4	H	3	10	12	11	25.53	27.73	715.87	24.42	
202	1239	A	4	H	3	30	32	31	25.73	27.93	717.81	24.52	
202	1239	A	4	H	3	50	52	51	25.93	28.13	721.55	24.36	
202	1239	A	4	H	3	70	72	71	26.13	28.33	725.49	24.73	
202	1239	A	4	H	3	90	92	91	26.33	28.53	729.44	24.85	
202	1239	A	4	H	3	110	112	111	26.53	28.73	732.84	24.42	
202	1239	A	4	H	3	130	132	131	26.73	28.93	735.26	24.61	
202	1239	A	4	H	4	0	2	1	26.94	29.14	737.79	24.52	
202	1239	A	4	H	4	20	22	21	27.14	29.34	740.21	24.61	
202	1239	A	4	H	4	40	42	41	27.34	29.54	742.62	23.64	
202	1239	A	4	H	4	60	62	61	27.54	29.74	745.03	24.03	
202	1239	A	4	H	4	80	82	81	27.74	29.94	749.84	24.88	
202	1239	A	4	H	4	100	102	101	27.94	30.14	756.24	25.82	
202	1239	A	4	H	4	120	122	121	28.14	30.34	762.25	25.70	
202	1239	A	4	H	4	140	142	141	28.34	30.54	764.80	25.70	
202	1239	A	4	H	5	10	12	11	28.55	30.75	767.48	25.48	
202	1239	A	4	H	5	30	32	31	28.75	30.95	770.03	26.33	
202	1239	A	4	H	5	40	42	41	28.85	31.05	771.30	26.15	
202	1239	A	4	H	5	50	52	51	28.95	31.15	772.57	26.73	
202	1239	A	4	H	5	60	62	61	29.05	31.25	773.85	26.00	
202	1239	A	4	H	5	70	72	71	29.15	31.35	775.12	25.88	
202	1239	A	4	H	5	80	82	81	29.25	31.45	776.39	25.79	
202	1239	A	4	H	5	90	92	91	29.35	31.55	777.67	26.03	
202	1239	A	4	H	5	100	102	101	29.45	31.65	778.94	25.88	
202	1239	A	4	H	5	110	112	111	29.55	31.75	780.22	25.70	
202	1239	A	4	H	5	120	122	121	29.65	31.85	781.49	24.48	
202	1239	A	4	H	5	130	132	131	29.75	31.95	783.14	25.36	
202	1239	A	4	H	5	140	142	141	29.85	32.05	785.03	24.00	
202	1239	A	4	H	6	2	4	3	29.97	32.17	787.31	24.48	
202	1239	A	4	H	6	10	12	11	30.05	32.25	788.82	23.21	
202	1239	A	4	H	6	20	22	21	30.15	32.35	790.72	23.79	
202	1239	A	4	H	6	30	32	31	30.25	32.45	792.61	23.21	
202	1239	A	4	H	6	40	42	41	30.35	32.55	794.51	23.52	
202	1239	A	4	H	6	50	52	51	30.45	32.65	796.40	23.24	
202	1239	A	4	H	6	60	62	61	30.55	32.75	798.29	24.00	
202	1239	A	4	H	6	70	72	71	30.65	32.85	800.16	23.45	
202	1239	A	4	H	6	80	82	81	30.75	32.95	801.80	24.09	
202	1239	A	4	H	6	90	92	91	30.85	33.05	803.44	22.82	
202	1239	A	4	H	6	100	102	101	30.95	33.15	805.08	23.76	
202	1239	A	4	H	6	110	112	111	31.05	33.25	806.72	23.70	
202	1239	A	4	H	6	120	122	121	31.15	33.35	808.36	24.67	
202	1239	A	4	H	6	130	132	131	31.25	33.45	810.00	24.27	
202	1239	A	4	H	6	140	142	141	31.35	33.55	811.64	24.36	
202	1239	A	4	H	7	0	2	1	31.45	33.65	813.28	24.42	
202	1239	A	4	H	7	10	12	11	31.55	33.75	814.92	24.45	
202	1239	A	4	H	7	20	22	21	31.65	33.85	816.56	24.70	
202	1239	A	4	H	7	30	32	31	31.75	33.95	818.20	24.42	
202	1239	A	4	H	7	40	42	41	31.85	34.05	819.84	25.24	
202	1239	A	4	H	7	50	52	51	31.95	34.15	821.48	24.73	
202	1239	A	4	H	7	60	62	61	32.05	34.25	823.11	24.82	
202	1239	A	4	H	CC	2	4	3	32.17	34.37	825.08	24.27	
202	1239	A	4	H	CC	10	12	11	32.25	34.45	826.39	24.58	
202	1239	A	4	H	CC	20	22	21	32.35	34.55	828.03	25.15	
202	1239	A	5	H	1	0	2	1	31.91	35.66	844.85	25.33	
202	1239	A	5	H	1	10	12	11	32.01	35.76	846.17	24.82	
202	1239	A	5	H	1	20	22	21	32.11	35.86	847.83	25.24	
202	1239	A	5	H	1	30	32	31	32.21	35.96	849.50	25.36	
202	1239	A	5	H	1	40	42	41	32.31	36.06	851.17	24.61	
202	1239	A	5	H	1	50	52	51	32.41	36.16	852.83	25.70	
202	1239	A	5	H	1	60	62	61	32.51	36.26	854.50	25.55	
202	1239	A	5	H	1	70	72	71	32.61	36.36	856.17	25.64	
202	1239	A	5	H	1	80	82	81	32.71	36.46	857.83	25.70	
202	1239	A	5	H	1	90	92	91	32.81	36.56	859.66	25.64	
202	1239	A	5	H	1	100	102	101	32.91	36.66	861.49	25.09	
202	1239	A	5	H	1	110	112	111	33.01	36.76	863.33	24.91	
202	1239	A	5	H	1	120	122	121	33.11	36.86	865.17	24.21	
202	1239	A	5	H	1	130	132	131	33.21	36.96	867.01	22.03	
202	1239	A	5	H	1	140	142	141	33.31	37.06	868.85	22.15	
202	1239	A	5	H	2	20	22	21	33.61	37.36	874.40	22.52	
202	1239	A	5	H	2	50	52	51	33.91	37.66	880.43	22.55	
202	1239	A	5	H	2	80	82	81	34.21	37.96	886.45	23.30	
202	1239	A	5	H	2	110	112	111	34.51	38.26	892.48	23.27	
202	1239	A	5	H	2	140	142	141	34.81	38.56	898.50	23.42	
202	1239	A	5	H	3	20	22	21	35.12	38.87	904.73	24.09	
202	1239	A	5	H	3	50	52	51	35.42	39.17	910.75	24.55	
202	1239	A	5	H	3	80	82	81	35.72	39.47	916.78	23.64	
202	1239	A	5	H	3	110	112	111	36.02	39.77	922.76	24.52	
202	1239	A	5	H	3	140	142	141	36.32	40.07	928.50	24.27	
202	1239	A	5	H	4	20	22	21	36.62	40.37	934.23	24.09	
202	1239	A	5	H	4	50	52	51	36.92	40.67	939.96	24.52	
202	1239	A	5	H	4	80	82	81	37.22	40.97	945.69	24.91	
202	1239	A	5	H	4	110	112	111	37.52	41.27	951.43	25.55	
202	1239	A	5	H	4	140	142	141	37.82	41.57	955.68	26.00	
202	1239	A	5	H	5	20	22	21	38.13	41.88	959.91	25.64	
202	1239	A	5	H	5	50	52	51	38.43	42.18	964.00	24.76	
202	1239	A	5	H	5	80	82	81	38.73	42.48	968.09	24.48	
202	1239	A	5	H	5	110	112	111	39.03	42.78	972.18	24.67	
202	1239	A	5	H	5	140	142	141	39.33	43.08	976.27	24.67	
202	1239	A	5	H	6	20	22	21	39.64	43.39	980.49	25.48	
202	1239	A	5	H	6	50	52	51	39.94	43.69	984.58	24.67	
202	1239	A	5	H	6	80	82	81	40.24	43.99	988.67	24.82	
202	1239	A	5	H	6	110	112	111	40.54	44.29	992.76	24.24	
202	1239	A	5	H	6	140	142	141	40.84	44.59	996.85	25.09	
202	1239	A	5	H	7	20	22	21	41.15	44.89	1000.94	24.48	
202	1239	A	5	H	7	50	52	51	41.45	45.19	1005.03	24.27	
202	1239	A	5	H	CC	10	12	11	41.80	45.54	1009.80	23.94	
202	1239	A	6	H	1	10	12	11	41.51	46.11	1017.57	24.39	
202	1239	A	6	H	1	40	42	41	41.81	46.41	1021.66	25.09	
202	1239	A	6	H	1	70	72	71	42.11	46.71	1025.75	25.45	
202	1239	A	6	H	1	100	102	101	42.41	47.01	1029.84	24.88	
202	1239	A	6	H	1	130	132	131	42.71	47.31	1033.93	24.97	
202	1239	A	6	H	2	10	12	11	43.02	47.62	1038.15	24.30	
202	1239	A	6	H	2	40	42	41	43.32	47.92	1042.24	23.91	
202	1239	A	6	H	2	70	72	71	43.62	48.22	1046.33	23.00	
202	1239	A	6	H	2	100	102	101	43.92	48.52	1050.42	23.52	
202	1239	A	6	H	2	130	132	131	44.22	48.82	1054.51	24.18	
202	1239	A	6	H	3	10	12	11	44.52	49.12	1058.60	25.79	
202	1239	A	6	H	3	40	42	41	44.82	49.42	1062.69	25.91	
202	1239	A	6	H	3	70	72	71	45.12	49.72	1066.78	25.67	
202	1239	A	6	H	3	100	102	101	45.42	50.02	1070.87	25.73	
202	1239	A	6	H	3	130	132	131	45.72	50.32	1074.96	26.03	
202	1239	A	6	H	4	10	12	11	46.03	50.63	1079.19	24.88	
202	1239	A	6	H	4	40	42	41	46.33	50.93	1083.28	24.76	
202	1239	A	6	H	4	70	72	71	46.63	51.23	1087.37	24.24	
202	1239	A	6	H	4	100	102	101	46.93	51.53	1091.46	24.58	
202	1239	A	6	H	4	130	132	131	47.23	51.83	1095.55	24.27	
202	1239	A	6	H	5	10	12	11	47.53	52.13	1099.69	25.12	
202	1239	A	6	H	5	40	42	41	47.83	52.43	1103.92	25.21	
202	1239	A	6	H	5	70	72	71	48.13	52.73	1108.11	25.94	
202	1239	A	6	H	5	100	102	101	48.43	53.03	1111.26	24.70	
202	1239	A	6	H	5	130	132	131	48.73	53.33	1114.42	24.45	
202	1239	A	6	H	6	0	2	1	48.93	53.53	1116.53	24.09	
202	1239	A	6	H	6	10	12	11	49.03	53.63	1117.58	24.30	
202	1239	A	6	H	6	20	22	21	49.13	53.73	1118.63	23.97	
202	1239	A	6	H	6	30	32	31	49.23	53.83	1119.68	23.88	
202	1239	A	6	H	6	40	42	41	49.33	53.93	1120.74	23.03	
202	1239	A	6	H	6	50	52	51	49.43	54.03	1121.79	23.27	
202	1239	A	6	H	6	60	62	61	49.53	54.13	1122.84	22.79	
202	1239	A	6	H	6	70	72	71	49.63	54.23	1123.89	23.82	
202	1239	A	6	H	6	80	82	81	49.73	54.33	1124.95	23.64	
202	1239	A	6	H	6	90	92	91	49.83	54.43	1126.00	24.12	
202	1239	A	6	H	6	100	102	101	49.93	54.53	1127.69	24.09	
202	1239	A	6	H	6	110	112	111	50.03	54.63	1129.38	24.33	
202	1239	A	6	H	6	120	122	121	50.13	54.73	1131.07	24.64	
202	1239	A	6	H	6	130	132	131	50.23	54.83	1132.76	25.21	
202	1239	A	6	H	6	140	142	141	50.33	54.93	1134.46	24.27	
202	1239	A	6	H	7	0	2	1	50.43	55.00	1135.64	24.09	
202	1239	A	6	H	7	10	12	11	50.53	55.10	1137.33	23.88	
202	1239	A	6	H	7	20	22	21	50.63	55.20	1139.02	24.30	
202	1239	A	6	H	7	30	32	31	50.73	55.30	1140.71	24.33	
202	1239	A	6	H	7	40	42	41	50.83	55.40	1142.40	24.97	
202	1239	A	6	H	7	50	52	51	50.93	55.50	1144.10	24.42	
202	1239	A	6	H	7	60	62	61	51.03	55.60	1145.79	25.09	
202	1239	A	6	H	7	70	72	71	51.13	55.70	1147.48	25.27	
202	1239	A	6	H	CC	0	2	1	51.15	55.72	1147.82	25.52	
202	1239	A	6	H	CC	10	12	11	51.25	55.82	1149.51	24.27	
202	1239	A	6	H	CC	20	22	21	51.35	55.92	1151.20	24.67	
202	1239	A	6	H	CC	30	32	31	51.45	56.02	1152.89	24.94	
202	1239	A	7	H	1	0	2	1	50.91	56.16	1155.26	24.67	
202	1239	A	7	H	1	10	12	11	51.01	56.26	1156.95	25.76	
202	1239	A	7	H	1	20	22	21	51.11	56.36	1158.64	25.61	
202	1239	A	7	H	1	30	32	31	51.21	56.46	1160.33	25.64	
202	1239	A	7	H	1	60	62	61	51.51	56.76	1165.40	26.18	
202	1239	A	7	H	1	90	92	91	51.81	57.06	1170.48	26.12	
202	1239	A	7	H	1	120	122	121	52.11	57.36	1175.48	26.36	
202	1239	A	7	H	2	0	2	1	52.41	57.66	1180.45	26.06	
202	1239	A	7	H	2	30	32	31	52.71	57.96	1185.42	26.21	
202	1239	A	7	H	2	60	62	61	53.01	58.26	1190.39	25.97	
202	1239	A	7	H	2	90	92	91	53.31	58.56	1195.36	26.27	
202	1239	A	7	H	2	120	122	121	53.61	58.86	1200.33	25.42	
202	1239	A	7	H	3	0	2	1	53.91	59.16	1205.29	24.45	
202	1239	A	7	H	3	30	32	31	54.21	59.46	1210.26	24.36	
202	1239	A	7	H	3	60	62	61	54.51	59.76	1215.23	25.58	
202	1239	A	7	H	3	90	92	91	54.81	60.06	1220.20	24.64	
202	1239	A	7	H	3	120	122	121	55.11	60.36	1225.17	24.85	
202	1239	A	7	H	4	0	2	1	55.41	60.66	1230.14	26.85	
202	1239	A	7	H	4	30	32	31	55.71	60.96	1235.11	27.24	
202	1239	A	7	H	4	60	62	61	56.01	61.26	1240.08	27.30	
202	1239	A	7	H	4	90	92	91	56.31	61.56	1245.05	26.55	
202	1239	A	7	H	4	120	122	121	56.61	61.86	1250.02	25.00	
202	1239	A	7	H	5	0	2	1	56.91	62.16	1254.99	24.24	
202	1239	A	7	H	5	20	22	21	57.11	62.36	1258.30	24.24	
202	1239	A	7	H	5	40	42	41	57.31	62.56	1261.61	23.79	
202	1239	A	7	H	5	60	62	61	57.51	62.76	1264.93	24.39	
202	1239	A	7	H	5	80	82	81	57.71	62.96	1268.24	24.33	
202	1239	A	7	H	5	100	102	101	57.91	63.16	1271.55	24.82	
202	1239	A	7	H	5	120	122	121	58.11	63.36	1274.87	25.03	
202	1239	A	7	H	5	140	142	141	58.31	63.56	1278.18	25.64	
202	1239	A	7	H	6	10	12	11	58.52	63.77	1282.22	26.42	
202	1239	A	7	H	6	30	32	31	58.72	63.97	1286.67	26.24	
202	1239	A	7	H	6	50	52	51	58.92	64.17	1291.11	27.09	
202	1239	A	7	H	6	70	72	71	59.12	64.37	1295.56	26.00	
202	1239	A	7	H	6	90	92	91	59.32	64.57	1300.00	25.24	
202	1239	A	7	H	6	110	112	111	59.52	64.77	1304.44	25.79	
202	1239	A	7	H	6	130	132	131	59.72	64.97	1308.89	26.33	
202	1239	A	7	H	7	0	2	1	59.93	65.18	1313.56	25.94	
202	1239	A	7	H	7	20	22	21	60.13	65.38	1317.41	25.97	
202	1239	A	7	H	7	40	42	41	60.33	65.58	1320.53	25.45	
202	1239	A	7	H	7	60	62	61	60.53	65.78	1323.66	26.12	
202	1239	A	7	H	CC	10	12	11	60.88	66.13	1329.13	26.30	
202	1239	A	8	H	1	30	32	31	60.71	66.66	1337.41	25.45	
202	1239	A	8	H	1	50	52	51	60.91	66.86	1340.53	25.64	
202	1239	A	8	H	1	70	72	71	61.11	67.06	1343.66	25.70	
202	1239	A	8	H	1	90	92	91	61.31	67.26	1346.78	25.58	
202	1239	A	8	H	1	110	112	111	61.51	67.46	1349.91	27.88	
202	1239	A	8	H	1	130	132	131	61.71	67.66	1353.03	26.24	
202	1239	A	8	H	2	0	2	1	61.92	67.87	1356.31	27.24	
202	1239	A	8	H	2	20	22	21	62.12	68.07	1359.44	26.48	
202	1239	A	8	H	2	40	42	41	62.32	68.27	1362.56	27.88	
202	1239	A	8	H	2	60	62	61	62.52	68.47	1365.69	26.97	
202	1239	A	8	H	2	80	82	81	62.72	68.67	1368.81	27.67	
202	1239	A	8	H	2	100	102	101	62.92	68.87	1371.94	27.06	
202	1239	A	8	H	2	120	122	121	63.12	69.07	1375.06	27.24	
202	1239	A	8	H	2	140	142	141	63.32	69.27	1378.19	24.70	
202	1239	A	8	H	3	10	12	11	63.53	69.48	1381.47	25.18	
202	1239	A	8	H	3	30	32	31	63.73	69.68	1384.59	24.06	
202	1239	A	8	H	3	50	52	51	63.93	69.88	1387.72	26.52	
202	1239	A	8	H	3	70	72	71	64.13	70.08	1390.84	24.94	
202	1239	A	8	H	3	90	92	91	64.33	70.28	1393.97	26.33	
202	1239	A	8	H	3	110	112	111	64.53	70.48	1397.09	25.67	
202	1239	A	8	H	3	130	132	131	64.73	70.68	1400.22	25.73	
202	1239	A	8	H	4	0	2	1	64.95	70.90	1403.66	25.48	
202	1239	A	8	H	4	20	22	21	65.15	71.10	1406.78	25.30	
202	1239	A	8	H	4	40	42	41	65.35	71.30	1409.91	24.97	
202	1239	A	8	H	4	60	62	61	65.55	71.50	1413.03	25.27	
202	1239	A	8	H	4	80	82	81	65.75	71.70	1416.16	25.21	
202	1239	A	8	H	4	100	102	101	65.95	71.90	1419.28	25.24	
202	1239	A	8	H	4	120	122	121	66.15	72.10	1422.41	25.45	
202	1239	A	8	H	4	140	142	141	66.35	72.30	1425.53	25.42	
202	1239	A	8	H	5	10	12	11	66.56	72.51	1428.81	25.64	
202	1239	A	8	H	5	30	32	31	66.76	72.71	1431.94	26.03	
202	1239	A	8	H	5	50	52	51	66.96	72.91	1435.06	26.52	
202	1239	A	8	H	5	70	72	71	67.16	73.11	1437.85	26.36	
202	1239	A	8	H	5	90	92	91	67.36	73.31	1440.50	26.39	
202	1239	A	8	H	5	110	112	111	67.56	73.51	1443.15	26.52	
202	1239	A	8	H	5	130	132	131	67.76	73.71	1445.80	26.76	
202	1239	A	8	H	6	0	2	1	67.97	73.92	1448.58	26.15	
202	1239	A	8	H	6	20	22	21	68.17	74.12	1451.23	25.39	
202	1239	A	8	H	6	40	42	41	68.37	74.32	1453.88	25.15	
202	1239	A	8	H	6	60	62	61	68.57	74.52	1456.57	24.82	
202	1239	A	8	H	6	80	82	81	68.77	74.72	1459.40	25.09	
202	1239	A	8	H	6	100	102	101	68.97	74.92	1462.24	25.18	
202	1239	A	8	H	6	120	122	121	69.17	75.12	1465.08	24.85	
202	1239	A	8	H	6	140	142	141	69.37	75.32	1467.91	24.67	
202	1239	A	8	H	7	10	12	11	69.58	75.53	1470.89	25.91	
202	1239	A	8	H	7	30	32	31	69.78	75.73	1473.73	26.27	
202	1239	A	8	H	7	50	52	51	69.98	75.93	1476.57	26.91	
202	1239	A	8	H	CC	0	2	1	70.16	76.11	1479.12	26.27	
202	1239	A	8	H	CC	20	22	21	70.36	76.31	1481.96	26.33	
202	1239	A	9	H	1	0	2	1	69.91	77.21	1494.72	25.09	
202	1239	A	9	H	1	10	12	11	70.01	77.31	1496.14	25.79	
202	1239	A	9	H	1	20	22	21	70.11	77.41	1497.56	26.03	
202	1239	A	9	H	1	30	32	31	70.21	77.51	1498.98	25.52	
202	1239	A	9	H	1	40	42	41	70.31	77.61	1500.40	25.36	
