# Eastern Equatorial Pacific SST Reconstrucition covering the last 1.5 Million Years
#-----------------------------------------------------------------------
#               World Data Center for Paleoclimatology, Boulder
#                                   and
#                      NOAA Paleoclimatology Program
#-----------------------------------------------------------------------
# NOTE: Please cite original publication, online resource and date accessed when using this data.
# If there is no publication information, please cite Investigator, title, online resource and date accessed.
#
# Description/Documentation lines begin with #
# Data lines have no #
#
# Online_Resource: https://www.ncdc.noaa.gov/paleo/study/20630
# Online_Resource: http://www1.ncdc.noaa.gov/pub/data/paleo/paleocean/by_contributor/dyez2016/dyez2016-sst-rm10.txt
#
# Archive: Paleoceanography
#
# Parameter_Keywords: biomarkers, oxygen isotopes
#---------------------------------------
# Contribution_Date
#    Date: 2016-10-24
#---------------------------------------
# Title
#    Study_Name: Eastern Equatorial Pacific SST Reconstrucition covering the last 1.5 Million Years
#---------------------------------------
# Investigators
#      Investigators: Dyez, Kelsey; Ravelo, A. Christina; Mix, Alan C.
#---------------------------------------
# Description and Notes
#        Description: Alkenone-based sea surface temperatures and age model based on benthic oxygen isotopes. Study covers 1.5 Ma to present.
#---------------------------------------
# Publication
# Authors: Dyez, K.A., A.C. Ravelo, and A.C. Mix
# Published_Date_or_Year: 2016
# Published_Title: Evaluating drivers of Pleistocene eastern tropical Pacific sea surface temperature
# Journal_Name: Paleoceanography
# Volume: 31
# Edition: 
# Issue: 
# Pages: 
# Report Number: 
# DOI: 10.1002/2015PA002873
# Online_Resource: 
# Full_Citation: 
# Abstract: Sea surface temperature (SST) of the eastern equatorial Pacific is a key component of tropical oceanic and atmospheric circulation with global teleconnections. Forcing factors such as local and high-latitude insolation changes, ice sheet size and albedo feedbacks, and greenhouse gas radiation have been proposed as controls of long-term eastern tropical Pacific SST, though the precise role each mechanism plays is not fully known on glacial-interglacial or longer timescales. Here proposed mechanisms are evaluated by comparing orbital-scale records of eastern Pacific SST with forcing variability over the past 1.5 Ma. The primary SST records are a compilation of new and existing data from Ocean Drilling Program Site 1239 at the northeastern margin of the modern eastern Pacific cold tongue and Site 846 SST within the cold tongue. Using time series analysis, we test previously proposed mechanisms for control of long-term tropical SST change and SST gradients in the eastern Pacific. We find that within statistical uncertainties, in the precession band eastern Pacific SST is consistent with direct forcing by equatorial radiation changes in the tropical cold season (summer-fall) rather than inversely correlated as previously suggested. In the obliquity band high-latitude solar forcing leads or is in phase with eastern equatorial Pacific SST, while in the eccentricity band atmospheric greenhouse gas concentrations are closely associated with cold tongue SST. Pleistocene eastern Pacific SST gradients indicate that the gradient on the northern margin of the cold tongue strengthened through the mid-Pleistocene transition, a result compatible with the cold tongue becoming more focused at ~900–650 ka
#---------------------------------------
# Funding_Agency
#    Funding_Agency_Name: Consortium for Ocean Leadership
#    Grant: 
#---------------------------------------
# Funding_Agency
#    Funding_Agency_Name: National Science Foundation
#    Grant: OCE-623419
#---------------------------------------
# Site Information
# Site_Name: ODP 1239
# Location: Eastern Equatorial Pacific
# Country: 
# Northernmost_Latitude: -0.672
# Southernmost_Latitude: -0.672
# Easternmost_Longitude: -82.081
# Westernmost_Longitude: -82.081
# Elevation: -1414
#---------------------------------------
# Data_Collection
#   Collection_Name: ODP1239 SST-RM10 Dyez16
#   First_Year: 507400
#   Last_Year: 240
#   Time_Unit: cal yr BP
#   Core_Length: 77.61
#   Notes: Data from Rincón-Martínez et al., 2010 in Paleoceanography
#---------------------------------------
# Chronology_Information 
# Chronology: 
# Ages found by aligning benthic d18O with LR04 stack and creating tie points, using Analyseries (Paillard et al., 2005)
#
# depth_tie	Depth of tie point	mcd	
# age_tie	Age of tie point	kya	
#
# depth_tie	age_tie	  
# 0	0	  
# 0.63	15	  
# 0.95	18	  
# 1.47	40	  
# 2.1	59	  
# 2.34	75	  
# 2.58	84	  
# 2.82	96	  
# 3.06	108	  
# 3.69	125	  
# 4.49	156	  
# 4.81	174	  
# 5.04	185	  
# 5.36	200	  
# 6.16	215	  
# 6.47	223	  
# 7.19	239	  
# 7.67	252	  
# 8.66	285	  
# 9	295	  
# 9.87	317	  
# 10.35	327	  
# 11.06	341	  
# 12.97	390	  
# 13.53	402	  
# 14.76	432	  
# 15.88	474	  
# 17.12	490	  
# 17.9	513	  
# 18.63	526	  
# 18.95	547	  
# 19.76	566	  
# 20.37	575	  
# 20.93	583	  
# 21.41	595	  
# 22.12	612	  
# 22.93	630	  
# 24.63	673	  
# 25.6	687	  
# 26.61	705	  
# 27.95	718	  
# 28.66	732	  
# 29.82	746	  
# 30.32	762	  
# 31.89	782	  
# 32.84	800	  
# 35.28	840	  
# 35.75	846	  
# 36.47	858	  
# 37.34	874	  
# 39.73	922	  
# 41.3	952	  
# 52.01	1098	  
# 52.72	1108	  
# 54.43	1126	  
# 57.15	1172	  
# 63.67	1280	  
# 65.29	1316	  
# 72.97	1436	  
# 74.48	1456	  
# 75.89	1476 
# 
#---------------------------------------
# Variables
# Data variables follow that are preceded by "##" in columns one and two.
# Variables list, one per line, shortname-tab-longname components (9 components: what, material, error, units, seasonality, archive, detail, method, C or N for Character or Numeric data)
## leg	cruise leg,,,,,paleoceanography,,,C
## site	drill site,,,,,paleoceanography,,,C
## hole	drill hole,,,,,paleoceanography,,,C
## core	core number,,,,,paleoceanography,,,C
## type	core type,,,,,paleoceanography,,,C
## section	core section,,,,,paleoceanography,,,C
## depth_top_cm	depth,top of sample,,cm,,paleoceanography,,,N
## depth_bot_cm	depth,bottom of sample,,cm,,paleoceanography,,,N
## depth_mid	depth,midpoint,,cm,,paleoceanography,,,N
## depth_mbsf	depth,,,m,,paleoceanography,mbsf,,N
## depth_mcd	depth,,,m,,paleoceanography,mcd,,N
## age_stack_ka	age,,,calendar ka BP,,paleoceanography,derived from alignment of benthic d18O with global LR04 stack,,N
## sst-Uk37	sea surface temperature,,,degrees Celsius,,reconstruction,derived from Uk'37 using Müller et al., 1998 calibration SST = (Uk'37 - 0.044) / 0.033,,N
#------------------------
# Data
# Data lines follow (have no #)
# Data line format - tab-delimited text, variable short name as header
# Missing Value: NA
leg	site	hole	core	type	section	depth_top_cm	depth_bot_cm	depth_mid	depth_mbsf	depth_mcd	age_stack_ka	sst-Uk37	
202	1239	A	1	H	1	0	2	1	0.01	0.01	0.24	25.64	
202	1239	A	1	H	1	2	4	3	0.03	0.03	0.71	25.61	
202	1239	A	1	H	1	4	6	5	0.05	0.05	1.19	25.64	
202	1239	A	1	H	1	6	8	7	0.07	0.07	1.67	25.52	
202	1239	A	1	H	1	8	10	9	0.09	0.09	2.14	25.42	
202	1239	A	1	H	1	10	12	11	0.11	0.11	2.62	25.36	
202	1239	A	1	H	1	12	14	13	0.13	0.13	3.10	25.27	
202	1239	A	1	H	1	14	16	15	0.15	0.15	3.57	25.18	
202	1239	A	1	H	1	16	18	17	0.17	0.17	4.05	24.94	
202	1239	A	1	H	1	18	20	19	0.19	0.19	4.52	24.85	
202	1239	A	1	H	1	20	22	21	0.21	0.21	5.00	24.97	
202	1239	A	1	H	1	22	24	23	0.23	0.23	5.48	24.91	
202	1239	A	1	H	1	24	26	25	0.25	0.25	5.95	24.88	
202	1239	A	1	H	1	26	28	27	0.27	0.27	6.43	24.91	
202	1239	A	1	H	1	28	30	29	0.29	0.29	6.90	24.88	
202	1239	A	1	H	1	30	32	31	0.31	0.31	7.38	24.91	
202	1239	A	1	H	1	32	34	33	0.33	0.33	7.86	24.94	
202	1239	A	1	H	1	34	36	35	0.35	0.35	8.33	25.12	
202	1239	A	1	H	1	36	38	37	0.37	0.37	8.81	24.85	
202	1239	A	1	H	1	38	40	39	0.39	0.39	9.29	24.7	
202	1239	A	1	H	1	40	42	41	0.41	0.41	9.76	24.58	
202	1239	A	1	H	1	42	44	43	0.43	0.43	10.24	24.42	
202	1239	A	1	H	1	44	46	45	0.45	0.45	10.71	24.61	
202	1239	A	1	H	1	46	48	47	0.47	0.47	11.19	24.33	
202	1239	A	1	H	1	48	50	49	0.49	0.49	11.67	24.33	
202	1239	A	1	H	1	50	52	51	0.51	0.51	12.14	24.21	
202	1239	A	1	H	1	52	54	53	0.53	0.53	12.62	24.18	
202	1239	A	1	H	1	54	56	55	0.55	0.55	13.10	23.79	
202	1239	A	1	H	1	56	58	57	0.57	0.57	13.57	23.73	
202	1239	A	1	H	1	58	60	59	0.59	0.59	14.05	23.61	
202	1239	A	1	H	1	60	62	61	0.61	0.61	14.52	23.61	
202	1239	A	1	H	1	62	64	63	0.63	0.63	15.00	23.61	
202	1239	A	1	H	1	64	66	65	0.65	0.65	15.19	23.39	
202	1239	A	1	H	1	66	68	67	0.67	0.67	15.38	23.39	
202	1239	A	1	H	1	68	70	69	0.69	0.69	15.56	23.33	
202	1239	A	1	H	1	70	72	71	0.71	0.71	15.75	23.24	
202	1239	A	1	H	1	72	74	73	0.73	0.73	15.94	22.91	
202	1239	A	1	H	1	74	76	75	0.75	0.75	16.13	22.82	
202	1239	A	1	H	1	76	78	77	0.77	0.77	16.31	22.82	
202	1239	A	1	H	1	78	80	79	0.79	0.79	16.50	22.91	
202	1239	A	1	H	1	80	82	81	0.81	0.81	16.69	23.27	
202	1239	A	1	H	1	82	84	83	0.83	0.83	16.88	23.27	
202	1239	A	1	H	1	84	86	85	0.85	0.85	17.06	23.21	
202	1239	A	1	H	1	86	88	87	0.87	0.87	17.25	23.24	
202	1239	A	1	H	1	88	90	89	0.89	0.89	17.44	23.24	
202	1239	A	1	H	1	90	92	91	0.91	0.91	17.63	23.33	
202	1239	A	1	H	1	92	94	93	0.93	0.93	17.81	23.33	
202	1239	A	1	H	1	94	96	95	0.95	0.95	18.00	23.3	
202	1239	A	1	H	1	96	98	97	0.97	0.97	18.85	23.3	
202	1239	A	1	H	1	98	100	99	0.99	0.99	19.69	23.61	
202	1239	A	1	H	1	100	102	101	1.01	1.01	20.54	23.39	
202	1239	A	1	H	1	102	104	103	1.03	1.03	21.38	23.61	
202	1239	A	1	H	1	104	106	105	1.05	1.05	22.23	23.61	
202	1239	A	1	H	1	106	108	107	1.07	1.07	23.08	23.55	
202	1239	A	1	H	1	108	110	109	1.09	1.09	23.92	23.48	
202	1239	A	1	H	1	110	112	111	1.11	1.11	24.77	23.55	
202	1239	A	1	H	1	112	114	113	1.13	1.13	25.62	23.52	
202	1239	A	1	H	1	114	116	115	1.15	1.15	26.46	23.52	
202	1239	A	1	H	1	116	118	117	1.17	1.17	27.31	23.45	
202	1239	A	1	H	1	118	120	119	1.19	1.19	28.15	23.3	
202	1239	C	1	H	1	84	86	85	2.15	1.20	28.58	23.64	
202	1239	C	1	H	1	86	88	87	2.17	1.22	29.42	23.82	
202	1239	C	1	H	1	88	90	89	2.19	1.24	30.27	24.06	
202	1239	C	1	H	1	92	94	93	2.23	1.28	31.96	24.21	
202	1239	C	1	H	1	96	98	97	2.27	1.32	33.65	24.27	
202	1239	C	1	H	1	100	102	101	2.31	1.36	35.35	24.39	
202	1239	C	1	H	1	104	106	105	2.35	1.40	37.04	24.36	
202	1239	C	1	H	1	108	110	109	2.39	1.44	38.73	24.21	
202	1239	C	1	H	1	110	112	111	2.41	1.46	39.58	24.33	
202	1239	C	1	H	1	112	114	113	2.43	1.48	40.30	23.7	
202	1239	C	1	H	1	116	118	117	2.47	1.52	41.51	23.61	
202	1239	C	1	H	1	120	122	121	2.51	1.56	42.71	23.76	
202	1239	C	1	H	1	124	126	125	2.55	1.60	43.92	23.79	
202	1239	C	1	H	1	128	130	129	2.59	1.64	45.13	23.79	
202	1239	C	1	H	1	132	134	133	2.63	1.68	46.33	23.76	
202	1239	C	1	H	1	134	136	135	2.65	1.70	46.94	23.3	
202	1239	C	1	H	1	136	138	137	2.67	1.72	47.54	23.03	
202	1239	C	1	H	1	138	140	139	2.69	1.74	48.14	23.03	
202	1239	C	1	H	1	142	144	143	2.73	1.78	49.35	23.09	
202	1239	C	1	H	1	146	148	147	2.77	1.82	50.56	23.18	
202	1239	C	1	H	1	148	150	149	2.79	1.84	51.16	23.48	
202	1239	C	1	H	2	0	2	1	2.82	1.87	52.06	23.67	
202	1239	C	1	H	2	6	8	7	2.88	1.93	53.87	23.82	
202	1239	C	1	H	2	10	12	11	2.92	1.97	55.08	23.94	
202	1239	C	1	H	2	14	16	15	2.96	2.01	56.29	24.15	
202	1239	C	1	H	2	18	20	19	3.00	2.05	57.49	24.36	
202	1239	C	1	H	2	22	24	23	3.04	2.09	58.70	24.45	
202	1239	C	1	H	2	26	28	27	3.08	2.13	61.00	24.12	
202	1239	C	1	H	2	30	32	31	3.12	2.17	63.67	23.94	
202	1239	C	1	H	2	32	34	33	3.14	2.19	65.00	24.09	
202	1239	C	1	H	2	34	36	35	3.16	2.21	66.33	24.58	
202	1239	C	1	H	2	38	40	39	3.20	2.25	69.00	24.36	
202	1239	C	1	H	2	42	44	43	3.24	2.29	71.67	24.39	
202	1239	C	1	H	2	46	48	47	3.28	2.33	74.33	24.67	
202	1239	C	1	H	2	48	50	49	3.30	2.35	75.38	25.88	
202	1239	C	1	H	2	50	52	51	3.32	2.37	76.13	25.82	
202	1239	C	1	H	2	54	56	55	3.36	2.41	77.63	26.27	
202	1239	C	1	H	2	58	60	59	3.40	2.45	79.13	26.24	
202	1239	C	1	H	2	62	64	63	3.44	2.49	80.63	26.24	
202	1239	C	1	H	2	66	68	67	3.48	2.53	82.13	25.88	
202	1239	C	1	H	2	70	72	71	3.52	2.57	83.63	26.06	
202	1239	C	1	H	2	74	76	75	3.56	2.61	85.50	25.88	
202	1239	C	1	H	2	78	80	79	3.60	2.65	87.50	26.03	
202	1239	C	1	H	2	82	84	83	3.64	2.69	89.50	25.79	
202	1239	C	1	H	2	86	88	87	3.68	2.73	91.50	25.64	
202	1239	C	1	H	2	90	92	91	3.72	2.77	93.50	25.61	
202	1239	C	1	H	2	94	96	95	3.76	2.81	95.50	25.55	
202	1239	C	1	H	2	98	100	99	3.80	2.85	97.50	25.82	
202	1239	C	1	H	2	102	104	103	3.84	2.89	99.50	25.48	
202	1239	C	1	H	2	106	108	107	3.88	2.93	101.50	25.55	
202	1239	C	1	H	2	110	112	111	3.92	2.97	103.50	25.45	
202	1239	C	1	H	2	114	116	115	3.96	3.01	105.50	25.52	
202	1239	C	1	H	2	118	120	119	4.00	3.05	107.50	25.61	
202	1239	C	1	H	2	122	124	123	4.04	3.09	108.81	25.58	
202	1239	C	1	H	2	126	128	127	4.08	3.13	109.89	25.64	
202	1239	C	1	H	2	130	132	131	4.12	3.17	110.97	25.7	
202	1239	C	1	H	2	134	136	135	4.16	3.21	112.05	25.73	
202	1239	C	1	H	2	136	138	137	4.18	3.23	112.59	25.76	
202	1239	C	1	H	2	138	140	139	4.20	3.25	113.13	25.7	
202	1239	C	1	H	2	140	142	141	4.22	3.27	113.67	26.27	
202	1239	C	1	H	2	142	144	143	4.24	3.29	114.21	26.55	
202	1239	C	1	H	2	144	146	145	4.26	3.31	114.75	26.36	
202	1239	C	1	H	2	146	148	147	4.28	3.33	115.29	26.45	
202	1239	C	1	H	2	148	150	149	4.30	3.35	115.83	26.48	
202	1239	C	1	H	3	0	2	1	4.33	3.38	116.63	26.55	
202	1239	C	1	H	3	2	4	3	4.35	3.40	117.17	26.45	
202	1239	C	1	H	3	4	6	5	4.37	3.42	117.71	26.48	
202	1239	C	1	H	3	6	8	7	4.39	3.44	118.25	26.55	
202	1239	C	1	H	3	8	10	9	4.41	3.46	118.79	26.42	
202	1239	C	1	H	3	10	12	11	4.43	3.48	119.33	26.58	
202	1239	C	1	H	3	12	14	13	4.45	3.50	119.87	26.52	
202	1239	C	1	H	3	14	16	15	4.47	3.52	120.41	26.64	
202	1239	C	1	H	3	16	18	17	4.49	3.54	120.95	26.55	
202	1239	C	1	H	3	18	20	19	4.51	3.56	121.49	26.55	
202	1239	C	1	H	3	20	22	21	4.53	3.58	122.03	26.52	
202	1239	C	1	H	3	22	24	23	4.55	3.60	122.57	26.55	
202	1239	C	1	H	3	24	26	25	4.57	3.62	123.11	26.61	
202	1239	C	1	H	3	26	28	27	4.59	3.64	123.65	26.55	
202	1239	C	1	H	3	28	30	29	4.61	3.66	124.19	26.64	
202	1239	C	1	H	3	30	32	31	4.63	3.68	124.73	26.67	
202	1239	C	1	H	3	32	34	33	4.65	3.70	125.39	26.61	
202	1239	C	1	H	3	34	36	35	4.67	3.72	126.16	26.64	
202	1239	C	1	H	3	36	38	37	4.69	3.74	126.94	26.55	
202	1239	C	1	H	3	38	40	39	4.71	3.76	127.71	26.58	
202	1239	C	1	H	3	40	42	41	4.73	3.78	128.49	26.64	
202	1239	C	1	H	3	42	44	43	4.75	3.80	129.26	26.58	
202	1239	C	1	H	3	44	46	45	4.77	3.82	130.04	26.58	
202	1239	C	1	H	3	48	50	49	4.81	3.86	131.59	26.39	
202	1239	C	1	H	3	52	54	53	4.85	3.90	133.14	25.91	
202	1239	C	1	H	3	56	58	57	4.89	3.94	134.69	25.42	
202	1239	C	1	H	3	60	62	61	4.93	3.98	136.24	25.24	
202	1239	C	1	H	3	62	64	63	4.95	4.00	137.01	25.3	
202	1239	C	1	H	3	64	66	65	4.97	4.02	137.79	25.12	
202	1239	C	1	H	3	68	70	69	5.01	4.06	139.34	25.73	
202	1239	C	1	H	3	72	74	73	5.05	4.10	140.89	25.33	
202	1239	C	1	H	3	74	76	75	5.07	4.12	141.66	24.58	
202	1239	C	1	H	3	76	78	77	5.09	4.14	142.44	24.82	
202	1239	C	1	H	3	80	82	81	5.13	4.18	143.99	24.55	
202	1239	C	1	H	3	84	86	85	5.17	4.22	145.54	24.94	
202	1239	C	1	H	3	86	88	87	5.19	4.24	146.31	25.18	
202	1239	C	1	H	3	90	92	91	5.23	4.28	147.86	24.97	
202	1239	C	1	H	3	92	94	93	5.25	4.30	148.64	24.97	
202	1239	C	1	H	3	94	96	95	5.27	4.32	149.41	25.06	
202	1239	C	1	H	3	98	100	99	5.31	4.36	150.96	25.18	
202	1239	C	1	H	3	102	104	103	5.35	4.40	152.51	25.21	
202	1239	C	1	H	3	106	108	107	5.39	4.44	154.06	25.27	
202	1239	C	1	H	3	110	112	111	5.43	4.48	155.61	24.94	
202	1239	C	1	H	3	114	116	115	5.47	4.52	157.69	24.85	
202	1239	C	1	H	3	118	120	119	5.51	4.56	159.94	24.7	
202	1239	C	1	H	3	120	122	121	5.53	4.58	161.06	24.85	
202	1239	C	1	H	3	122	124	123	5.55	4.60	162.19	24.94	
202	1239	C	1	H	3	126	128	127	5.59	4.64	164.44	25.15	
202	1239	C	1	H	3	130	132	131	5.63	4.68	166.69	25.33	
202	1239	C	1	H	3	134	136	135	5.67	4.72	168.94	25.03	
202	1239	C	1	H	3	138	140	139	5.71	4.76	171.19	25.45	
202	1239	C	1	H	3	142	144	143	5.75	4.80	173.44	25.64	
202	1239	C	1	H	3	146	148	147	5.79	4.84	175.43	25.88	
202	1239	C	1	H	3	148	150	149	5.81	4.86	176.39	25.94	
202	1239	C	1	H	4	0	2	1	5.84	4.89	177.83	25.88	
202	1239	C	1	H	4	2	4	3	5.86	4.91	178.78	25.94	
202	1239	C	1	H	4	6	8	7	5.90	4.95	180.70	26.03	
202	1239	C	1	H	4	8	10	9	5.92	4.97	181.65	25.73	
202	1239	C	1	H	4	10	12	11	5.94	4.99	182.61	26.12	
202	1239	C	1	H	4	14	16	15	5.98	5.03	184.52	26.36	
202	1239	C	1	H	4	16	18	17	6.00	5.05	185.47	25.97	
202	1239	C	1	H	4	18	20	19	6.02	5.07	186.41	26.18	
202	1239	C	1	H	4	22	24	23	6.06	5.11	188.28	25.85	
202	1239	C	1	H	4	26	28	27	6.10	5.15	190.16	25.76	
202	1239	C	1	H	4	30	32	31	6.14	5.19	192.03	25.48	
202	1239	C	1	H	4	34	36	35	6.18	5.23	193.91	25.91	
202	1239	C	1	H	4	38	40	39	6.22	5.27	195.78	25.91	
202	1239	C	1	H	4	42	44	43	6.26	5.31	197.66	26.09	
202	1239	C	1	H	4	46	48	47	6.30	5.35	199.53	26.21	
202	1239	C	1	H	4	48	50	49	6.32	5.37	200.19	26.21	
202	1239	C	1	H	4	52	54	53	6.36	5.41	200.94	26.27	
202	1239	C	1	H	4	56	58	57	6.40	5.45	201.69	26.18	
202	1239	C	1	H	4	60	62	61	6.44	5.49	202.44	25.94	
202	1239	C	1	H	4	64	66	65	6.48	5.53	203.19	25.64	
202	1239	C	1	H	4	68	70	69	6.52	5.57	203.94	25.58	
202	1239	C	1	H	4	72	74	73	6.56	5.61	204.69	25.42	
202	1239	C	1	H	4	76	78	77	6.60	5.65	205.44	25.55	
202	1239	C	1	H	4	80	82	81	6.64	5.69	206.19	25.3	
202	1239	C	1	H	4	84	86	85	6.68	5.73	206.94	25.58	
202	1239	C	1	H	4	88	90	89	6.72	5.77	207.69	25.91	
202	1239	C	1	H	4	92	94	93	6.76	5.81	208.44	25.85	
202	1239	C	1	H	4	96	98	97	6.80	5.85	209.19	25.88	
202	1239	C	1	H	4	100	102	101	6.84	5.89	209.94	25.7	
202	1239	C	1	H	4	104	106	105	6.88	5.93	210.69	25.88	
202	1239	C	1	H	4	108	110	109	6.92	5.97	211.44	25.67	
202	1239	C	1	H	4	110	112	111	6.94	5.99	211.81	25.7	
202	1239	C	1	H	4	114	116	115	6.98	6.03	212.56	25.76	
202	1239	C	1	H	4	118	120	119	7.02	6.07	213.31	25.7	
202	1239	C	1	H	4	122	124	123	7.06	6.11	214.06	25.55	
202	1239	C	1	H	4	126	128	127	7.10	6.15	214.81	25.52	
202	1239	C	1	H	4	130	132	131	7.14	6.19	215.77	25.33	
202	1239	C	1	H	4	134	136	135	7.18	6.23	216.81	25.27	
202	1239	C	1	H	4	138	140	139	7.22	6.27	217.84	25.03	
202	1239	C	1	H	4	142	144	143	7.26	6.31	218.87	24.7	
202	1239	C	1	H	4	146	148	147	7.30	6.35	219.90	24.55	
202	1239	C	1	H	4	148	150	149	7.32	6.37	220.42	24.73	
202	1239	C	1	H	5	0	2	1	7.35	6.40	221.19	24.91	
202	1239	C	1	H	5	4	6	5	7.39	6.44	222.23	24.55	
202	1239	C	1	H	5	8	10	9	7.43	6.48	223.22	24.67	
202	1239	C	1	H	5	12	14	13	7.47	6.52	224.11	24.73	
202	1239	C	1	H	5	16	18	17	7.51	6.56	225.00	24.7	
202	1239	C	1	H	5	20	22	21	7.55	6.60	225.89	25.15	
202	1239	C	1	H	5	24	26	25	7.59	6.64	226.78	25.09	
202	1239	C	1	H	5	28	30	29	7.63	6.68	227.67	24.82	
202	1239	C	1	H	5	30	32	31	7.65	6.70	228.11	24.94	
202	1239	C	1	H	5	54	56	55	7.89	6.94	233.44	25.33	
202	1239	C	1	H	5	58	60	59	7.93	6.98	234.33	25.27	
202	1239	C	1	H	5	62	64	63	7.97	7.02	235.22	25.21	
202	1239	C	1	H	5	66	68	67	8.01	7.06	236.11	25.15	
202	1239	C	1	H	5	70	72	71	8.05	7.10	237.00	25.42	
202	1239	C	1	H	5	74	76	75	8.09	7.14	237.89	25.82	
202	1239	C	1	H	5	78	80	79	8.13	7.18	238.78	26.03	
202	1239	C	1	H	5	82	84	83	8.17	7.22	239.81	26.27	
202	1239	C	1	H	5	86	88	87	8.21	7.26	240.90	26.21	
202	1239	C	1	H	5	90	92	91	8.25	7.30	241.98	25.52	
202	1239	C	1	H	5	94	96	95	8.29	7.34	243.06	25.15	
202	1239	C	1	H	5	98	100	99	8.33	7.38	244.15	24.45	
202	1239	C	1	H	5	102	104	103	8.37	7.42	245.23	24.82	
202	1239	C	1	H	5	106	108	107	8.41	7.46	246.31	24.58	
202	1239	C	1	H	5	110	112	111	8.45	7.50	247.40	24.79	
202	1239	C	1	H	5	114	116	115	8.49	7.54	248.48	24.09	
202	1239	C	1	H	5	116	118	117	8.51	7.56	249.02	24.36	
202	1239	C	1	H	5	118	120	119	8.53	7.58	249.56	24.39	
202	1239	C	1	H	5	122	124	123	8.57	7.62	250.65	24.52	
202	1239	C	1	H	5	126	128	127	8.61	7.66	251.73	23.67	
202	1239	C	1	H	5	130	132	131	8.65	7.70	253.00	24.39	
202	1239	C	1	H	5	134	136	135	8.69	7.74	254.33	23.45	
202	1239	C	1	H	5	138	140	139	8.73	7.78	255.67	23.61	
202	1239	C	1	H	5	142	144	143	8.77	7.82	257.00	23.76	
202	1239	C	1	H	5	146	148	147	8.81	7.86	258.33	23.52	
202	1239	C	1	H	5	148	150	149	8.83	7.88	259.00	23.52	
202	1239	C	1	H	6	0	2	1	8.86	7.91	260.00	23.48	
202	1239	C	1	H	6	8	10	9	8.94	7.99	262.67	23.67	
202	1239	C	1	H	6	12	14	13	8.98	8.03	264.00	22.88	
202	1239	C	1	H	6	14	16	15	9.00	8.05	264.67	23.55	
202	1239	C	1	H	6	28	30	29	9.14	8.19	269.33	23.64	
202	1239	C	1	H	6	42	44	43	9.28	8.33	274.00	23.7	
202	1239	C	1	H	6	56	58	57	9.42	8.47	278.67	24.03	
202	1239	C	1	H	6	70	72	71	9.56	8.61	283.33	25.15	
202	1239	A	2	H	4	64	66	65	8.55	8.7	286.18	25.09	
202	1239	C	1	H	6	84	86	85	9.70	8.75	287.65	24.55	
202	1239	A	2	H	4	78	80	79	8.69	8.84	290.29	24.67	
202	1239	A	2	H	4	92	94	93	8.83	8.98	294.41	24.42	
202	1239	A	2	H	4	106	108	107	8.97	9.12	298.03	24.67	
202	1239	A	2	H	4	120	122	121	9.11	9.26	301.57	25	
202	1239	A	2	H	4	134	136	135	9.25	9.40	305.11	24.7	
202	1239	A	2	H	4	142	144	143	9.33	9.48	307.14	25	
202	1239	A	2	H	5	0	2	1	9.41	9.56	309.16	25.06	
202	1239	A	2	H	5	12	14	13	9.53	9.68	312.20	25.21	
202	1239	A	2	H	5	26	28	27	9.67	9.82	315.74	25.24	
202	1239	A	2	H	5	40	42	41	9.81	9.96	318.88	25.94	
202	1239	A	2	H	5	54	56	55	9.95	10.10	321.79	25.79	
202	1239	A	2	H	5	68	70	69	10.09	10.24	324.71	25.79	
202	1239	A	2	H	5	82	84	83	10.23	10.38	327.59	26.21	
202	1239	A	2	H	5	96	98	97	10.37	10.52	330.35	26.94	
202	1239	A	2	H	5	110	112	111	10.51	10.66	333.11	26.61	
202	1239	A	2	H	5	124	126	125	10.65	10.80	335.87	27.03	
202	1239	A	2	H	5	138	140	139	10.79	10.94	338.63	26.64	
202	1239	A	2	H	6	2	4	3	10.93	11.08	341.51	25.88	
202	1239	A	2	H	6	16	18	17	11.07	11.22	345.10	25.21	
202	1239	A	2	H	6	30	32	31	11.21	11.36	348.70	25.03	
202	1239	A	2	H	6	44	46	45	11.35	11.50	352.29	23.94	
202	1239	A	2	H	6	58	60	59	11.49	11.64	355.88	23.82	
202	1239	A	2	H	6	72	74	73	11.63	11.78	359.47	23.48	
202	1239	A	2	H	6	86	88	87	11.77	11.92	363.06	23.48	
202	1239	C	2	H	2	14	16	15	12.46	11.96	364.09	23.67	
202	1239	A	2	H	6	93	95	94	11.84	11.99	364.86	23.52	
202	1239	C	2	H	2	28	30	29	12.60	12.10	367.68	24	
202	1239	C	2	H	2	42	44	43	12.74	12.24	371.27	24.52	
202	1239	C	2	H	2	56	58	57	12.88	12.38	374.86	24.97	
202	1239	C	2	H	2	70	72	71	13.02	12.52	378.46	25.39	
202	1239	C	2	H	2	84	86	85	13.16	12.66	382.05	25.12	
202	1239	C	2	H	2	98	100	99	13.30	12.80	385.64	25.42	
202	1239	C	2	H	2	126	128	127	13.58	13.08	392.36	24.88	
202	1239	C	2	H	3	4	6	5	13.87	13.37	398.57	26.09	
202	1239	C	2	H	3	18	20	19	14.01	13.51	401.57	26.45	
202	1239	C	2	H	3	32	34	33	14.15	13.65	404.93	26.55	
202	1239	C	2	H	3	46	48	47	14.29	13.79	408.34	26.12	
202	1239	C	2	H	3	60	62	61	14.43	13.93	411.76	26.3	
202	1239	C	2	H	3	74	76	75	14.57	14.07	415.17	26.64	
202	1239	C	2	H	3	88	90	89	14.71	14.21	418.59	26.3	
202	1239	C	2	H	3	102	104	103	14.85	14.35	422.00	26	
202	1239	C	2	H	3	116	118	117	14.99	14.49	425.41	25.09	
202	1239	C	2	H	3	130	132	131	15.13	14.63	428.83	24.15	
202	1239	C	2	H	3	144	146	145	15.27	14.77	432.38	23.36	
202	1239	C	2	H	4	8	10	9	15.41	14.91	437.63	23.61	
202	1239	C	2	H	4	22	24	23	15.55	15.05	442.88	23.55	
202	1239	C	2	H	4	36	38	37	15.69	15.19	448.13	24.09	
202	1239	C	2	H	4	50	52	51	15.83	15.33	453.38	24.15	
202	1239	C	2	H	4	64	66	65	15.97	15.47	458.63	24.18	
202	1239	C	2	H	4	78	80	79	16.11	15.61	463.88	24.24	
202	1239	C	2	H	4	92	94	93	16.25	15.75	469.13	24.36	
202	1239	C	2	H	4	106	108	107	16.39	15.89	474.13	24.7	
202	1239	C	2	H	4	120	122	121	16.53	16.03	475.94	24.48	
202	1239	C	2	H	4	134	136	135	16.67	16.17	477.74	24.88	
202	1239	C	2	H	4	148	150	149	16.81	16.31	479.55	25.18	
202	1239	C	2	H	5	12	14	13	16.95	16.45	481.35	24.85	
202	1239	C	2	H	5	26	28	27	17.09	16.59	483.16	25.39	
202	1239	C	2	H	5	40	42	41	17.23	16.73	484.97	25.42	
202	1239	C	2	H	5	54	56	55	17.37	16.87	486.77	26.18	
202	1239	C	2	H	5	68	70	69	17.51	17.01	488.58	26.27	
202	1239	C	2	H	5	82	84	83	17.65	17.15	490.88	26.36	
202	1239	C	2	H	5	96	98	97	17.79	17.29	495.01	26.15	
202	1239	C	2	H	5	110	112	111	17.93	17.43	499.14	25.36	
202	1239	C	2	H	5	124	126	125	18.07	17.57	503.27	25.24	
202	1239	C	2	H	5	138	140	139	18.21	17.71	507.40	25.09	
