# NOAA Paleoclimatology Program - Paleocean Site Data
# e49-21-tab.txt
# Complete Data
# File Created: 18-Jan-2005
#
#*********************************************************************************
# Please cite the contributor and the original publications when using these data
#*********************************************************************************
#
# Missing Values indicated by '-999'
#
# PI:             William R. Howard
# Core/Site:      E49-21
# Latitude:       42.11.00S	( -42.18333)
# Longitude:      94.53.00E	( 94.88333)
# Water Depth(m): 3328
#
# Publications:
#   Howard, W.R., and W.L. Prell. 1992. Late Quaternary surface circulation of the
#     southern Indian Ocean and its relationship to orbital variations. Paleoceanography
#     7:79-118.
#   Howard, W.R., and W.L. Prell. 1994. Late Quaternary carbonate production and
#     preservation in the Southern Ocean: implications for oceanic and atmospheric
#     carbon cycling. Paleoceanography 9:453-482.
#------------------
#
# Description & Notes:
#   Southern Indian Ocean circulation during the late Quaternary
#   
#
# Variables:
#             depth         Depth (cm)
#             yrBP          radiocarbon years B.P. (Libby half-life; B.P. = 1950)
#             carb%         Calcium Carbonate percent
#             cfrac%>150    Coarse fraction percent (>150 micron)
#             d13C          delta C13 PDB
#             d18O          delta O18 PDB
#             drysedwtg     Dry sediment weight (g)
#             Dsqchord      Squared-chord distance
#             forams%       Foraminifers percent
#             forams-b      Benthic Foraminifers (Count)
#             forams-b%     Benthic Foraminifers percent
#             forams/g      Foraminifers per gram
#             foramsfrag    Foraminifers Fragments
#             g.aequi%      Globigerinella aequilateralis percent
#             g.bull%       Globigerina bulloides percent
#             g.calid%      Globigerina calida percent
#             g.duter%      Globoquadrina dutertrei percent
#             g.falco%      Globigerina falconensis percent
#             g.glut%       Globigerinita glutinata percent
#             g.hirsu%      Globorotalia hirsuta percent
#             g.infla%      Globorotalia inflata percent
#             g.quinq%      Globigerina quinquiloba percent
#             g.rub%        Globigerinoides ruber percent
#             g.scit%       Globorotalia scitula percent
#             g.tenn%       Globigerinoides tenellus percent
#             g.trc-l%      Globorotalia truncatulinoides (left coiling) percent
#             g.trc-r%      Globorotalia truncatulinoides (right coiling) percent
#             n.pachy-l%    Neogloboquadrina pachyderma (left coiling) percent
#             n.pachy-r%    Neogloboquadrina pachyderma (right coiling) percent
#             o.univer%     Orbulina universa percent
#             pd%           Globigerina pachyderma x Globoquadrina dutertrei intergrade percent
#             plank         Planktonic foraminifers (Count)
#             radio         Radiolarians (Count)
#             radio%        Radiolarians percent
#             split         Split
#             sst-aug       Sea Surface Temperature (C, August)
#             sst-feb       Sea Surface Temperature (C, February)
#             g.crass%      Globorotalia crassaformis percent
#             g.digit%      Globigerina digitata percent
#             g.humil%      Globigerina humilis percent
#             g.rubes%      Globigerina rubescens percent
#             g.sp%         Globorotalia sp. percent
#             g.sac%        Globigerinoides sacculifer percent
#
# CORE: E49-21
depth	yrBP 	carb%	cfrac%>150	d13C	d18O	drysedwtg	Dsqchord	Dsqchord_err	forams%	forams-b	forams-b%	forams/g	foramsfrag	g.aequi%	g.bull%	g.calid%	g.duter%	g.falco%	g.glut%	g.hirsu%	g.infla%	g.quinq%	g.rub%	g.scit%	g.tenn%	g.trc-l%	g.trc-r%	n.pachy-l%	n.pachy-r%	o.univer%	pd%	plank	radio	radio%	split	sst-aug	sst-aug_err	sst-feb	sst-feb_err	g.crass%	g.digit%	g.humil%	g.rubes%	g.sp%	g.sac%	notes
4	6000	96.5	20.3	-0.27	2.07	5.69	0.11	0.01	94.1	1	0.3	14320	20	0.3	27.7	1	0.3	7.8	6.2	0.7	17.6	6.2	0.3	0.7	0.3	6.2	0.7	2.9	4.6	2.3	14.3	318	4	1.2	0.0039	10.2	2.2	13.98	3.9	-999	-999	-999	-999	-999	-999	Event: 1.1
8	-999	99	19.3	-0.19	2.28	5.63	0.09	0.02	96.4	5	0.9	12330	20	0.2	32.4	1.1	0.4	7.6	5.1	-999	21	5.9	0.8	0.2	-999	7	0.4	3	5.5	2.1	7.2	541	0	0	0.0078	9.77	2	13.02	3.3	0.2	-999	-999	-999	-999	-999	
18	-999	95.5	20	-0.43	3.13	5.63	0.1	0.03	89.9	4	0.7	12131	60	-999	36.3	0.4	-999	2.7	6.7	0.4	9.8	9.2	0.8	0.2	-999	4.8	-999	11.7	7.7	0.8	8.8	533	4	0.7	0.0078	8.01	1.2	10.35	2.5	-999	-999	-999	-999	-999	-999	
28	-999	93.9	31.2	-0.46	3.24	5.4	0.11	0.02	84.8	6	1.8	15854	60	-999	38	-999	-999	0.9	10.4	-999	6.8	17.2	-999	-999	-999	2.8	-999	14.7	4	0.6	4.6	334	3	0.9	0.0039	6.08	2	8.8	2.3	-999	-999	-999	-999	-999	-999	
33	19000	-999	-999	-999	-999	-999	-999	-999	-999	-999	-999	-999	-999	-999	-999	-999	-999	-999	-999	-999	-999	-999	-999	-999	-999	-999	-999	-999	-999	-999	-999	-999	-999	-999	-999	-999	-999	-999	-999	-999	-999	-999	-999	-999	-999	Event: 2.2
38	-999	93.7	35.1	-0.53	3.26	5.3	0.08	0.02	81.7	7	1.2	14022	130	-999	52.3	0.5	0.2	0.5	7	0.4	7.9	6.3	-999	-999	-999	4.9	0.2	11.9	1.9	0.2	5.9	580	10	1.7	0.0078	7.07	1.6	8.99	2.1	-999	-999	-999	-999	-999	-999	
49	-999	-999	-999	-0.38	2.98	-999	-999	-999	-999	-999	-999	-999	-999	-999	-999	-999	-999	-999	-999	-999	-999	-999	-999	-999	-999	-999	-999	-999	-999	-999	-999	-999	-999	-999	-999	-999	-999	-999	-999	-999	-999	-999	-999	-999	-999	
49	-999	-999	-999	-0.33	3.01	-999	-999	-999	-999	-999	-999	-999	-999	-999	-999	-999	-999	-999	-999	-999	-999	-999	-999	-999	-999	-999	-999	-999	-999	-999	-999	-999	-999	-999	-999	-999	-999	-999	-999	-999	-999	-999	-999	-999	-999	
49	-999	95.3	25.2	-0.12	3.11	5.17	0.09	0.02	83.6	2	0.4	11409	90	-999	48.8	0.2	-999	0.5	11.7	-999	5.8	9	-999	-999	-999	3.4	-999	14.6	1.1	0.2	4.7	460	4	0.9	0.0078	5.25	1.3	7.92	1.4	-999	-999	-999	-999	-999	-999	
59	-999	96.9	25.7	-0.08	2.92	5.3	0.09	0.02	90.5	4	0.8	11499	50	-999	44.2	-999	0.2	0.7	8.9	-999	8.9	13.4	-999	-999	-999	3.3	0.2	9.5	3.9	-999	6.7	475	4	0.8	0.0078	7.08	1.9	9.52	1.9	-999	0.2	-999	-999	-999	-999	
69	-999	97.4	26.2	0.14	3.02	4.99	0.09	0.01	91.2	5	1	13391	50	-999	39.4	0.2	-999	0.2	6.3	-999	12.6	15.9	-999	-999	-999	3.2	-999	13.2	4.1	0.2	4.7	521	6	1.1	0.0078	7.04	2	9.75	2.8	-999	-999	-999	-999	-999	-999	
79	-999	96.5	20.1	-0.03	2.9	5.67	0.08	0.01	93.8	1	0.3	13560	20	-999	35.5	-999	-999	-999	6.6	-999	13.6	13.2	-999	-999	-999	3.3	-999	13.6	4.8	-999	9.5	300	6	2	0.0039	7.38	1.6	9.64	2.8	-999	-999	-999	-999	-999	-999	
89	53000	96.1	18.8	-0.08	2.69	5.37	0.09	0.01	96	3	0.6	11429	20	-999	40	0.2	-999	0.2	5.6	-999	8.3	11	-999	-999	-999	3.4	-999	15.7	6.1	0.2	9.2	479	1	0.2	0.0078	6.82	2	9.14	2	-999	-999	-999	-999	-999	-999	Event: 3.3
99	-999	93.5	16.8	-0.1	3.16	4.72	0.09	0.01	81.3	1	0.3	8293	70	-999	50.9	-999	-999	0.3	8.1	-999	8.5	7.8	-999	-999	-999	1.4	-999	12.9	1.4	-999	8.5	305	1	0.3	0.0078	5.78	1.4	8.11	1.2	-999	0.3	-999	-999	-999	-999	
104	65000	-999	-999	-999	-999	-999	-999	-999	-999	-999	-999	-999	-999	-999	-999	-999	-999	-999	-999	-999	-999	-999	-999	-999	-999	-999	-999	-999	-999	-999	-999	-999	-999	-999	-999	-999	-999	-999	-999	-999	-999	-999	-999	-999	-999	Event: 4.2
109	-999	96.2	21.5	-0.18	3.07	4.44	0.07	0.03	82.7	4	1	11054	80	-999	54	-999	-999	-999	6.7	-999	8.6	2.9	-999	0.3	-999	2.9	-999	17.1	0.8	-999	6.7	383	3	0.8	0.0078	5.52	1.1	7.35	0.9	-999	-999	-999	-999	-999	-999	
119	-999	98.1	15.8	-999	-999	5.46	0.06	0.02	85.4	1	0.3	8212	60	-999	51	-999	-999	-999	7.9	-999	10.8	2.6	-999	0.3	-999	4.1	0.6	12.8	4.1	-999	5.8	350	0	0	0.0078	6.4	1.3	8.17	1.3	-999	-999	-999	-999	-999	-999	
129	80000	-999	-999	0.03	2.59	-999	-999	-999	-999	-999	-999	-999	-999	-999	-999	-999	-999	-999	-999	-999	-999	-999	-999	-999	-999	-999	-999	-999	-999	-999	-999	-999	-999	-999	-999	-999	-999	-999	-999	-999	-999	-999	-999	-999	-999	Event: 5.1
129	80000	-999	-999	0.1	2.76	-999	-999	-999	-999	-999	-999	-999	-999	-999	-999	-999	-999	-999	-999	-999	-999	-999	-999	-999	-999	-999	-999	-999	-999	-999	-999	-999	-999	-999	-999	-999	-999	-999	-999	-999	-999	-999	-999	-999	-999	
129	80000	-999	-999	0.22	2.57	-999	-999	-999	-999	-999	-999	-999	-999	-999	-999	-999	-999	-999	-999	-999	-999	-999	-999	-999	-999	-999	-999	-999	-999	-999	-999	-999	-999	-999	-999	-999	-999	-999	-999	-999	-999	-999	-999	-999	-999	
129	80000	98.3	14.7	0.17	2.86	5.31	0.09	0.03	93.7	4	0.9	10766	30	-999	43.3	-999	-999	1.2	5.3	0.2	9	9.7	-999	-999	-999	5.3	0.2	9	2.1	-999	14.5	446	0	0	0.0078	7.6	1.5	10.15	2.6	-999	-999	0.2	-999	-999	-999	
139	-999	99.4	14	0.22	2.78	5.63	0.08	0.04	95.6	6	1.4	9974	20	-999	40.4	0.2	0.2	1.4	7.8	-999	12.2	6.6	-999	-999	-999	3.3	0.2	5.9	3.1	-999	18.8	438	0	0	0.0078	7.6	1.5	10.15	2.6	-999	-999	-999	-999	-999	-999	
149	87000	-999	-999	0.23	2.9	-999	-999	-999	-999	-999	-999	-999	-999	-999	-999	-999	-999	-999	-999	-999	-999	-999	-999	-999	-999	-999	-999	-999	-999	-999	-999	-999	-999	-999	-999	-999	-999	-999	-999	-999	-999	-999	-999	-999	-999	Event: 5.2
149	87000	98.6	14.4	-0.06	2.73	5.81	0.08	0.03	93.4	5	1.2	9373	30	-999	44.5	-999	0.5	0.5	11.4	-999	9.3	7.8	-999	-999	0.2	2.7	-999	6.8	5.8	-999	10.5	425	0	0	0.0078	7.54	1.6	9.96	2.7	-999	-999	-999	-999	-999	-999	
159	-999	-999	-999	0.15	2.97	-999	-999	-999	-999	-999	-999	-999	-999	-999	-999	-999	-999	-999	-999	-999	-999	-999	-999	-999	-999	-999	-999	-999	-999	-999	-999	-999	-999	-999	-999	-999	-999	-999	-999	-999	-999	-999	-999	-999	-999	
159	-999	-999	-999	-0.13	2.72	-999	-999	-999	-999	-999	-999	-999	-999	-999	-999	-999	-999	-999	-999	-999	-999	-999	-999	-999	-999	-999	-999	-999	-999	-999	-999	-999	-999	-999	-999	-999	-999	-999	-999	-999	-999	-999	-999	-999	-999	
159	-999	97	13.8	-0.13	2.76	5.87	0.08	0.04	92	4	1.1	7579	30	-999	41.6	0.3	-999	0.6	6.9	-999	9.3	10.5	0.3	-999	-999	5.7	-999	7.2	4.8	0.6	12	347	0	0	0.0078	7.72	1.3	10.19	2.5	0.3	-999	-999	-999	-999	-999	
169	99000	-999	-999	-0.05	2.88	-999	-999	-999	-999	-999	-999	-999	-999	-999	-999	-999	-999	-999	-999	-999	-999	-999	-999	-999	-999	-999	-999	-999	-999	-999	-999	-999	-999	-999	-999	-999	-999	-999	-999	-999	-999	-999	-999	-999	-999	Event: 5.3
169	99000	-999	-999	-0.21	2.56	-999	-999	-999	-999	-999	-999	-999	-999	-999	-999	-999	-999	-999	-999	-999	-999	-999	-999	-999	-999	-999	-999	-999	-999	-999	-999	-999	-999	-999	-999	-999	-999	-999	-999	-999	-999	-999	-999	-999	-999	
169	99000	99.6	11.9	-0.11	2.69	5.91	0.09	0.03	90.3	4	1.1	8067	40	-999	33.3	-999	0.3	1.4	9	0.3	13.2	4.5	0.3	-999	-999	5.9	-999	6.2	5.3	0.8	19.1	372	10	2.6	0.0078	7.84	1.2	10.76	2.4	-999	0.3	-999	0.3	-999	-999	
179	107000	-999	-999	-0.01	2.9	-999	-999	-999	-999	-999	-999	-999	-999	-999	-999	-999	-999	-999	-999	-999	-999	-999	-999	-999	-999	-999	-999	-999	-999	-999	-999	-999	-999	-999	-999	-999	-999	-999	-999	-999	-999	-999	-999	-999	-999	Event: 5.4
179	107000	-999	-999	-0.23	2.7	-999	-999	-999	-999	-999	-999	-999	-999	-999	-999	-999	-999	-999	-999	-999	-999	-999	-999	-999	-999	-999	-999	-999	-999	-999	-999	-999	-999	-999	-999	-999	-999	-999	-999	-999	-999	-999	-999	-999	-999	
179	107000	99.1	14.1	-0.08	3.01	5.73	0.09	0.04	93.5	2	0.5	9642	30	-999	37.4	-999	0.7	2.4	7	-999	8.7	4.4	-999	-999	-999	6.1	0.2	5.6	8.7	1	17.7	431	0	0	0.0078	8.7	1.7	11.05	2.6	-999	-999	-999	-999	-999	-999	
189	-999	-999	-999	-0.46	2.74	-999	-999	-999	-999	-999	-999	-999	-999	-999	-999	-999	-999	-999	-999	-999	-999	-999	-999	-999	-999	-999	-999	-999	-999	-999	-999	-999	-999	-999	-999	-999	-999	-999	-999	-999	-999	-999	-999	-999	-999	
189	-999	-999	-999	-0.24	2.69	-999	-999	-999	-999	-999	-999	-999	-999	-999	-999	-999	-999	-999	-999	-999	-999	-999	-999	-999	-999	-999	-999	-999	-999	-999	-999	-999	-999	-999	-999	-999	-999	-999	-999	-999	-999	-999	-999	-999	-999	
189	-999	98.1	14.9	-0.28	2.78	6.06	0.11	0.03	91.3	0	0	8848	40	0.3	32.8	0.3	0.5	6.4	4.7	0.3	10.3	3.4	0.3	-999	-999	5.9	-999	6.1	11.5	1.2	16.2	418	0	0	0.0078	9.82	2.2	13.29	3.9	-999	-999	-999	-999	-999	-999	
199	122000	-999	-999	-0.45	3.01	-999	-999	-999	-999	-999	-999	-999	-999	-999	-999	-999	-999	-999	-999	-999	-999	-999	-999	-999	-999	-999	-999	-999	-999	-999	-999	-999	-999	-999	-999	-999	-999	-999	-999	-999	-999	-999	-999	-999	-999	Event: 5.5
199	122000	-999	-999	-0.38	2.94	-999	-999	-999	-999	-999	-999	-999	-999	-999	-999	-999	-999	-999	-999	-999	-999	-999	-999	-999	-999	-999	-999	-999	-999	-999	-999	-999	-999	-999	-999	-999	-999	-999	-999	-999	-999	-999	-999	-999	-999	
199	122000	97	15.1	-0.2	2.98	5.74	0.18	0.02	91.6	0	0	9699	40	1.2	30.8	0.7	1.2	-999	1.9	0.2	22.1	-999	0.7	0.7	-999	6.3	-999	1.6	6.3	3.3	23.1	434	0	0	0.0078	10.96	2.6	15.37	4	-999	-999	-999	-999	-999	-999	
209	-999	-999	-999	-0.63	3.2	-999	-999	-999	-999	-999	-999	-999	-999	-999	-999	-999	-999	-999	-999	-999	-999	-999	-999	-999	-999	-999	-999	-999	-999	-999	-999	-999	-999	-999	-999	-999	-999	-999	-999	-999	-999	-999	-999	-999	-999	
209	-999	-999	-999	-0.44	2.94	-999	-999	-999	-999	-999	-999	-999	-999	-999	-999	-999	-999	-999	-999	-999	-999	-999	-999	-999	-999	-999	-999	-999	-999	-999	-999	-999	-999	-999	-999	-999	-999	-999	-999	-999	-999	-999	-999	-999	-999	
209	-999	-999	-999	-0.5	3.16	-999	-999	-999	-999	-999	-999	-999	-999	-999	-999	-999	-999	-999	-999	-999	-999	-999	-999	-999	-999	-999	-999	-999	-999	-999	-999	-999	-999	-999	-999	-999	-999	-999	-999	-999	-999	-999	-999	-999	-999	
209	-999	98.3	15.6	-0.47	3.05	5.84	0.14	0.03	95.4	3	0.7	9162	20	0.2	29.9	0.7	1.5	8.5	5.8	-999	17	3.2	3.7	0.7	0.2	5.4	0.5	1.2	2.9	4.6	13.6	417	0	0	0.0078	12.04	2.1	17.27	3.6	-999	-999	-999	0.2	-999	-999	
219	-999	-999	-999	-0.14	3.14	-999	-999	-999	-999	-999	-999	-999	-999	-999	-999	-999	-999	-999	-999	-999	-999	-999	-999	-999	-999	-999	-999	-999	-999	-999	-999	-999	-999	-999	-999	-999	-999	-999	-999	-999	-999	-999	-999	-999	-999	
219	-999	95.6	17.1	-0.55	3.1	5.76	0.09	0.02	93	5	1.2	8852	30	-999	38.3	0.8	0.8	4.3	4.6	0.3	15.8	2.8	0.3	0.3	-999	4.6	-999	6.9	6.4	1.8	12.2	398	0	0	0.0078	9.33	1.8	12.09	2.8	-999	-999	-999	-999	-999	-999	
229	-999	-999	-999	-0.66	3.41	-999	-999	-999	-999	-999	-999	-999	-999	-999	-999	-999	-999	-999	-999	-999	-999	-999	-999	-999	-999	-999	-999	-999	-999	-999	-999	-999	-999	-999	-999	-999	-999	-999	-999	-999	-999	-999	-999	-999	-999	
229	-999	-999	-999	-0.48	3.45	-999	-999	-999	-999	-999	-999	-999	-999	-999	-999	-999	-999	-999	-999	-999	-999	-999	-999	-999	-999	-999	-999	-999	-999	-999	-999	-999	-999	-999	-999	-999	-999	-999	-999	-999	-999	-999	-999	-999	-999	
229	-999	91.9	22.3	-0.39	3.38	4.76	0.07	0.02	86.5	2	0.5	10374	60	-999	48	-999	0.3	0.3	6.1	-999	15.6	7.1	0.3	-999	0.3	2.4	-999	14	1.3	-999	4.5	385	0	0	0.0078	6.25	1.5	8.34	2.6	-999	-999	-999	-999	-999	-999	
234	135000	-999	-999	-999	-999	-999	-999	-999	-999	-999	-999	-999	-999	-999	-999	-999	-999	-999	-999	-999	-999	-999	-999	-999	-999	-999	-999	-999	-999	-999	-999	-999	-999	-999	-999	-999	-999	-999	-999	-999	-999	-999	-999	-999	-999	Event: 6.2
239	-999	-999	-999	-0.43	3.44	-999	-999	-999	-999	-999	-999	-999	-999	-999	-999	-999	-999	-999	-999	-999	-999	-999	-999	-999	-999	-999	-999	-999	-999	-999	-999	-999	-999	-999	-999	-999	-999	-999	-999	-999	-999	-999	-999	-999	-999	
239	-999	-999	-999	-0.33	3.41	-999	-999	-999	-999	-999	-999	-999	-999	-999	-999	-999	-999	-999	-999	-999	-999	-999	-999	-999	-999	-999	-999	-999	-999	-999	-999	-999	-999	-999	-999	-999	-999	-999	-999	-999	-999	-999	-999	-999	-999	
239	-999	92.1	20.4	-0.57	3.32	5.31	0.07	0.02	78.5	4	1.2	7946	90	-999	50.5	0.3	-999	0.3	5.2	-999	8.9	5.8	-999	-999	-999	2.1	-999	22	2.1	0.9	1.5	329	0	0	0.0078	5.61	1.1	7.3	0.8	-999	-999	-999	-999	0.3	-999	
249	-999	-999	-999	-0.41	3.47	-999	-999	-999	-999	-999	-999	-999	-999	-999	-999	-999	-999	-999	-999	-999	-999	-999	-999	-999	-999	-999	-999	-999	-999	-999	-999	-999	-999	-999	-999	-999	-999	-999	-999	-999	-999	-999	-999	-999	-999	
249	-999	90.7	26	-0.34	3	4.72	0.07	0.02	89.7	7	1.6	11838	50	-999	51	-999	-999	-999	7.2	-999	13.2	7.2	-999	0.2	-999	1.9	-999	15.1	0.7	0.7	2.8	436	0	0	0.0078	6.05	1.2	7.68	0.9	-999	-999	-999	-999	-999	-999	
259	-999	-999	-999	-0.35	2.66	-999	-999	-999	-999	-999	-999	-999	-999	-999	-999	-999	-999	-999	-999	-999	-999	-999	-999	-999	-999	-999	-999	-999	-999	-999	-999	-999	-999	-999	-999	-999	-999	-999	-999	-999	-999	-999	-999	-999	-999	
259	-999	-999	-999	-0.15	2.73	-999	-999	-999	-999	-999	-999	-999	-999	-999	-999	-999	-999	-999	-999	-999	-999	-999	-999	-999	-999	-999	-999	-999	-999	-999	-999	-999	-999	-999	-999	-999	-999	-999	-999	-999	-999	-999	-999	-999	-999	
259	-999	-999	-999	-0.09	3.02	-999	-999	-999	-999	-999	-999	-999	-999	-999	-999	-999	-999	-999	-999	-999	-999	-999	-999	-999	-999	-999	-999	-999	-999	-999	-999	-999	-999	-999	-999	-999	-999	-999	-999	-999	-999	-999	-999	-999	-999	
259	-999	95.9	17.5	-0.22	2.82	5.91	0.11	0.04	92	3	0.7	9965	40	0.2	38.4	0.9	0.7	3.6	5.8	-999	9.3	4.9	-999	-999	-999	5.1	0.2	6.4	5.3	1.8	17.1	459	0	0	0.0078	8.43	1.8	10.71	2.5	-999	0.2	-999	-999	-999	-999	
269	-999	-999	-999	-0.21	2.78	-999	-999	-999	-999	-999	-999	-999	-999	-999	-999	-999	-999	-999	-999	-999	-999	-999	-999	-999	-999	-999	-999	-999	-999	-999	-999	-999	-999	-999	-999	-999	-999	-999	-999	-999	-999	-999	-999	-999	-999	
269	-999	-999	-999	-0.23	3.05	-999	-999	-999	-999	-999	-999	-999	-999	-999	-999	-999	-999	-999	-999	-999	-999	-999	-999	-999	-999	-999	-999	-999	-999	-999	-999	-999	-999	-999	-999	-999	-999	-999	-999	-999	-999	-999	-999	-999	-999	
269	-999	-999	-999	-0.08	2.33	-999	-999	-999	-999	-999	-999	-999	-999	-999	-999	-999	-999	-999	-999	-999	-999	-999	-999	-999	-999	-999	-999	-999	-999	-999	-999	-999	-999	-999	-999	-999	-999	-999	-999	-999	-999	-999	-999	-999	-999	
269	-999	96.3	16.9	-0.32	2.23	6.03	0.13	0.05	92.2	5	1	10083	40	0.4	36.1	0.2	0.4	6.7	4.1	-999	8.2	5.6	0.2	-999	-999	6.3	-999	6.5	3.7	1.1	20.5	474	0	0	0.0078	8.4	2.3	11.14	3.1	-999	-999	-999	-999	-999	-999	
279	-999	-999	-999	-0.23	2.72	-999	-999	-999	-999	-999	-999	-999	-999	-999	-999	-999	-999	-999	-999	-999	-999	-999	-999	-999	-999	-999	-999	-999	-999	-999	-999	-999	-999	-999	-999	-999	-999	-999	-999	-999	-999	-999	-999	-999	-999	
279	-999	97.1	16.6	-0.01	3.07	5.99	0.11	0.03	93.4	3	0.5	12093	40	0.2	34	1.1	0.4	6.1	5.2	-999	11.3	2.7	0.2	0.2	-999	5.2	0.2	6.1	7.3	1.4	18.4	565	0	0	0.0078	9.88	2.2	13.17	3.8	-999	-999	-999	-999	-999	0.2	
289	-999	-999	-999	-0.46	3.06	-999	-999	-999	-999	-999	-999	-999	-999	-999	-999	-999	-999	-999	-999	-999	-999	-999	-999	-999	-999	-999	-999	-999	-999	-999	-999	-999	-999	-999	-999	-999	-999	-999	-999	-999	-999	-999	-999	-999	-999	
289	-999	-999	-999	-0.61	2.99	-999	-999	-999	-999	-999	-999	-999	-999	-999	-999	-999	-999	-999	-999	-999	-999	-999	-999	-999	-999	-999	-999	-999	-999	-999	-999	-999	-999	-999	-999	-999	-999	-999	-999	-999	-999	-999	-999	-999	-999	
289	-999	-999	-999	-0.51	3.22	-999	-999	-999	-999	-999	-999	-999	-999	-999	-999	-999	-999	-999	-999	-999	-999	-999	-999	-999	-999	-999	-999	-999	-999	-999	-999	-999	-999	-999	-999	-999	-999	-999	-999	-999	-999	-999	-999	-999	-999	
289	-999	95.9	22.6	-0.51	3.03	5.22	0.09	0.02	92	3	0.5	14152	50	-999	44.5	0.6	0.6	2.8	5.2	0.2	12.4	6.6	1	-999	-999	3.6	-999	11.4	3	0.6	7.4	576	0	0	0.0078	7.82	1.3	10.19	2.6	-999	-999	-999	0.2	-999	-999	
299	-999	-999	-999	-0.46	3.39	-999	-999	-999	-999	-999	-999	-999	-999	-999	-999	-999	-999	-999	-999	-999	-999	-999	-999	-999	-999	-999	-999	-999	-999	-999	-999	-999	-999	-999	-999	-999	-999	-999	-999	-999	-999	-999	-999	-999	-999	
299	-999	-999	-999	-0.55	3.19	-999	-999	-999	-999	-999	-999	-999	-999	-999	-999	-999	-999	-999	-999	-999	-999	-999	-999	-999	-999	-999	-999	-999	-999	-999	-999	-999	-999	-999	-999	-999	-999	-999	-999	-999	-999	-999	-999	-999	-999	
299	-999	-999	-999	-0.58	3.39	-999	-999	-999	-999	-999	-999	-999	-999	-999	-999	-999	-999	-999	-999	-999	-999	-999	-999	-999	-999	-999	-999	-999	-999	-999	-999	-999	-999	-999	-999	-999	-999	-999	-999	-999	-999	-999	-999	-999	-999	
299	-999	92.9	25.9	-0.48	3.16	4.92	0.07	0.02	87	2	0.5	10432	60	-999	56	-999	0.3	0.8	4.8	-999	11.1	4.8	-999	-999	-999	2.3	-999	15.6	1.3	-999	3.3	400	0	0	0.0078	6.05	1.2	7.68	0.9	-999	-999	-999	-999	-999	-999	
309	-999	-999	-999	-0.2	2.76	-999	-999	-999	-999	-999	-999	-999	-999	-999	-999	-999	-999	-999	-999	-999	-999	-999	-999	-999	-999	-999	-999	-999	-999	-999	-999	-999	-999	-999	-999	-999	-999	-999	-999	-999	-999	-999	-999	-999	-999	
309	-999	97.9	16	-0.25	2.98	5.75	0.13	0.02	90.7	4	0.8	10821	50	0.4	28	2.1	0.4	10.5	4	0.4	14.9	2.5	0.2	0.8	-999	5.7	0.2	4	6.1	1.7	17.6	485	0	0	0.0078	10.54	2.3	14.57	3.7	-999	0.2	0.2	0.2	-999	-999	
319	-999	-999	-999	-0.34	2.81	-999	-999	-999	-999	-999	-999	-999	-999	-999	-999	-999	-999	-999	-999	-999	-999	-999	-999	-999	-999	-999	-999	-999	-999	-999	-999	-999	-999	-999	-999	-999	-999	-999	-999	-999	-999	-999	-999	-999	-999	
319	-999	97.9	17.7	-0.38	2.88	5.17	0.13	0.02	92.4	1	0.2	12086	40	-999	28.3	0.6	0.8	10.8	4.6	0.4	12.9	3.6	1.1	0.4	-999	6.3	-999	1.7	7.6	2.7	17.9	487	0	0	0.0078	10.74	2.2	15.08	3.7	-999	-999	-999	0.2	-999	-999	
329	-999	-999	-999	-0.56	3.02	-999	-999	-999	-999	-999	-999	-999	-999	-999	-999	-999	-999	-999	-999	-999	-999	-999	-999	-999	-999	-999	-999	-999	-999	-999	-999	-999	-999	-999	-999	-999	-999	-999	-999	-999	-999	-999	-999	-999	-999	
329	-999	-999	-999	-0.48	3.27	-999	-999	-999	-999	-999	-999	-999	-999	-999	-999	-999	-999	-999	-999	-999	-999	-999	-999	-999	-999	-999	-999	-999	-999	-999	-999	-999	-999	-999	-999	-999	-999	-999	-999	-999	-999	-999	-999	-999	-999	
329	-999	-999	-999	-0.44	3.39	-999	-999	-999	-999	-999	-999	-999	-999	-999	-999	-999	-999	-999	-999	-999	-999	-999	-999	-999	-999	-999	-999	-999	-999	-999	-999	-999	-999	-999	-999	-999	-999	-999	-999	-999	-999	-999	-999	-999	-999	
329	-999	92.5	27.1	-0.56	3.1	3.7	0.08	0.02	75.4	0	0	10617	100	-999	56	-999	-999	-999	5.4	-999	12.1	7.7	-999	-999	-999	1.3	-999	12.4	2.4	0.3	2.4	306	0	0	0.0078	5.74	1.4	7.92	1.3	-999	-999	-999	-999	-999	-999	
339	-999	-999	-999	-0.38	3.14	-999	-999	-999	-999	-999	-999	-999	-999	-999	-999	-999	-999	-999	-999	-999	-999	-999	-999	-999	-999	-999	-999	-999	-999	-999	-999	-999	-999	-999	-999	-999	-999	-999	-999	-999	-999	-999	-999	-999	-999	
339	-999	94.8	21.4	-0.46	3.35	4.16	0.12	0.04	81.3	6	1.5	12011	90	-999	36.9	0.8	0.5	8.2	5.5	-999	12.1	6.9	0.3	-999	-999	2.1	-999	6.9	3.7	0.8	15.3	390	10	2.5	0.0078	8.06	1.8	11.06	3	-999	-999	-999	-999	-999	-999	
349	-999	-999	-999	-0.32	2.77	-999	-999	-999	-999	-999	-999	-999	-999	-999	-999	-999	-999	-999	-999	-999	-999	-999	-999	-999	-999	-999	-999	-999	-999	-999	-999	-999	-999	-999	-999	-999	-999	-999	-999	-999	-999	-999	-999	-999	-999	
349	-999	-999	-999	-0.4	3.13	-999	-999	-999	-999	-999	-999	-999	-999	-999	-999	-999	-999	-999	-999	-999	-999	-999	-999	-999	-999	-999	-999	-999	-999	-999	-999	-999	-999	-999	-999	-999	-999	-999	-999	-999	-999	-999	-999	-999	-999	
349	-999	-999	-999	-0.27	2.6	-999	-999	-999	-999	-999	-999	-999	-999	-999	-999	-999	-999	-999	-999	-999	-999	-999	-999	-999	-999	-999	-999	-999	-999	-999	-999	-999	-999	-999	-999	-999	-999	-999	-999	-999	-999	-999	-999	-999	-999	
349	-999	93.8	15.8	-0.57	2.45	4.22	0.14	0.03	94.8	1	0.3	10990	20	-999	26.5	1.7	0.3	11.5	3.5	0.6	17	0.9	0.6	-999	0.3	6.1	0.3	2.3	6.6	2.6	18.4	362	0	0	0.0078	12.24	1.9	17.1	3.2	-999	-999	0.3	0.6	-999	-999	
359	-999	-999	-999	-0.65	3.01	-999	-999	-999	-999	-999	-999	-999	-999	-999	-999	-999	-999	-999	-999	-999	-999	-999	-999	-999	-999	-999	-999	-999	-999	-999	-999	-999	-999	-999	-999	-999	-999	-999	-999	-999	-999	-999	-999	-999	-999	
359	-999	93	31.3	-0.72	2.57	5.7	0.09	0.02	88.3	2	0.7	13640	40	-999	52.9	0.3	-999	0.7	5.1	0.3	10.4	9.4	0.3	-999	-999	1.7	-999	12.5	2.7	-999	3.4	303	0	0	0.0039	6.27	2	8.64	2.2	-999	0.3	-999	-999	-999	-999	
369	-999	-999	-999	-0.69	2.81	-999	-999	-999	-999	-999	-999	-999	-999	-999	-999	-999	-999	-999	-999	-999	-999	-999	-999	-999	-999	-999	-999	-999	-999	-999	-999	-999	-999	-999	-999	-999	-999	-999	-999	-999	-999	-999	-999	-999	-999	
369	-999	-999	-999	-0.52	2.82	-999	-999	-999	-999	-999	-999	-999	-999	-999	-999	-999	-999	-999	-999	-999	-999	-999	-999	-999	-999	-999	-999	-999	-999	-999	-999	-999	-999	-999	-999	-999	-999	-999	-999	-999	-999	-999	-999	-999	-999	
369	-999	-999	-999	-0.54	2.7	-999	-999	-999	-999	-999	-999	-999	-999	-999	-999	-999	-999	-999	-999	-999	-999	-999	-999	-999	-999	-999	-999	-999	-999	-999	-999	-999	-999	-999	-999	-999	-999	-999	-999	-999	-999	-999	-999	-999	-999	
369	-999	92.9	28.4	-0.42	2.89	5.26	0.06	0.02	88.7	3	1	15267	40	-999	41	0.3	0.3	1	7.5	-999	14	5.9	-999	-999	-999	2.3	-999	19.5	2.6	-999	5.5	313	0	0	0.0039	6.14	1.3	7.72	1	-999	-999	-999	-999	-999	-999	
379	-999	-999	-999	-0.74	2.85	-999	-999	-999	-999	-999	-999	-999	-999	-999	-999	-999	-999	-999	-999	-999	-999	-999	-999	-999	-999	-999	-999	-999	-999	-999	-999	-999	-999	-999	-999	-999	-999	-999	-999	-999	-999	-999	-999	-999	-999	
379	-999	93.5	31.9	-0.75	2.8	5.42	0.09	0.02	88.1	4	1.1	17568	50	-999	41.5	0.8	-999	1.1	6.1	-999	14.8	10	-999	0.3	-999	3.1	0.3	15	1.1	0.3	5.6	371	0	0	0.0039	6.43	1.8	8.3	2.2	-999	-999	-999	-999	-999	-999	
389	-999	-999	-999	-0.7	2.76	-999	-999	-999	-999	-999	-999	-999	-999	-999	-999	-999	-999	-999	-999	-999	-999	-999	-999	-999	-999	-999	-999	-999	-999	-999	-999	-999	-999	-999	-999	-999	-999	-999	-999	-999	-999	-999	-999	-999	-999	
389	-999	91.2	17.2	-0.9	2.98	5.54	0.07	0.02	88.1	2	0.7	13690	40	-999	47.6	0.3	-999	0.7	5.5	-999	13.8	8.6	-999	-999	-999	3.5	-999	14.1	2.4	0.7	2.8	296	0	0	0.0039	6.05	1.2	7.68	0.9	-999	-999	-999	-999	-999	-999	
399	-999	-999	-999	-0.73	2.88	-999	-999	-999	-999	-999	-999	-999	-999	-999	-999	-999	-999	-999	-999	-999	-999	-999	-999	-999	-999	-999	-999	-999	-999	-999	-999	-999	-999	-999	-999	-999	-999	-999	-999	-999	-999	-999	-999	-999	-999	
399	-999	93.3	18.3	-0.78	2.76	5.19	0.1	0.01	82.3	1	0.3	16109	70	-999	36.1	0.6	1.2	1.9	3.1	-999	24.7	5.3	-999	0.3	-999	1.5	-999	14.2	2.5	0.9	7.4	326	10	3	0.0039	7.3	1.2	10.25	2.7	-999	0.3	-999	-999	-999	-999	
409	-999	-999	-999	-0.23	2.48	-999	-999	-999	-999	-999	-999	-999	-999	-999	-999	-999	-999	-999	-999	-999	-999	-999	-999	-999	-999	-999	-999	-999	-999	-999	-999	-999	-999	-999	-999	-999	-999	-999	-999	-999	-999	-999	-999	-999	-999	
409	-999	95.2	20.9	-0.28	2.39	5.31	0.08	0.03	81.7	1	0.3	15126	70	0.3	39.7	0.3	0.7	1.6	4.8	-999	19	4.5	0.3	-999	-999	3.9	0.3	7.7	2.3	0.7	13.9	313	0	0	0.0039	7.93	1.2	10.9	2.4	-999	-999	-999	-999	-999	-999	
419	194000	-999	-999	-0.3	2.14	-999	-999	-999	-999	-999	-999	-999	-999	-999	-999	-999	-999	-999	-999	-999	-999	-999	-999	-999	-999	-999	-999	-999	-999	-999	-999	-999	-999	-999	-999	-999	-999	-999	-999	-999	-999	-999	-999	-999	-999	Event: 7.1
419	194000	-999	-999	-0.37	2.43	-999	-999	-999	-999	-999	-999	-999	-999	-999	-999	-999	-999	-999	-999	-999	-999	-999	-999	-999	-999	-999	-999	-999	-999	-999	-999	-999	-999	-999	-999	-999	-999	-999	-999	-999	-999	-999	-999	-999	-999	
419	194000	95.6	19.7	-0.22	2.45	5.47	0.08	0.03	88.8	1	0.2	12975	70	0.2	38.4	0.4	0.4	4.4	4.8	-999	20.2	7.3	-999	0.2	-999	5	0.2	4.2	1.8	0.7	11.7	554	0	0	0.0078	8.82	1.5	12.21	2.6	0.2	-999	-999	-999	-999	-999	
429	-999	96.7	19.4	-0.51	2.34	5.65	0.12	0.04	85.9	0	0	11036	80	-999	38.2	0.4	0.2	6.7	5.2	-999	18.7	10.3	0.4	-999	-999	5	-999	2.9	0.4	1.7	9.2	486	0	0	0.0078	8.84	1.5	12.35	2.5	0.4	-999	-999	0.2	-999	-999	
439	-999	93.9	26.6	-0.52	2.8	5.69	0.08	0.01	80.3	1	0.2	12875	140	-999	48.9	-999	0.5	1.6	5.5	-999	18.9	8.1	-999	0.2	-999	3.7	-999	7.8	1.6	0.2	3	571	0	0	0.0078	7.76	1.3	9.99	2.6	-999	-999	-999	-999	-999	-999	
449	-999	96.5	27.1	-0.5	2.6	5.25	0.08	0.02	86.2	2	0.6	15284	50	-999	37	0.3	-999	2.9	3.6	-999	24.7	6.2	-999	-999	-999	3.6	0.3	8.8	2.3	0.3	10.1	313	0	0	0.0039	8.07	1	11.23	2.3	-999	-999	-999	-999	-999	-999	
459	-999	97.3	19.4	-0.59	2.68	6.07	0.11	0.03	93.8	2	0.7	12833	20	-999	35.1	0.3	1.7	8	4.4	-999	15.1	8.4	0.3	-999	-999	3.3	-999	4.7	5	1.3	12.4	304	0	0	0.0039	9.35	1.8	12.57	2.9	-999	-999	-999	-999	-999	-999	
469	238000	95.3	22.6	-0.76	2.43	5.73	0.09	0.03	87.7	2	0.4	12778	80	-999	43.6	-999	1.3	2.5	6.9	-999	15	8.9	-999	-999	-999	3.3	0.2	8.5	1.5	0.7	7.8	571	10	1.7	0.0078	7.82	1.3	10.19	2.6	-999	-999	-999	-999	-999	-999	Event: 7.5
479	-999	95	22.4	-0.73	2.7	5.91	0.06	0.02	88.3	0	0	13094	40	-999	38.5	-999	-999	1	8.7	-999	15.7	7	-999	-999	-999	3.3	-999	18.4	1.3	-999	6	302	10	3.2	0.0039	6.24	1.5	8.3	2.6	-999	-999	-999	-999	-999	-999	
489	-999	-999	-999	-0.59	2.93	-999	-999	-999	-999	-999	-999	-999	-999	-999	-999	-999	-999	-999	-999	-999	-999	-999	-999	-999	-999	-999	-999	-999	-999	-999	-999	-999	-999	-999	-999	-999	-999	-999	-999	-999	-999	-999	-999	-999	-999	
489	-999	-999	-999	-0.53	3.02	-999	-999	-999	-999	-999	-999	-999	-999	-999	-999	-999	-999	-999	-999	-999	-999	-999	-999	-999	-999	-999	-999	-999	-999	-999	-999	-999	-999	-999	-999	-999	-999	-999	-999	-999	-999	-999	-999	-999	-999	
489	-999	-999	-999	-0.66	3.05	-999	-999	-999	-999	-999	-999	-999	-999	-999	-999	-999	-999	-999	-999	-999	-999	-999	-999	-999	-999	-999	-999	-999	-999	-999	-999	-999	-999	-999	-999	-999	-999	-999	-999	-999	-999	-999	-999	-999	-999	
489	-999	93.4	23.5	-0.48	3.03	5.34	0.06	0.02	86.2	3	1	15041	50	-999	39.7	-999	-999	-999	8.1	-999	18.1	7.1	-999	-999	-999	1.9	-999	18.4	1.6	-999	5.2	313	10	3.1	0.0039	6.24	1.5	8.3	2.6	-999	-999	-999	-999	-999	-999	
499	-999	92.9	20.2	-0.39	3.13	5.65	0.08	0.02	76.3	3	0.7	9511	130	-999	45.2	-999	0.5	1.2	6.3	-999	14.3	8.3	-999	-999	-999	2.2	-999	18.2	0.5	-999	3.4	419	20	4.6	0.0078	5.51	1	7.18	0.6	-999	-999	-999	-999	-999	-999	
509	-999	89.6	12.5	-0.32	3.11	5.77	0.07	0.02	55.6	9	2.1	4587	330	-999	48.1	-999	0.5	-999	4.9	-999	17.2	5.3	-999	-999	-999	1	-999	16.3	1.5	-999	5.3	413	20	4.6	0.0156	6.25	1.5	8.34	2.6	-999	-999	-999	-999	-999	-999	
519	-999	93.3	10.8	0.13	3.11	5.84	0.06	0.02	55.5	6	1.8	3697	270	-999	50.6	-999	-999	-999	3.9	-999	18.3	3	-999	-999	-999	1.2	-999	15.3	3	0.3	4.5	337	20	5.6	0.0156	6.25	1.7	8.59	2.8	-999	-999	-999	-999	-999	-999	
529	-999	97.7	13	0.33	2.82	5.94	0.08	0.02	74.8	3	1	6411	100	-999	41.5	-999	-999	0.3	10.5	-999	23.5	3.1	-999	-999	-999	2.4	-999	6.1	2.4	0.3	9.9	297	10	3.3	0.0078	7.72	1.3	10.19	2.5	-999	-999	-999	-999	-999	-999	
539	287000	99.1	13	0.23	2.78	5.45	0.09	0.03	82.3	9	1.7	5999	110	-999	34.6	-999	-999	0.4	10.5	-999	24.3	6.6	-999	0.2	-999	2.8	0.2	6.2	1.4	-999	12.7	510	10	1.9	0.0156	7.84	1.2	10.76	2.4	-999	0.2	-999	-999	-999	-999	Event: 8.5
549	-999	96.1	12.6	0.3	2.88	5.92	0.07	0.01	75.4	4	0.8	5655	170	-999	46.6	-999	-999	0.8	7	-999	21.2	4.1	0.2	-999	-999	1.8	0.2	7.6	3.3	-999	7.4	522	10	1.9	0.0156	7.73	1.3	10.05	2.6	-999	-999	-999	-999	-999	-999	
559	-999	97.4	15.8	0.16	2.82	5.9	0.07	0.02	71.7	10	2.9	7166	130	-999	39.3	-999	0.3	0.6	8.1	-999	20.1	4	-999	-999	-999	0.9	-999	11.8	4.3	0.6	9.9	330	20	5.7	0.0078	6.85	1.3	9.16	2.5	-999	-999	-999	-999	-999	-999	
569	-999	-999	-999	0.39	2.74	-999	-999	-999	-999	-999	-999	-999	-999	-999	-999	-999	-999	-999	-999	-999	-999	-999	-999	-999	-999	-999	-999	-999	-999	-999	-999	-999	-999	-999	-999	-999	-999	-999	-999	-999	-999	-999	-999	-999	-999	
569	-999	-999	-999	0.21	2.9	-999	-999	-999	-999	-999	-999	-999	-999	-999	-999	-999	-999	-999	-999	-999	-999	-999	-999	-999	-999	-999	-999	-999	-999	-999	-999	-999	-999	-999	-999	-999	-999	-999	-999	-999	-999	-999	-999	-999	-999	
569	-999	-999	-999	-0.11	2.77	-999	-999	-999	-999	-999	-999	-999	-999	-999	-999	-999	-999	-999	-999	-999	-999	-999	-999	-999	-999	-999	-999	-999	-999	-999	-999	-999	-999	-999	-999	-999	-999	-999	-999	-999	-999	-999	-999	-999	-999	
569	-999	98.7	9.6	0	2.65	6.13	0.07	0.02	77.4	7	1.3	5722	160	-999	34.6	-999	-999	0.9	9.9	-999	18.3	2.4	-999	-999	-999	2	0.2	10.3	7.3	0.4	13.7	547	10	1.8	0.0156	7.23	1.2	10.1	2.6	-999	-999	-999	-999	-999	-999	
579	300000	98	10.2	0.21	2.56	6.1	0.1	0.02	76.7	5	0.9	5525	160	0.2	27	-999	0.2	1	7.1	-999	29.5	1.5	-999	0.4	-999	3.5	-999	6.3	4.4	0.6	18.2	526	10	1.9	0.0156	8.04	1.4	11.98	2.5	0.2	-999	-999	-999	-999	-999	Event: LAD G.crassiformis
589	331000	97.7	9.6	0.18	2.41	5.84	0.12	0.02	70.9	3	0.7	5071	190	-999	29.5	0.7	0.2	3.9	5.9	-999	23.8	1.1	0.2	0.4	-999	3.1	-999	4.6	5.5	0.7	20.1	462	10	2.1	0.0156	9.26	2.1	13.53	3.1	-999	0.4	-999	-999	-999	-999	Event: 9.3
599	-999	98.7	13.5	-0.09	2.56	5.7	0.14	0.03	85.4	4	1	9230	70	-999	17.9	1.5	0.7	11.4	7	-999	24.8	5	0.3	-999	-999	5.7	0.3	2.7	5.2	2	15.6	410	0	0	0.0078	10.79	2.2	14.86	4.1	-999	-999	-999	-999	-999	-999	
609	-999	99.3	15.8	-0.15	3.24	5.65	0.13	0.03	91.6	3	0.7	9886	40	0.2	23.9	1	-999	7.3	8.3	-999	20.6	8.5	0.2	0.2	-999	4	0.2	9.2	2.8	1.7	11.6	436	5	1.1	0.0078	8.84	1.5	12.18	2.6	0.2	-999	-999	-999	-999	-999	
619	-999	96.2	19.4	0.09	3.51	5.8	0.12	0.02	85.1	3	0.6	11368	90	-999	25.5	0.2	-999	-999	8.7	-999	7.7	8.5	-999	-999	-999	0.4	-999	23.2	5.3	-999	19.2	514	20	3.8	0.0078	6.03	1.4	8.84	1.9	1.4	-999	-999	-999	-999	-999	
624	341000	-999	-999	-999	-999	-999	-999	-999	-999	-999	-999	-999	-999	-999	-999	-999	-999	-999	-999	-999	-999	-999	-999	-999	-999	-999	-999	-999	-999	-999	-999	-999	-999	-999	-999	-999	-999	-999	-999	-999	-999	-999	-999	-999	-999	Event: 10.2
629	-999	97	19.5	0	3.49	5.52	0.13	0.02	89.6	5	1.4	16037	40	-999	21	-999	0.9	1.5	10.2	-999	17.4	3.6	-999	-999	-999	-999	-999	27	3	-999	14.4	345	2	0.6	0.0039	6.1	1.3	9.87	4.1	1.2	-999	-999	-999	-999	-999	
639	-999	97.2	17.4	-0.08	3.36	5.77	0.13	0.03	92.5	5	1	10974	40	-999	24.4	0.2	-999	1.5	9.4	-999	9.4	7.3	-999	0.2	-999	0.2	-999	25.9	2.5	0.8	16.9	494	0	0	0.0078	5.42	1.1	7.85	1.1	1.3	-999	-999	-999	-999	-999	
649	-999	99	18.2	0.07	3.27	5.37	0.1	0.03	91	1	0.2	12011	50	-999	35.5	-999	-999	-999	9.6	-999	8.6	3.3	-999	0.2	-999	-999	-999	23.2	5.6	-999	12.7	503	0	0	0.0078	5.66	1.7	8.54	1.4	1.3	-999	-999	-999	-999	-999	
659	-999	96.9	18.6	-0.09	3.36	4.66	0.11	0.03	78.8	3	0.9	9209	90	-999	37.7	-999	-999	0.3	8.7	-999	3.4	3.4	-999	-999	-999	-999	-999	25.6	4.4	-999	14	335	0	0	0.0078	4.94	1.4	8.43	1.5	2.5	-999	-999	-999	-999	-999	
669	-999	95.4	11.5	0.12	3.32	6.02	0.14	0.03	74.2	6	1.9	6730	110	-999	26.7	-999	-999	0.3	12	-999	4.3	2	-999	-999	-999	-999	-999	37.3	1.7	-999	13	316	2	0.6	0.0078	4.44	0.9	8.2	1.5	2.7	-999	-999	-999	-999	-999	
679	-999	97.9	11.3	0.41	3.47	6.3	0.09	0.04	81.1	6	2	6122	70	-999	31.6	-999	-999	-999	14.9	-999	8	2.8	-999	-999	-999	0.4	-999	32.3	0.7	-999	7.3	301	0	0	0.0078	5.24	1	7.33	0.8	2.1	-999	-999	-999	-999	-999	
689	-999	98.8	9.9	0.29	3.11	6.01	0.08	0.02	75.7	4	0.9	4978	150	-999	38.3	-999	-999	0.7	9.3	-999	9.7	5.1	-999	-999	-999	-999	-999	22.4	3.5	-999	9.1	467	0	0	0.0156	5.04	1.4	8.5	1.4	2	-999	-999	-999	-999	-999	
699	-999	-999	-999	0.32	3.14	-999	-999	-999	-999	-999	-999	-999	-999	-999	-999	-999	-999	-999	-999	-999	-999	-999	-999	-999	-999	-999	-999	-999	-999	-999	-999	-999	-999	-999	-999	-999	-999	-999	-999	-999	-999	-999	-999	-999	-999	
699	-999	-999	-999	0.35	3.36	-999	-999	-999	-999	-999	-999	-999	-999	-999	-999	-999	-999	-999	-999	-999	-999	-999	-999	-999	-999	-999	-999	-999	-999	-999	-999	-999	-999	-999	-999	-999	-999	-999	-999	-999	-999	-999	-999	-999	-999	
699	-999	-999	-999	0.18	3.26	-999	-999	-999	-999	-999	-999	-999	-999	-999	-999	-999	-999	-999	-999	-999	-999	-999	-999	-999	-999	-999	-999	-999	-999	-999	-999	-999	-999	-999	-999	-999	-999	-999	-999	-999	-999	-999	-999	-999	-999	
699	-999	97.2	9.1	0.18	3.03	5	0.08	0.03	76.8	4	1.1	4669	110	-999	41.1	-999	-999	0.3	11	-999	9.9	2.8	-999	-999	-999	0.6	-999	25.4	0.3	-999	7.6	364	0	0	0.0156	5.47	0.9	7.3	0.8	1.1	-999	-999	-999	-999	-999	
709	-999	99	8.7	0.33	2.65	5.44	0.07	0.02	84.2	5	1	5659	90	-999	41	-999	-999	1.1	13.8	-999	11.4	3	-999	0.2	-999	1.5	-999	16.4	1.5	-999	8.6	480	3	0.6	0.0156	6.23	1.2	7.99	1	1.5	-999	-999	-999	-999	-999	
719	-999	98	7.1	0.42	2.97	5.39	0.07	0.03	75.6	12	1.8	3850	210	-999	37	-999	-999	0.2	11.3	-999	18.1	3.9	-999	-999	-999	2.2	-999	18.1	0.3	0.5	5.8	649	6	0.9	0.0313	6.33	1.4	8.57	2.5	2.7	-999	-999	-999	-999	-999	
729	-999	98.1	10	0.45	2.97	5.78	0.09	0.01	81.6	4	0.9	4905	100	-999	37.3	0.2	-999	-999	12.1	-999	26.6	3.5	-999	0.5	-999	0.9	0.2	10.3	1.4	0.2	6.5	442	9	2	0.0156	6.54	1.5	8.63	2.5	0.2	-999	-999	-999	-999	-999	
739	-999	-999	-999	0.37	2.9	-999	-999	-999	-999	-999	-999	-999	-999	-999	-999	-999	-999	-999	-999	-999	-999	-999	-999	-999	-999	-999	-999	-999	-999	-999	-999	-999	-999	-999	-999	-999	-999	-999	-999	-999	-999	-999	-999	-999	-999	
739	-999	-999	-999	0.35	2.85	-999	-999	-999	-999	-999	-999	-999	-999	-999	-999	-999	-999	-999	-999	-999	-999	-999	-999	-999	-999	-999	-999	-999	-999	-999	-999	-999	-999	-999	-999	-999	-999	-999	-999	-999	-999	-999	-999	-999	-999	
739	-999	-999	-999	0.22	2.86	-999	-999	-999	-999	-999	-999	-999	-999	-999	-999	-999	-999	-999	-999	-999	-999	-999	-999	-999	-999	-999	-999	-999	-999	-999	-999	-999	-999	-999	-999	-999	-999	-999	-999	-999	-999	-999	-999	-999	-999	
739	-999	96.3	4.9	0.14	2.57	5.52	0.11	0.02	77.4	11	2.4	2576	130	-999	31.2	0.2	-999	0.9	8.4	-999	31	4.1	-999	0.5	-999	2.5	-999	4.8	1.1	1.4	12.5	445	10	2.2	0.0313	8.68	1.6	12.45	2.5	1.4	-999	-999	-999	-999	-999	
749	-999	99.9	4.1	0.47	2.88	6.03	0.1	0.02	73.9	6	1.5	2104	140	-999	31.8	0.5	0.3	0.5	8.3	-999	29.7	3.6	-999	0.3	-999	4.7	0.3	5.9	1.3	1	9	397	0	0	0.0313	8.47	1.3	11.65	2.6	2.8	-999	-999	-999	-999	-999	
759	-999	93.1	2.8	0.54	3.05	6.05	0.09	0.01	65.5	7	1.9	952	190	-999	33.8	0.3	0.3	0.3	10.1	-999	31.8	3.1	-999	0.3	-999	2.8	-999	8.1	2.8	0.6	4.2	360	0	0	0.0625	7.2	1.3	9.5	2.7	1.7	-999	-999	-999	-999	-999	
769	-999	99.5	2.4	0.94	2.9	6.17	0.12	0.04	62.1	10	2.6	977	230	-999	20.5	0.5	-999	0.8	4.3	-999	45.5	0.8	0.3	-999	-999	6.4	0.5	5.9	1.9	0.8	11.2	377	3	0.8	0.0625	10	2.7	14.47	3	0.8	-999	-999	-999	-999	-999	
779	-999	100	2.7	1	3.31	6.13	0.16	0.03	64.4	21	4.1	1277	270	0.2	16.7	-999	0.2	0.2	3.7	-999	34.5	1	3.1	0.2	-999	10.5	0.4	2.1	5	0.6	21.5	489	0	0	0.0625	10.7	2.8	15.74	2.6	-999	-999	-999	-999	-999	-999	
789	-999	98.7	2	1.07	2.9	6	0.15	0.02	64.2	5	1.2	1101	230	-999	14.7	0.7	-999	1.7	5.7	-999	34.6	0.3	3.2	-999	-999	6.6	0.5	3.7	5.9	0.5	21.9	413	10	2.4	0.0625	12.3	3.2	17.63	3.2	-999	-999	-999	-999	-999	-999	
799	-999	99.4	4.1	0.59	2.99	5.94	0.13	0.03	78.8	3	0.5	3007	150	-999	22.5	1.6	-999	3.3	6.5	-999	31.9	2.4	0.7	0.2	-999	9.4	0.4	0.5	3.1	1.6	15.8	559	1	0.2	0.0313	9.88	2.2	13.75	3.1	-999	-999	-999	-999	-999	-999	
809	405000	-999	-999	0.29	2.49	-999	-999	-999	-999	-999	-999	-999	-999	-999	-999	-999	-999	-999	-999	-999	-999	-999	-999	-999	-999	-999	-999	-999	-999	-999	-999	-999	-999	-999	-999	-999	-999	-999	-999	-999	-999	-999	-999	-999	-999	Event: 11.3
809	405000	-999	-999	-0.34	2.19	-999	-999	-999	-999	-999	-999	-999	-999	-999	-999	-999	-999	-999	-999	-999	-999	-999	-999	-999	-999	-999	-999	-999	-999	-999	-999	-999	-999	-999	-999	-999	-999	-999	-999	-999	-999	-999	-999	-999	-999	
809	405000	98	8	-0.27	2.6	5.09	0.12	0.02	87.3	6	1.2	6038	70	-999	28.2	1.9	-999	4.5	4.7	-999	24.6	4	0.4	0.6	0.2	8.7	0.2	0.9	2.6	0.2	17.8	479	1	0.2	0.0156	10.03	2.2	13.51	3.4	-999	0.4	-999	-999	-999	-999	
819	-999	92.5	7.3	0.27	3.49	5.69	0.1	0.03	94.3	3	0.6	5611	30	-999	28.9	0.8	-999	3.1	7.4	-999	21.7	4.1	-999	0.4	-999	9.3	0.2	2.9	2.5	1.2	17.5	498	0	0	0.0156	9.18	1.9	12.77	2.8	-999	-999	-999	-999	-999	-999	
820	423000	-999	-999	-999	-999	-999	-999	-999	-999	-999	-999	-999	-999	-999	-999	-999	-999	-999	-999	-999	-999	-999	-999	-999	-999	-999	-999	-999	-999	-999	-999	-999	-999	-999	-999	-999	-999	-999	-999	-999	-999	-999	-999	-999	-999	Event: LAD S. universus
829	-999	98.6	10.3	-0.05	3.61	4	0.11	0.02	83.9	1	0.2	6688	80	0.2	22	0.2	-999	0.7	10	-999	20.2	8.8	-999	-999	-999	9	0.2	15.1	2.2	1	9.8	417	2	0.5	0.0156	7.59	1.5	10.24	2.8	0.5	-999	-999	-999	-999	-999	
839	-999	-999	-999	0.2	4.16	-999	-999	-999	-999	-999	-999	-999	-999	-999	-999	-999	-999	-999	-999	-999	-999	-999	-999	-999	-999	-999	-999	-999	-999	-999	-999	-999	-999	-999	-999	-999	-999	-999	-999	-999	-999	-999	-999	-999	-999	
839	-999	-999	-999	0.14	3.82	-999	-999	-999	-999	-999	-999	-999	-999	-999	-999	-999	-999	-999	-999	-999	-999	-999	-999	-999	-999	-999	-999	-999	-999	-999	-999	-999	-999	-999	-999	-999	-999	-999	-999	-999	-999	-999	-999	-999	-999	
839	-999	-999	-999	-0.24	3.77	-999	-999	-999	-999	-999	-999	-999	-999	-999	-999	-999	-999	-999	-999	-999	-999	-999	-999	-999	-999	-999	-999	-999	-999	-999	-999	-999	-999	-999	-999	-999	-999	-999	-999	-999	-999	-999	-999	-999	-999	
839	-999	94.1	6.6	-0.07	3.79	3.4	0.05	0.01	67.3	3	0.9	3287	170	-999	43.2	-999	-999	-999	4.4	-999	10.8	6.1	-999	-999	-999	2	-999	26.5	1.2	-999	2.6	350	4	1.1	0.0313	5.27	1	7.16	0.5	3.2	-999	-999	-999	-999	-999	
844	434000	-999	-999	-999	-999	-999	-999	-999	-999	-999	-999	-999	-999	-999	-999	-999	-999	-999	-999	-999	-999	-999	-999	-999	-999	-999	-999	-999	-999	-999	-999	-999	-999	-999	-999	-999	-999	-999	-999	-999	-999	-999	-999	-999	-999	Event: 12.2
849	-999	91.5	5.5	0.07	3.97	3.59	0.09	0.01	48	15	3.3	1934	470	-999	52.3	-999	-999	-999	2.6	0.5	10.4	3	-999	-999	-999	-999	-999	26.4	0.7	-999	2.1	434	46	9.6	0.0625	5.06	1.2	7.33	1.2	2.1	-999	-999	-999	-999	-999	
859	-999	-999	-999	-0.08	3.73	-999	-999	-999	-999	-999	-999	-999	-999	-999	-999	-999	-999	-999	-999	-999	-999	-999	-999	-999	-999	-999	-999	-999	-999	-999	-999	-999	-999	-999	-999	-999	-999	-999	-999	-999	-999	-999	-999	-999	-999	
859	-999	-999	-999	0.1	3.57	-999	-999	-999	-999	-999	-999	-999	-999	-999	-999	-999	-999	-999	-999	-999	-999	-999	-999	-999	-999	-999	-999	-999	-999	-999	-999	-999	-999	-999	-999	-999	-999	-999	-999	-999	-999	-999	-999	-999	-999	
859	-999	-999	-999	-0.11	3.53	-999	-999	-999	-999	-999	-999	-999	-999	-999	-999	-999	-999	-999	-999	-999	-999	-999	-999	-999	-999	-999	-999	-999	-999	-999	-999	-999	-999	-999	-999	-999	-999	-999	-999	-999	-999	-999	-999	-999	-999	
859	-999	91.8	7.6	-0.13	3.52	3.41	0.14	0.02	60.6	12	3.8	2879	200	-999	49.7	-999	-999	-999	1.6	3.3	4.6	0.3	-999	0.3	-999	-999	-999	37.5	0.7	-999	1.6	307	13	4.1	0.0313	3.92	1.2	7.64	2.1	0.3	-999	-999	-999	-999	-999	
869	-999	-999	9.8	-0.15	3.59	4.24	0.12	0.02	66.8	2	0.7	4265	140	-999	56.8	-999	-999	-999	6.6	2.9	6.2	3.3	-999	-999	-999	-999	-999	22.3	0.7	-999	1.1	282	10	3.4	0.0156	4.57	1.1	7.97	1.7	-999	-999	-999	-999	-999	-999	
879	-999	-999	-999	-0.1	3.34	-999	-999	-999	-999	-999	-999	-999	-999	-999	-999	-999	-999	-999	-999	-999	-999	-999	-999	-999	-999	-999	-999	-999	-999	-999	-999	-999	-999	-999	-999	-999	-999	-999	-999	-999	-999	-999	-999	-999	-999	
879	-999	-999	-999	-0.24	3.32	-999	-999	-999	-999	-999	-999	-999	-999	-999	-999	-999	-999	-999	-999	-999	-999	-999	-999	-999	-999	-999	-999	-999	-999	-999	-999	-999	-999	-999	-999	-999	-999	-999	-999	-999	-999	-999	-999	-999	-999	
879	-999	89.7	6.7	-0.4	3.17	4.81	0.1	0.02	62.2	8	1.9	2731	250	-999	48.8	-999	-999	0.3	6.7	2.2	11.9	3.2	-999	-999	-999	-999	-999	23.5	1	-999	1.5	411	10	2.4	0.0313	5.08	1.2	7.36	1.2	1	-999	-999	-999	-999	-999	
889	-999	-999	8.7	-0.06	3.32	4.54	0.09	0.02	73.7	5	1.6	4345	110	-999	33.9	-999	-999	-999	9	1	18.3	5.3	-999	0.3	-999	-999	-999	28.6	1	-999	1.3	308	10	3.1	0.0156	4.81	0.9	7.08	1	1.3	-999	-999	-999	-999	-999	
899	-999	-999	-999	0.36	3.35	-999	-999	-999	-999	-999	-999	-999	-999	-999	-999	-999	-999	-999	-999	-999	-999	-999	-999	-999	-999	-999	-999	-999	-999	-999	-999	-999	-999	-999	-999	-999	-999	-999	-999	-999	-999	-999	-999	-999	-999	
899	-999	-999	-999	0.2	3.38	-999	-999	-999	-999	-999	-999	-999	-999	-999	-999	-999	-999	-999	-999	-999	-999	-999	-999	-999	-999	-999	-999	-999	-999	-999	-999	-999	-999	-999	-999	-999	-999	-999	-999	-999	-999	-999	-999	-999	-999	
899	-999	-999	-999	-0.19	3.23	-999	-999	-999	-999	-999	-999	-999	-999	-999	-999	-999	-999	-999	-999	-999	-999	-999	-999	-999	-999	-999	-999	-999	-999	-999	-999	-999	-999	-999	-999	-999	-999	-999	-999	-999	-999	-999	-999	-999	-999	
899	-999	89	6.7	-0.03	3.17	5.19	0.07	0.02	74.7	14	4.5	3644	100	-999	41.4	-999	-999	0.3	8.2	-999	11.3	2.4	-999	-999	-999	0.3	-999	31.9	-999	-999	3.1	295	4	1.3	0.0156	4.89	0.7	7.19	1	1	-999	-999	-999	-999	-999	
909	471000	-999	3	0.46	3.54	4.33	0.07	0.01	67.6	18	4.4	1465	190	-999	43.3	-999	-999	-999	4.1	-999	7.6	1.3	0.3	-999	-999	0.3	-999	39.2	0.8	-999	3.3	396	10	2.5	0.0625	4.56	0.9	6.91	1.2	-999	-999	-999	-999	-999	-999	Event: 12.4
919	-999	89.5	3.2	0.48	3.09	3.83	0.07	0.02	70.1	13	2.8	1861	190	0.2	40.4	-999	-999	-999	8.3	2.3	15.9	1.2	-999	0.2	-999	0.9	-999	22.4	1.9	0.5	5.8	445	15	3.3	0.0625	5.93	1.4	7.94	1.4	-999	-999	-999	-999	-999	-999	
