# Late Miocene to Present Global Ocean Alkenone and SST Reconstruction Data
#-----------------------------------------------------------------------
#               World Data Service for Paleoclimatology, Boulder
#                                   and
#                      NOAA Paleoclimatology Program
#-----------------------------------------------------------------------
# Template Version 3.0
# Encoding: UTF-8
# NOTE: Please cite original publication, online resource and date accessed when using this data.
# If there is no publication information, please cite Investigator, title, online resource and date accessed.
#
# Description/Documentation lines begin with #
# Data lines have no #
#
# Online_Resource: https://www.ncdc.noaa.gov/paleo/study/25390
#      Description: NOAA Landing Page
# Online_Resource: http://www1.ncdc.noaa.gov/pub/data/paleo/contributions_by_author/herbert2016/herbert2016-odp883_884.txt
#      Description: NOAA location of the template
#
# Archive: Paleoceanography
#
# Dataset_DOI:
#
# Parameter_Keywords: biomarkers
#---------------------------------------
# Contribution_Date
#    Date: 2018-10-10
#---------------------------------------
# File_Last_Modified_Date
#    Date: 2018-10-10
#---------------------------------------
# Title
#    Study_Name: Late Miocene to Present Global Ocean Alkenone and SST Reconstruction Data
#---------------------------------------
# Investigators
#      Investigators: Herbert, T.D.; Lawrence, K.T.; Tzanova, A.; Peterson, L.C.; Caballero-Gill, R.; Kelly, C.S.
#---------------------------------------
# Description_Notes_and_Keywords
#        Description: Note: age models for Sites 907 and 982 refined following publication of Herbert et al., 2016 NGS
#         Provided Keywords: Global ocean cooling, mid-Miocene to Present
#---------------------------------------
# Publication
# Authors: Herbert, T.D., Lawrence, K.T.,Tzanova, A., Peterson, L.C., Caballero-Gill, R.,  and Kelly, C.S.
# Published_Date_or_Year: 2016
# Published_Title: Late Miocene Global Cooling and the Rise of Modern Ecosystems
# Journal_Name: Nature Geoscience
# Volume: 9
# Edition: 
# Issue: 
# Pages: 843-847
# Report_Number: 
# DOI: 10.1038/ngeo2813
# Online_Resource: 
# Full_Citation: 
# Abstract: During the late Miocene epoch, about seven million years ago, large areas of the continents experienced drying, enhanced seasonality, and a restructuring of terrestrial plant and animal communities. These changes are seen throughout the subtropics, but have typically been attributed to regional tectonic forcing. Here we present a set of globally distributed sea surface temperature records spanning the past 12 million years based on the alkenone unsaturation method. We find that a sustained late Miocene cooling occurred synchronously in both hemispheres, and culminated with ocean temperatures dipping to near-modern values between about 7 and 5.4 million years ago. The period of maximum cooling coincides with evidence for transient glaciations in the Northern Hemisphere and with a steepening of the pole-to-equator temperature gradient, as well. We thus infer that late Miocene aridity and terrestrial ecosystem changes occurred in a global context of increasing meridional temperature gradients. We conclude that a global forcing mechanism, such as the previously hypothesized decline in atmospheric CO2 levels between eight and six million years ago, is required to explain the late Miocene changes in temperature, climate and ecosystems. 
#---------------------------------------
# Funding_Agency
#    Funding_Agency_Name: National Science Foundation Ocean Sciences
#    Grant: 1304366, 1459280, 1545859
#---------------------------------------
# Site_Information
# Site_Name: ODP 883/884
# Location: North Pacific Ocean
# Country: 
# Northernmost_Latitude: 51.948
# Southernmost_Latitude: 51.45
# Easternmost_Longitude: 168.337
# Westernmost_Longitude: 167.7688
# Elevation: 
#---------------------------------------
# Data_Collection
#   Collection_Name: ODP883+884-2016alkenones Herbert
#   First_Year: 11345500
#   Last_Year: 2705500
#   Time_Unit: cal yr BP
#   Core_Length: 
#   Notes: Uk'37 measurement precision typically 0.005 units; Site locations: ODP 883 (51.948 N, 167.7688 E, -2396 water depth); ODP 884 (51.45 N, 168.337 E, -3827 water depth)
#---------------------------------------
# Chronology_Information 
# Chronology: 
# 
# Event 883	Age_(ka)	Uncertainty_(ka)	Depth_(mbsf)	
# core top	0	5	0	
# C1n base	781	10	33.3	
# C1r.1n	988	10	43.5	
# C1r.1n	1068	10	47	
# C2n	1785	10	67.1	
# C2n base	1968	10	70	
# C2r.1n base	2149	10	73.8	
# C2An.1n	2582	10	84	
# correlation to MIS G7 via Magnetic Ssceptibility to 884	2740	10	88.75	
# LO Thalassiosira marujamica	3150	50	134.03	
# C2An.2n	3119	40	146.6	
# FO Neodenticula koizumii	3680	50	164.15	
# C2An.3n base	3597	50	175.6	
# FO Actinocyclus oculatus	3750	50	183.6	
# C3n.1n	4187	50	216	
# C3n.2nbase	4632	50	246.5	
# C3n.3n	4800	50	260	
# C3n.3n base	4896	50	276	
# C3n.4n	4998	50	283.4	
# LO Thalassiosira jacksonii (plicate)	4550	50	288.2	
# FO Thalassiosira latimarginata	4950	50	297.7	
# FO Thalassiosira oestrupii	5300	100	317	
# LO Thalassiosira miocenica	5700	100	326.7	
# FO Thalassiosira miocenica	6530	100	424	
# FO Thalassiosira jacksonii	6550	100	444.1	
# C4n.1n	7530	40	451	
# C4n.1n base	7640	40	455	
# C4n.2n	7700	40	458.35	
# FO Neodenticula kamtschatica	7680	100	472.9	
# C4n.2n base	8110	40	476.05	
# C4r.1n	8250	40	482.32	
# FO Nitzschia reinholdii	7800	100	482.7	
# C4r.1n base	8300	40	483.17	
# C4An	8660	40	501.4	
# LCO Denticulopsis hustedtii	8800	100	508.9	
# LO Lychnocanoma nipponica	9000	100	521.8	
# C4An base	9100	50	524.6	
# FO Denticulopsis dimorpha	10170	100	552	
# LO Cyrtocapsella cornuta	11700	250	562	
# LO Denticulopsis hyalina	15320	250	578.27	
# FO Eucyrtidium inflatum	15300	250	592	
# FO Denticulopsis lauta	15900	250	598.27	
# FO Denticulopsis praelauta	16390	250	601	
# 
# Event 884		uncertainty	depth (mbsf)
# core top	0	0	0
# C1n base	781	5	42.5
# top Jar	988	20	55.55
# base Jar	1072	5	59.4
# C2n	1778	5	
# C2n base	1945	20	96.9
# C2r.1n	2118	10	107.1
# C2r.1n base	2133	10	108.2
# C2An.1n	2582	40	121.9
# C2An.1n base	3034	20	148.1
# C2An.2n	3119	20	152.35
# C2An.2n base	3215	20	159.5
# C2An.3n base	3597	20	179.2
# C3n.1n	4187	20	219.65
# C3n.1n base	4300	20	224.2
# C3n.2n	4493	20	237.35
# C3n.2nbase	4632	40	238.55
# C3n.3n	4799	40	252.1
# C3n.3n base	4896	40	258.4
# C3n.4n	4998	40	266.75
# C3n.4n base	5235	40	276.7
# C3An.1n	6030	20	311.55
# C3An.1n base	6265	40	325
# C3An.2n	6440	40	334.5
# C3An.2n base	6730	20	348
# C3Bn	7100	40	364.5
# C3Bn base	7210	40	367.6
# C3Br.1n	7250	40	369.1
# C3Br.1n base	7290	40	370.25
# CBr.2n	7450	40	374.2
# C3Br.2n base	7490	40	375.2
# C4n.1n	7530	40	376.2
# C4n.1n base	7640	40	379.65
# C4n.2n	7700	40	381.5
# C4n.2n base	8132	40	400.2
# C4r.1n base	8295	40	403.25
# C4An	8770	40	421.85
# C4An base	9105	40	436.15
# C4Ar.1n	9311	40	440.65
# C4Ar.1n base	9410	40	445.2
# C4Ar.2n	9656	40	451.1
# C4Ar.2n base	9717	40	453.1
# C5n.1n	9779	40	453.5
# C5n.1n base	9934	40	457.9
# C5n.2n	9984	40	458.75
# C5r.1n	10330	40	474.45
# C5r.2n	10334	40	475.65
# C5n.2	10847	40	488.15
# C5n.2	10850	40	489.3
# base 5n.2	11040	60	507.45
# 5r.1 top	11120	40	508.1
# 5r.1base	11150	40	508.3
# 5r.2 top	11554	40	512
# 5r.2 base	11614	40	513.8
# C5An.1 top	12207	40	523
# C5An.1 base	12415	40	525.45
# C5A4.1 top	12730	40	528.9
# C5A4.1 base	12820	40	529.85
# AA top	12995	40	531.05
# AA base	13156	40	532.15
# AB top	13320	40	535.05
# AC base	14095	40	542.35
# AD base	14581	40	559.15
# 	15032	40	564.6
# 5Bn.2 base	15160	40	565.6
# 5Cn.1 top	15974	40	580.35
#
#---------------------------------------
# Variables
# Data variables follow that are preceded by "##" in columns one and two.
# Variables list, one per line, shortname-tab-longname components (9 components: what, material, error, units, seasonality, archive, detail, method, C or N for Character or Numeric data)
## sitename	sample identification,,,,,paleoceanography,,,C,Site
## Hole	notes,,,,,paleoceanography,,,C,hole name
## core	notes,,,,,paleoceanography,,,C,core
## section	notes,,,,,paleoceanography,,,C,section
## cm_top	depth at sample end,,,centimeter,,paleoceanography,,,N,
## cm_base	depth at sample start,,,centimeter,,paleoceanography,,,N,
## depth_mbsf	depth,,,meter,,paleoceanography,,,N,shipboard meters below sea floor
## depth_mcd	depth,,,meter,,paleoceanography,,,N,composite depth 
## age_kaBP	age,,,calendar kiloyear before present,,paleoceanography,,,N,
## age_uncert_ka	age,,90% confidence interval margin of error,calendar kiloyear before present,,paleoceanography,,,N,
## Uk'37	alkenone unsaturation index,sediment,,dimensionless,,paleoceanography,,gas chromatography - flame ionization detection,N,GC-FID
## SST_P	sea surface temperature,alkenone unsaturation index,,degree Celsius,,climate reconstructions,,,N,SST calibration following F.G. Prahl et al., 1988; estimated
## SST_M	sea surface temperature,alkenone unsaturation index,,degree Celsius,,climate reconstructions,,,N,SST calibration following P.J. Muller et al. 1998; estimated
## SST_anom-M	sea surface temperature,alkenone unsaturation index,,degree Celsius,,climate reconstructions,anomalized,,N,SST anomaly relative to modern; Muller calibration
## SST_anom_back	sea surface temperature,alkenone unsaturation index,,degree Celsius,,climate reconstructions,anomalized,,N,SST anomaly relative to modern; backtraced for paleolatitude/longitude
#------------------------
# Data:
# Data lines follow (have no #)
# Data line format - tab-delimited text, variable short name as header
# Missing_Values: NaN
sitename	Hole	core	section	cm_top	cm_base	depth_mbsf	age_kaBP	age_uncert_ka	Uk'37	SST_P	SST_M	SST_anom-M	SST_anom_back		
883	B	10	3	97	99	87.87	2705.5	30	0.298	7.62	7.70	2.30	2.17	NaN	
883	B	10	5	142	144	91.32	2776.8	48.7	0.255	6.36	6.40	1.00	0.87	NaN	
883	B	11	1	129	131	94.69	2804.1	70.25	0.291	7.42	7.50	2.10	1.96	NaN	
883	B	11	3	129	131	97.69	2828.7	74.05	0.347	9.06	9.19	3.79	3.65	NaN	
883	B	11	5	97	99	100.37	2850.7	85.45	0.293	7.47	7.54	2.14	2.00	NaN	
883	B	11	6	129	131	102.19	2865.4	85.5	0.304	7.80	7.88	2.48	2.35	NaN	
883	B	12	1	47	49	103.37	2875	87.15	0.326	8.45	8.56	3.16	3.02	NaN	
883	B	12	2	65	67	105.05	2888.5	92.65	0.312	8.02	8.11	2.71	2.57	NaN	
883	B	12	3	129	131	107.19	2906.2	93.3	0.290	7.37	7.44	2.04	1.90	NaN	
883	B	12	4	147	149	108.87	2920	96	0.337	8.76	8.88	3.48	3.34	NaN	
883	B	12	6	33	35	110.73	2935.1	98.55	0.314	8.10	8.19	2.79	2.65	NaN	
883	B	12	7	1	3	111.91	2944.7	97.95	0.334	8.68	8.80	3.40	3.25	NaN	
883	B	13	1	97	99	113.37	2956.3	98.3	0.273	6.89	6.95	1.55	1.41	NaN	
883	B	13	2	129	131	115.19	2970.8	101.5	0.283	7.17	7.24	1.84	1.70	NaN	
883	B	13	4	1	3	116.91	2985.2	98.9	0.248	6.15	6.19	0.79	0.64	NaN	
883	B	13	5	33	35	118.73	3000.4	101.4	0.302	7.74	7.82	2.42	2.27	NaN	
883	B	13	6	97	99	120.87	3018.1	103	0.242	5.96	5.99	0.59	0.44	NaN	
883	B	14	1	97	99	122.87	3034.2	99.4	0.273	6.87	6.93	1.53	1.38	NaN	
883	B	14	2	65	67	124.05	3044	99.2	0.274	6.92	6.98	1.58	1.43	NaN	
883	B	14	3	97	99	125.87	3058.7	97.9	0.316	8.16	8.25	2.85	2.70	NaN	
883	B	14	4	65	67	127.05	3068.3	95	0.279	7.07	7.13	1.73	1.58	NaN	
883	B	14	6	1	3	129.41	3087.7	95.45	0.305	7.81	7.89	2.49	2.34	NaN	
883	B	14	7	65	67	131.55	3105	90.4	0.340	8.84	8.96	3.56	3.41	NaN	
883	B	14	CC	5	7	131.8	3107	89.55	0.290	7.39	7.46	2.06	1.91	NaN	
883	B	15	2	33	35	133.23	3118.7	87.6	0.347	9.05	9.17	3.77	3.62	NaN	
883	C	15	7	1	3	135.51	3136.6	88.7	0.453	12.18	12.40	7.00	6.84	NaN	
883	C	15	7	75	77	136.25	3141.6	87.75	0.319	8.23	8.32	2.92	2.77	NaN	
883	C	16	1	86	88	137.11	3147.3	87.2	0.311	7.99	8.08	2.68	2.53	NaN	
883	C	16	2	25	27	138	3153.4	88.4	0.354	9.27	9.40	4.00	3.84	NaN	
883	B	15	6	1	3	138.91	3159.5	89.9	0.320	8.26	8.36	2.96	2.81	NaN	
883	B	15	7	1	3	139.91	3166.1	93.2	0.236	5.79	5.82	0.42	0.26	NaN	
883	B	16	2	1	3	142.41	3182.9	90.7	0.307	7.87	7.96	2.56	2.40	NaN	
883	B	16	3	101	103	144.91	3199.6	95.2	0.354	9.27	9.40	4.00	3.84	NaN	
883	B	16	5	1	3	146.91	3219	91.2	0.306	7.84	7.93	2.53	2.37	NaN	
883	B	16	6	1	3	148.41	3233.7	93.35	0.261	6.54	6.58	1.18	1.02	NaN	
883	B	16	cc	2	4	150.78	3260	97.35	0.284	7.20	7.26	1.86	1.70	NaN	
883	B	17	2	39	41	152.29	3280.8	95.2	0.280	7.09	7.15	1.75	1.59	NaN	
883	B	17	3	97	99	154.37	3309.3	105.8	0.274	6.91	6.97	1.57	1.41	NaN	
883	B	17	4	145	147	156.35	3335.4	103.25	0.294	7.50	7.57	2.17	2.01	NaN	
883	B	17	5	145	147	157.85	3355.2	99	0.268	6.75	6.80	1.40	1.23	NaN	
883	B	18	1	1	3	159.91	3382.1	102.65	0.265	6.65	6.70	1.30	1.13	NaN	
883	C	18	7	2	4	164.02	3488.8	106.05	0.365	9.58	9.72	4.32	4.15	NaN	
883	C	19	2	2	4	166.02	3526.1	113.7	0.317	8.19	8.28	2.88	2.71	NaN	
883	C	19	3	30	32	167.8	3547.1	109.75	0.318	8.21	8.31	2.91	2.73	NaN	
883	C	19	4	58	60	169.58	3568.3	112.05	0.357	9.36	9.49	4.09	3.91	NaN	
883	C	19	5	122	124	171.72	3592.2	103.05	0.403	10.71	10.88	5.48	5.30	NaN	
883	C	19	6	92	94	172.92	3605.4	98.65	0.355	9.30	9.43	4.03	3.85	NaN	
883	B	19	4	97	99	174.87	3626.8	97.85	0.354	9.27	9.40	4.00	3.81	NaN	
883	B	19	4	140	142	175.3	3632.3	96.2	0.334	8.67	8.78	3.38	3.20	NaN	
883	B	19	CC	1	3	179.27	3686.3	96.3	0.298	7.63	7.71	2.31	2.12	NaN	
883	B	20	5	33	35	185.23	3769	107.25	0.279	7.05	7.11	1.71	1.52	NaN	
883	B	20	5	33	35	185.23	3769	107.25	0.281	7.12	7.19	1.79	1.59	NaN	
883	B	20	CC	2	4	188.79	3818.3	123.35	0.304	7.79	7.87	2.47	2.27	NaN	
883	B	20	CC	2	4	188.79	3818.3	123.35	0.306	7.84	7.93	2.53	2.33	NaN	
883	B	20	CC	2	4	188.79	3818.3	123.35	0.334	8.68	8.79	3.39	3.20	NaN	
883	B	21	4	33	35	193.23	3880.4	146.9	0.318	8.20	8.29	2.89	2.69	NaN	
883	B	21	CC	1	3	198.26	3951.1	162.4	0.257	6.41	6.45	1.05	0.85	NaN	
883	B	21	CC	1	3	198.26	3951.1	162.4	0.255	6.37	6.41	1.01	0.80	NaN	
883	B	22	1	65	67	198.55	3955.2	163.8	0.310	7.96	8.05	2.65	2.45	NaN	
883	B	22	1	65	67	198.55	3955.2	163.8	0.279	7.06	7.12	1.72	1.52	NaN	
883	B	22	CC	2	4	207.78	4083.9	181.95	0.412	10.97	11.15	5.75	5.54	NaN	
883	B	22	CC	2	4	207.78	4083.9	181.95	0.388	10.25	10.41	5.01	4.80	NaN	
883	B	22	CC	2	4	207.78	4083.9	181.95	0.417	11.11	11.30	5.90	5.68	NaN	
883	B	23	3	1	3	210.41	4120.6	187.2	0.418	11.14	11.33	5.93	5.71	NaN	
883	B	23	3	33	35	210.73	4124.9	185.3	0.425	11.34	11.53	6.13	5.92	NaN	
883	B	23	5	65	67	214.05	4169.8	184.85	0.425	11.35	11.55	6.15	5.93	NaN	
883	B	23	CC	1	3	217.16	4213.7	183.4	0.409	10.87	11.05	5.65	5.43	NaN	
883	B	23	CC	1	3	217.16	4213.7	183.4	0.403	10.71	10.88	5.48	5.26	NaN	
883	B	24	6	129	131	225.69	4329.6	187.3	0.351	9.16	9.29	3.89	3.66	NaN	
883	B	24	CC	2	4	226.59	4341.4	184.25	0.353	9.23	9.36	3.96	3.73	NaN	
883	B	24	CC	2	4	226.59	4341.4	184.25	0.355	9.28	9.41	4.01	3.78	NaN	
883	B	30	7	5	7	282.95	4951	79.6	0.324	8.37	8.47	3.07	2.80	NaN	
883	B	30	7	5	7	282.95	4951	79.6	0.324	8.38	8.48	3.08	2.81	NaN	
883	B	34	1	12	NaN	312.32	5278.2	153	0.252	6.28	6.30	0.90	0.60	NaN	
883	B	34	1	12	NaN	312.32	5278.2	153	0.252	6.51	6.55	1.15	0.85	NaN	
883	B	34	1	112	NaN	313.33	5294	155.7	0.275	6.93	7.00	1.60	1.30	NaN	
883	B	34	2	38	NaN	314.09	5305.7	159	0.296	7.57	7.64	2.24	1.94	NaN	
883	B	34	2	62	NaN	314.27	5308.4	160.4	0.309	7.94	8.03	2.63	2.33	NaN	
883	B	34	2	138	NaN	315.09	5321.4	164.15	0.288	7.34	7.39	1.99	1.69	NaN	
883	B	34	3	12	NaN	315.33	5325.6	162.85	0.310	7.97	8.06	2.66	2.36	NaN	
883	B	34	3	112	NaN	316.27	5342.1	158.55	0.306	7.84	7.94	2.54	2.24	NaN	
883	B	34	4	62	NaN	317.33	5361	160.35	0.379	9.99	10.15	4.75	4.45	NaN	
883	B	34	5	12	NaN	318.27	5377.5	163.65	0.267	6.72	6.76	1.36	1.06	NaN	
883	B	34	5	112	NaN	319.33	5396.3	168.65	0.313	8.07	8.15	2.75	2.45	NaN	
883	B	35	1	117	NaN	323.08	5467.1	171.05	0.298	7.63	7.70	2.30	1.99	NaN	
883	B	35	2	52	NaN	323.92	5483.1	175.65	0.307	7.88	7.97	2.57	2.26	NaN	
883	B	35	3	10	NaN	325.01	5504	187.15	0.333	8.65	8.76	3.36	3.05	NaN	
883	B	35	3	102	NaN	325.92	5518.6	187.1	0.276	6.97	7.03	1.63	1.32	NaN	
883	B	35	3	102	NaN	325.92	5518.6	187.1	0.276	5.58	5.61	0.21	-0.10	NaN	
883	B	35	4	52	NaN	326.93	5534.7	189.85	0.291	7.42	7.48	2.08	1.77	NaN	
883	B	35	5	7	NaN	327.97	5551.2	193.45	0.352	9.21	9.33	3.93	3.61	NaN	
883	B	35	5	117	NaN	329.08	5568.6	200.6	0.299	7.65	7.73	2.33	2.01	NaN	
883	B	35	5	117	NaN	329.08	5568.6	200.6	0.299	7.72	7.79	2.39	2.07	NaN	
883	B	36	1	7	NaN	331.57	5603.9	208.25	0.291	7.41	7.48	2.08	1.76	NaN	
883	B	36	1	117	NaN	332.68	5618.4	212.05	0.308	7.91	8.00	2.60	2.28	NaN	
883	B	37	1	7	NaN	341.27	5731.1	244.4	0.271	6.83	6.88	1.48	1.15	NaN	
883	B	37	1	117	NaN	342.38	5746.5	245.65	0.282	7.15	7.21	1.81	1.48	NaN	
883	B	37	2	62	NaN	343.32	5759.4	248.3	0.227	5.54	5.55	0.15	-0.18	NaN	
883	B	37	2	62	NaN	343.33	5759.6	248.4	0.227	5.54	5.55	0.15	-0.18	NaN	
883	B	37	3	117	NaN	345.37	5787.3	254.7	0.301	7.72	7.79	2.39	2.06	NaN	
883	B	37	3	117.5	NaN	345.375	5787.4	254.6	0.291	7.42	7.48	2.08	1.75	NaN	
883	B	38	1	7	NaN	350.97	5862.9	269.65	0.317	8.18	8.27	2.87	2.53	NaN	
883	B	38	1	117	NaN	352.08	5878	269.05	0.326	8.45	8.55	3.15	2.81	NaN	
883	B	38	2	52	NaN	352.9	5889.1	268.7	0.358	9.39	9.52	4.12	3.78	NaN	
883	B	38	3	7	NaN	353.98	5903.7	271.4	0.286	7.28	7.33	1.93	1.59	NaN	
883	B	38	3	7	NaN	353.98	5903.7	271.4	0.286	6.87	6.91	1.51	1.17	NaN	
883	B	38	3	112	NaN	354.9	5916.4	276.65	0.330	8.56	8.67	3.27	2.93	NaN	
883	B	38	4	62	NaN	356.03	5931.8	276.55	0.330	8.55	8.67	3.27	2.92	NaN	
883	B	38	5	17	NaN	356.95	5944.4	278.8	0.318	8.19	8.30	2.90	2.55	NaN	
883	B	38	5	117	NaN	358.08	5959.6	281.1	0.359	9.42	9.55	4.15	3.80	NaN	
883	B	38	6	72	NaN	359	5971.8	284.95	0.266	6.67	6.73	1.33	0.98	NaN	
883	B	39	1	7	NaN	360.57	5992.7	290.25	0.344	8.98	9.09	3.69	3.34	NaN	
883	B	39	1	7	NaN	360.57	5992.7	290.25	0.344	8.94	9.06	3.66	3.31	NaN	
883	B	39	1	7	NaN	360.57	5992.7	290.25	0.344	9.52	9.67	4.27	3.92	NaN	
883	B	39	1	117	NaN	361.68	6007.1	289.25	0.345	9.00	9.12	3.72	3.37	NaN	
883	B	39	2	57	NaN	362.51	6018.1	289.95	0.278	7.04	7.09	1.69	1.34	NaN	
883	B	39	2	57	NaN	362.575	6019	290.1	0.276	6.97	7.03	1.63	1.28	NaN	
883	B	39	3	7	NaN	363.58	6032.3	291.1	0.306	7.85	7.94	2.54	2.19	NaN	
883	B	39	3	112	NaN	364.49	6044.5	294.1	0.311	7.99	8.09	2.69	2.34	NaN	
883	B	39	4	67	NaN	365.68	6060.7	293.5	0.323	8.36	8.45	3.05	2.69	NaN	
883	B	39	5	17	NaN	366.54	6072.7	294.85	0.268	6.72	6.79	1.39	1.03	NaN	
883	B	35	5	117	NaN	367.68	6088.4	294.05	0.333	8.65	8.76	3.36	3.00	NaN	
883	B	35	5	117	NaN	367.68	6088.4	294.05	0.333	8.60	8.70	3.30	2.94	NaN	
883	B	39	6	72	NaN	368.59	6101.1	296.05	0.342	8.91	9.03	3.63	3.27	NaN	
883	B	39	6	72	NaN	368.59	6101.1	296.05	0.342	9.00	9.12	3.72	3.36	NaN	
883	B	39	7	7	NaN	369.58	6114.8	300.2	0.322	8.32	8.42	3.02	2.66	NaN	
883	B	40	1	7	NaN	370.27	6124.4	300.35	0.290	7.37	7.45	2.05	1.69	NaN	
883	B	40	1	7	NaN	370.27	6124.4	300.35	0.290	7.26	7.33	1.93	1.57	NaN	
883	B	40	1	117	NaN	371.37	6139.6	297.9	0.290	7.39	7.45	2.05	1.69	NaN	
883	B	40	3	7	NaN	373.28	6165.6	301.7	0.297	7.58	7.67	2.27	1.91	NaN	
883	B	40	3	112	NaN	374.32	6179.7	303.7	0.348	9.08	9.21	3.81	3.45	NaN	
883	B	40	4	67	NaN	375.38	6193.9	305.15	0.321	8.30	8.39	2.99	2.62	NaN	
883	B	40	5	17	NaN	376.37	6206.9	302.25	0.364	9.55	9.70	4.30	3.93	NaN	
883	B	40	5	117	NaN	377.38	6220.3	303	0.243	6.01	6.03	0.63	0.26	NaN	
883	B	40	6	72	NaN	378.42	6234.1	303	0.354	9.25	9.39	3.99	3.62	NaN	
883	B	40	7	67	NaN	379.88	6253.1	307.3	0.290	7.37	7.45	2.05	1.68	NaN	
883	B	41	1	7	NaN	380.07	6255.4	306.55	0.302	7.73	7.82	2.42	2.05	NaN	
883	B	41	1	117	NaN	381.18	6270.8	307.05	0.336	8.73	8.85	3.45	3.08	NaN	
883	B	41	1	117	NaN	381.18	6270.8	307.05	0.336	8.73	8.85	3.45	3.08	NaN	
883	B	41	2	57	NaN	382	6281.8	307.2	0.307	7.89	7.97	2.57	2.20	NaN	
883	B	41	3	7	NaN	383.08	6296.4	307.95	0.327	8.47	8.58	3.18	2.81	NaN	
883	B	41	3	112	NaN	384.05	6309.6	310.35	0.283	8.10	8.21	2.81	2.43	NaN	
883	B	41	3	112	NaN	384.05	6309.6	310.35	0.283	7.17	7.24	1.84	1.46	NaN	
883	B	41	4	67	NaN	385.18	6324.9	315	0.306	7.85	7.94	2.54	2.16	NaN	
883	B	41	4	67	NaN	385.18	6324.9	315	0.306	7.85	7.94	2.54	2.16	NaN	
883	B	41	5	17	NaN	386.1	6337	312.25	0.273	6.88	6.94	1.54	1.16	NaN	
883	B	41	5	127	NaN	387.28	6353.2	311.95	0.303	7.77	7.85	2.45	2.07	NaN	
883	B	41	6	72	NaN	388.15	6365.1	313.2	0.333	8.66	8.76	3.36	2.98	NaN	
883	B	42	1	17	NaN	389.87	6387.9	317.45	0.318	8.21	8.30	2.90	2.52	NaN	
883	B	42	1	127	NaN	390.98	6403.1	313.65	0.307	7.89	7.97	2.57	2.19	NaN	
883	B	42	2	57	NaN	391.77	6413.7	310.7	0.322	8.34	8.42	3.02	2.64	NaN	
883	B	42	2	57	NaN	391.77	6413.7	310.7	0.322	8.39	8.48	3.08	2.70	NaN	
883	B	42	3	7	NaN	392.78	6427.8	310.05	0.345	9.01	9.12	3.72	3.34	NaN	
883	B	42	3	7	NaN	392.78	6427.8	310.05	0.345	8.98	9.09	3.69	3.31	NaN	
883	B	42	3	112	NaN	393.82	6442.1	311.9	0.312	8.02	8.12	2.72	2.33	NaN	
883	B	42	3	117	NaN	393.88	6442.8	311.8	0.314	8.09	8.18	2.78	2.39	NaN	
883	B	42	4	67	NaN	394.83	6455.7	314.25	0.310	7.96	8.06	2.66	2.27	NaN	
883	B	42	5	17	NaN	395.87	6469.7	312.25	0.292	7.44	7.52	2.12	1.73	NaN	
883	B	42	5	127	NaN	396.98	6484.7	311.1	0.339	8.82	8.94	3.54	3.15	NaN	
883	B	42	6	72	NaN	397.92	6497.3	311.2	0.348	9.08	9.21	3.81	3.42	NaN	
883	B	42	7	17	NaN	398.875	6510.1	314.15	0.363	9.54	9.67	4.27	3.88	NaN	
883	B	43	1	117	NaN	400.68	6533.7	315.7	0.345	8.99	9.12	3.72	3.33	NaN	
883	B	43	2	57	NaN	401.57	6545	315.8	0.334	8.67	8.79	3.39	3.00	NaN	
884	B	38	4	10	12	338.91	6545.6	126.95	0.321	8.28	8.38	2.98	2.59	NaN	
883	B	43	3	7	NaN	402.575	6557.6	315.05	0.341	8.88	9.00	3.60	3.20	NaN	
884	B	38	4	110	NaN	339.91	6565.4	122.15	0.368	9.67	9.81	4.41	4.01	NaN	
884	B	38	5	50	NaN	340.81	6565.4	122.15	0.373	9.83	9.98	4.58	4.18	NaN	
883	B	43	3	112	NaN	403.62	6570.7	316.55	0.364	9.55	9.70	4.30	3.90	NaN	
883	B	43	4	67	NaN	404.68	6584.2	316.75	0.355	9.31	9.42	4.02	3.62	NaN	
884	B	38	5	50	NaN	340.81	6588.5	121.25	0.373	9.92	10.07	4.67	4.27	NaN	
883	B	43	5	7	NaN	405.57	6595.5	315.4	0.350	9.15	9.27	3.87	3.47	NaN	
883	B	43	5	117	NaN	406.68	6609.4	313.55	0.345	8.99	9.12	3.72	3.32	NaN	
884	B	38	6	5	NaN	341.86	6619.4	129.35	0.316	8.13	8.23	2.83	2.43	NaN	
883	B	43	6	72	NaN	407.72	6622.8	311.7	0.381	10.05	10.21	4.81	4.41	NaN	
884	B	38	6	145	NaN	343.26	6634.7	135.55	0.311	8.01	8.10	2.70	2.30	NaN	
883	B	43	7	55	NaN	409.06	6639.8	311.75	0.299	7.66	7.73	2.33	1.93	NaN	
883	B	44	1	7	NaN	409.37	6643.6	313.9	0.348	9.07	9.21	3.81	3.41	NaN	
884	B	39	1	5	NaN	343.96	6656	150.05	0.298	7.62	7.70	2.30	1.90	NaN	
884	B	39	1	105	NaN	344.96	6656	150.05	0.315	8.12	8.22	2.82	2.42	NaN	
883	B	44	1	117	NaN	410.48	6658.5	310.7	0.362	9.51	9.64	4.24	3.84	NaN	
883	B	44	2	57	NaN	411.37	6671	308.9	0.333	8.65	8.76	3.36	2.96	NaN	
884	B	39	1	105	NaN	344.96	6677.1	124.4	0.315	7.96	8.05	2.65	2.24	NaN	
883	B	44	3	7	NaN	412.38	6685.1	307.45	0.322	8.32	8.42	3.02	2.61	NaN	
884	B	39	2	55	NaN	345.96	6698.3	99.45	0.355	9.30	9.43	4.03	3.62	NaN	
883	B	44	3	112	NaN	413.42	6699.6	307.05	0.328	8.51	8.61	3.21	2.80	NaN	
883	B	44	3	112	NaN	413.42	6699.6	307.05	0.328	8.20	8.30	2.90	2.49	NaN	
883	B	44	3	112	NaN	413.42	6699.6	307.05	0.328	8.76	8.88	3.48	3.07	NaN	
883	B	44	4	67	NaN	414.48	6714.4	308.4	0.338	8.80	8.91	3.51	3.10	NaN	
884	B	39	3	5	NaN	346.96	6719.6	80	0.309	7.94	8.02	2.62	2.21	NaN	
883	B	44	5	17	NaN	415.47	6728.4	309.75	0.365	9.58	9.73	4.33	3.92	NaN	
884	B	39	3	105	NaN	347.96	6741.1	69.25	0.367	9.65	9.79	4.39	3.98	NaN	
883	B	44	5	117	NaN	416.48	6742.8	306.15	0.414	11.02	11.21	5.81	5.40	NaN	
883	B	44	6	72	NaN	417.52	6757.6	304.15	0.326	8.43	8.55	3.15	2.74	NaN	
884	B	39	4	55	NaN	348.96	6762.5	68.2	0.323	8.36	8.46	3.06	2.65	NaN	
884	B	39	5	5	NaN	349.96	6762.5	68.2	0.344	8.96	9.08	3.68	3.27	NaN	
884	B	39	5	5	NaN	349.96	6775	60.4	0.344	8.85	8.96	3.56	3.15	NaN	
883	B	45	1	7	NaN	419.27	6782.8	303.05	0.347	9.07	9.18	3.78	3.37	NaN	
883	B	45	1	117	NaN	420.38	6798.2	302.05	0.330	8.55	8.67	3.27	2.85	NaN	
884	B	39	5	55	NaN	350.46	6800.6	58.45	0.358	9.38	9.51	4.11	3.69	NaN	
884	B	39	6	5	NaN	351.46	6800.6	58.45	0.316	8.16	8.26	2.86	2.44	NaN	
883	B	45	2	57	NaN	421.27	6810.1	299.75	0.332	8.62	8.73	3.33	2.91	NaN	
883	B	45	2	57	NaN	421.27	6810.1	299.75	0.332	8.54	8.64	3.24	2.82	NaN	
883	B	45	3	7	NaN	422.28	6823.5	297.1	0.344	8.98	9.09	3.69	3.27	NaN	
884	B	39	6	5	NaN	351.46	6826.3	71	0.316	8.59	8.69	3.29	2.87	NaN	
883	B	45	3	112	NaN	423.32	6837.9	295.85	0.345	8.99	9.12	3.72	3.30	NaN	
884	B	39	6	105	NaN	352.46	6838.9	82.8	0.330	8.55	8.65	3.25	2.83	NaN	
884	B	39	7	5	NaN	352.96	6838.9	82.8	0.310	7.97	8.06	2.66	2.24	NaN	
883	B	45	4	67	NaN	424.38	6852.9	297.45	0.364	9.57	9.70	4.30	3.88	NaN	
883	B	45	5	17	NaN	425.37	6869.3	295	0.386	10.20	10.36	4.96	4.54	NaN	
884	B	39	7	5	NaN	352.96	6881.8	130.65	0.310	7.77	7.85	2.45	2.03	NaN	
884	B	40	1	105	NaN	354.66	6881.8	130.65	0.369	9.71	9.85	4.45	4.03	NaN	
883	B	45	5	117	NaN	426.38	6890.7	292.55	0.356	9.33	9.45	4.05	3.63	NaN	
883	B	45	6	7	NaN	426.78	6899.3	292.35	0.361	9.46	9.61	4.21	3.79	NaN	
883	B	45	6	7	NaN	426.78	6899.3	292.35	0.361	9.46	9.61	4.21	3.79	NaN	
884	B	40	1	105	NaN	354.66	6906.6	135.25	0.369	9.44	9.57	4.17	3.75	NaN	
883	B	45	6	72	NaN	427.42	6913.1	292.55	0.327	8.46	8.58	3.18	2.76	NaN	
883	B	45	6	117	NaN	427.88	6922.9	292.35	0.359	9.42	9.55	4.15	3.72	NaN	
884	B	40	2	55	NaN	355.66	6931.3	126.4	0.315	8.13	8.22	2.82	2.39	NaN	
884	B	40	3	5	NaN	356.66	6931.3	126.4	0.326	8.45	8.55	3.15	2.72	NaN	
883	B	45	7	55	NaN	428.76	6942.1	294.15	0.339	8.82	8.94	3.54	3.11	NaN	
884	B	40	3	5	NaN	356.66	6956.2	124.95	0.326	8.64	8.75	3.35	2.92	NaN	
884	B	40	3	105	NaN	357.66	6981	129.9	0.361	9.47	9.60	4.20	3.77	NaN	
884	B	40	4	55	NaN	358.66	6981	129.9	0.344	8.98	9.10	3.70	3.27	NaN	
884	B	40	4	55	NaN	358.66	6981	129.9	0.344	9.13	9.26	3.86	3.43	NaN	
884	B	40	4	55	NaN	358.66	7005.6	140.2	0.344	9.06	9.18	3.78	3.35	NaN	
884	B	40	5	5	NaN	359.66	7005.6	140.2	0.330	8.56	8.67	3.27	2.84	NaN	
884	B	40	5	5	NaN	359.66	7025.5	135.35	0.330	8.56	8.67	3.27	2.84	NaN	
884	B	40	5	105	NaN	360.66	7025.5	135.35	0.356	9.32	9.45	4.05	3.62	NaN	
884	B	40	5	105	NaN	360.66	7034.4	129.9	0.356	9.39	9.52	4.12	3.69	NaN	
884	B	40	6	5	NaN	361.16	7034.4	129.9	0.364	9.57	9.71	4.31	3.88	NaN	
884	B	40	6	5	NaN	361.16	7068.7	118.1	0.364	9.68	9.82	4.42	3.98	NaN	
884	B	40	7	50	NaN	363.11	7068.7	118.1	0.365	9.59	9.73	4.33	3.89	NaN	
884	B	40	7	50	NaN	363.11	7069.6	118	0.365	9.92	10.07	4.67	4.23	NaN	
884	B	41	1	5	NaN	363.16	7069.6	118	0.387	10.24	10.39	4.99	4.55	NaN	
884	B	41	1	5	NaN	363.16	7086.9	118.6	0.387	10.34	10.50	5.10	4.66	NaN	
884	B	41	1	105	NaN	364.16	7106.1	119.85	0.421	11.23	11.42	6.02	5.58	NaN	
884	B	41	2	55	NaN	365.16	7132.8	99.05	0.455	12.23	12.45	7.05	6.61	NaN	
884	B	41	3	5	NaN	366.16	7132.8	99.05	0.420	11.22	11.41	6.01	5.57	NaN	
884	B	41	3	5	NaN	366.16	7159.6	81.05	0.420	11.24	11.43	6.03	5.58	NaN	
884	B	41	3	105	NaN	367.16	7186.4	72.95	0.427	11.42	11.62	6.22	5.77	NaN	
884	B	41	4	55	NaN	368.16	7213.2	71.55	0.365	9.58	9.72	4.32	3.87	NaN	
884	B	41	5	5	NaN	369.16	7213.2	71.55	0.403	10.72	10.89	5.49	5.04	NaN	
884	B	41	5	5	NaN	369.16	7241.7	76.45	0.403	10.60	10.77	5.37	4.92	NaN	
884	B	41	5	105	NaN	370.16	7278.1	57.35	0.399	10.58	10.75	5.35	4.89	NaN	
884	B	41	6	55	NaN	371.16	7328.8	54.05	0.537	14.65	14.94	9.54	9.08	NaN	
884	B	41	7	45	NaN	372.56	7336	55.75	0.385	10.18	10.34	4.94	4.48	NaN	
884	B	42	1	5	NaN	372.76	7372.3	73.25	0.449	12.06	12.27	6.87	6.41	NaN	
884	B	42	1	105	NaN	373.76	7408.3	98.75	0.401	10.64	10.81	5.41	4.94	NaN	
883	B	48	1	17	NaN	448.87	7434.3	149.65	0.462	12.45	12.67	7.27	6.80	NaN	
883	B	48	1	17	NaN	448.87	7434.3	149.65	0.462	12.74	12.97	7.57	7.10	NaN	
884	B	42	2	55	NaN	374.76	7447.1	84.55	0.455	12.23	12.45	7.05	6.58	NaN	
883	B	48	1	117	NaN	449.88	7472.7	143.4	0.425	11.37	11.55	6.15	5.68	NaN	
884	B	42	3	5	NaN	375.76	7486.5	61.95	0.432	11.56	11.76	6.36	5.89	NaN	
883	B	48	2	57	NaN	450.77	7500.2	121.8	0.469	12.66	12.88	7.48	7.01	NaN	
883	B	48	2	57	NaN	450.77	7500.2	121.8	0.469	12.72	12.97	7.57	7.10	NaN	
884	B	42	3	105	NaN	376.76	7526	50.5	0.461	12.42	12.64	7.24	6.76	NaN	
883	B	48	3	7	NaN	451.78	7530.5	96.1	0.386	10.21	10.36	4.96	4.48	NaN	
883	B	48	3	112	NaN	452.82	7561.6	77.1	0.399	10.59	10.76	5.36	4.88	NaN	
884	B	42	4	55	NaN	377.76	7565.6	56.8	0.467	12.60	12.83	7.43	6.95	NaN	
883	B	48	4	67	NaN	453.88	7593.9	70.4	0.419	11.17	11.36	5.96	5.48	NaN	
884	B	42	5	5	NaN	378.76	7605.1	74.65	0.536	14.62	14.92	9.52	9.04	NaN	
883	B	48	5	17	NaN	454.87	7623.7	80.35	0.408	10.85	11.03	5.63	5.14	NaN	
883	B	48	5	117	NaN	455.88	7644.4	71.6	0.349	9.11	9.24	3.84	3.35	NaN	
883	B	48	5	117	NaN	455.88	7644.4	71.6	0.349	9.24	9.36	3.96	3.47	NaN	
883	B	48	6	72	NaN	456.92	7664.4	64.5	0.476	12.86	13.09	7.69	7.20	NaN	
883	B	48	6	72	NaN	456.92	7664.4	64.5	0.476	12.75	12.97	7.57	7.08	NaN	
883	B	48	7	17	NaN	457.88	7683.1	63.95	0.507	13.76	14.03	8.63	8.14	NaN	
883	B	49	1	17	NaN	458.37	7692.6	65.6	0.440	11.80	12.00	6.60	6.11	NaN	
883	B	49	1	17	NaN	458.37	7692.6	65.6	0.440	11.61	11.82	6.42	5.93	NaN	
883	B	49	1	117	NaN	459.375	7711.8	74	0.472	12.74	12.97	7.57	7.08	NaN	
883	B	49	2	57	NaN	460.27	7729.1	81.05	0.493	13.35	13.61	8.21	7.72	NaN	
883	B	49	3	7	NaN	461.28	7748.9	84.6	0.475	12.81	13.06	7.66	7.16	NaN	
883	B	49	3	112	NaN	462.32	7769.4	94.95	0.444	11.91	12.12	6.72	6.22	NaN	
883	B	49	4	67	NaN	463.38	7790.3	110.5	0.720	20.02	20.48	15.08	14.58	NaN	
883	B	49	5	17	NaN	464.37	7809.8	127.75	0.537	14.65	14.94	9.54	9.04	NaN	
883	B	49	5	17	NaN	464.37	7809.8	127.75	0.537	14.58	14.88	9.48	8.98	NaN	
883	B	49	5	17	NaN	464.37	7809.8	127.75	0.537	13.66	13.94	8.54	8.04	NaN	
883	B	49	5	117	NaN	465.375	7829.6	136.9	0.532	14.51	14.79	9.39	8.89	NaN	
883	B	49	6	72	NaN	466.425	7850.6	134.05	0.440	13.78	14.03	8.63	8.13	NaN	
883	B	49	6	72	NaN	466.425	7850.6	134.05	0.440	11.80	12.00	6.60	6.10	NaN	
884	B	42	5	105	NaN	379.76	7863.2	144.45	0.503	13.66	13.92	8.52	8.01	NaN	
883	B	49	9	22	NaN	467.43	7870.7	134.95	0.478	12.92	13.15	7.75	7.24	NaN	
883	B	49	7	62	NaN	467.82	7878.5	137.1	0.546	14.91	15.21	9.81	9.30	NaN	
883	B	49	7	62	NaN	467.82	7878.5	137.1	0.546	15.17	15.48	10.08	9.57	NaN	
883	B	49	7	62	NaN	467.82	7878.5	137.1	0.546	14.45	14.73	9.33	8.82	NaN	
883	B	50	1	7	NaN	468.17	7885.6	139.25	0.438	11.75	11.94	6.54	6.03	NaN	
883	B	50	1	17	NaN	469.28	7907.7	147.4	0.352	9.22	9.33	3.93	3.42	NaN	
883	B	50	1	17	NaN	469.28	7907.7	147.4	0.352	9.10	9.21	3.81	3.30	NaN	
883	B	50	2	57	NaN	470.17	7925.7	152.5	0.389	10.29	10.45	5.05	4.54	NaN	
883	B	50	4	57	NaN	471.28	7950.2	136.75	0.409	10.89	11.06	5.66	5.15	NaN	
883	B	50	3	112	NaN	472.22	7971.1	128.6	0.474	12.80	13.03	7.63	7.11	NaN	
883	B	50	3	112	NaN	472.22	7971.1	128.6	0.474	12.73	12.97	7.57	7.05	NaN	
883	B	50	5	117	NaN	473.18	7992.4	123.95	0.445	11.95	12.15	6.75	6.23	NaN	
883	B	50	5	17	NaN	474.27	8016.3	125.15	0.454	12.21	12.42	7.02	6.50	NaN	
883	B	50	7	25	NaN	475.28	8041.1	121.6	0.437	11.71	11.91	6.51	5.99	NaN	
883	B	50	7	25	NaN	475.28	8041.1	121.6	0.437	11.71	11.91	6.51	5.99	NaN	
883	B	50	1	117	NaN	477.33	8106.8	88.3	0.409	10.87	11.06	5.66	5.13	NaN	
883	B	51	1	7	NaN	477.97	8127.4	86.3	0.403	10.71	10.88	5.48	4.95	NaN	
883	B	51	1	117	NaN	479.08	8163.1	92.8	0.414	11.04	11.21	5.81	5.28	NaN	
883	B	51	2	57	NaN	479.92	8189.8	106.95	0.440	11.80	12.00	6.60	6.07	NaN	
883	B	51	2	57	NaN	479.92	8189.8	106.95	0.440	11.97	12.18	6.78	6.25	NaN	
883	B	51	3	7	NaN	480.98	8214.4	90.2	0.416	11.10	11.27	5.87	5.33	NaN	
883	B	51	3	112	NaN	481.94	8235.8	75.65	0.538	14.68	14.97	9.57	9.03	NaN	
883	B	51	4	57	NaN	482.98	8259.2	65.55	0.475	12.83	13.06	7.66	7.12	NaN	
883	B	51	5	17	NaN	483.99	8282.2	66.2	0.392	10.39	10.55	5.15	4.61	NaN	
883	B	51	5	117	NaN	485.08	8306.6	75.2	0.471	12.70	12.94	7.54	7.00	NaN	
883	B	51	6	72	NaN	486.04	8327.3	77.45	0.358	9.39	9.52	4.12	3.57	NaN	
883	B	51	6	72	NaN	486.04	8327.3	77.45	0.358	9.52	9.67	4.27	3.72	NaN	
883	B	51	7	22	NaN	487.13	8350.6	87.3	0.423	11.30	11.48	6.08	5.53	NaN	
883	B	53	1	52	NaN	498.225	8583.2	114.1	0.449	12.06	12.27	6.87	6.30	NaN	
883	B	53	1	52	NaN	498.225	8583.2	114.1	0.449	12.06	12.27	6.87	6.30	NaN	
883	B	53	1	54	NaN	498.245	8583.6	114.25	0.405	10.76	10.94	5.54	4.97	NaN	
883	B	53	2	57	NaN	499.77	8616.6	117.9	0.436	11.67	11.88	6.48	5.91	NaN	
883	B	53	2	57	NaN	499.77	8616.6	117.9	0.436	12.12	12.33	6.93	6.36	NaN	
883	B	53	3	112	NaN	501.82	8659	95.8	0.370	9.73	9.88	4.48	3.90	NaN	
883	B	53	4	57	NaN	502.78	8679.1	92.75	0.475	12.83	13.06	7.66	7.08	NaN	
883	B	53	5	17	NaN	503.87	8702.2	98.75	0.509	13.82	14.09	8.69	8.11	NaN	
883	B	53	5	17	NaN	503.87	8702.2	98.75	0.509	13.79	14.06	8.66	8.08	NaN	
883	B	53	5	117	NaN	504.88	8723.3	110.7	0.552	15.10	15.39	9.99	9.41	NaN	
883	B	53	5	117	NaN	504.88	8723.3	110.7	0.552	15.03	15.33	9.93	9.35	NaN	
883	B	53	5	117	NaN	504.88	8723.3	110.7	0.552	12.06	12.27	6.87	6.29	NaN	
883	B	53	6	72	NaN	505.92	8742.6	106.95	0.449	12.07	12.27	6.87	6.29	NaN	
883	B	53	7	22	NaN	506.93	8761.2	105.95	0.476	12.86	13.09	7.69	7.11	NaN	
883	B	53	7	22	NaN	506.93	8761.2	105.95	0.476	12.86	13.09	7.69	7.11	NaN	
883	B	54	1	7	NaN	507.67	8774.9	107.4	0.448	12.04	12.24	6.84	6.25	NaN	
883	B	54	1	117	NaN	508.78	8795.1	117.55	0.568	15.57	15.88	10.48	9.89	NaN	
883	B	54	2	57	NaN	509.67	8811.3	128.15	0.472	12.75	12.97	7.57	6.98	NaN	
883	B	54	3	17	NaN	510.78	8832.1	126.9	0.469	12.64	12.88	7.48	6.89	NaN	
883	B	54	3	112	NaN	511.72	8850	123.65	0.474	12.80	13.03	7.63	7.04	NaN	
883	B	54	3	112	NaN	511.72	8850	123.65	0.474	12.48	12.70	7.30	6.71	NaN	
883	B	54	4	57	NaN	512.68	8868.2	124.75	0.409	10.89	11.06	5.66	5.07	NaN	
883	B	54	4	57	NaN	512.68	8868.2	124.75	0.409	11.02	11.21	5.81	5.22	NaN	
883	B	54	4	57	NaN	512.68	8868.2	124.75	0.409	11.02	11.21	5.81	5.22	NaN	
883	B	54	5	17	NaN	513.77	8889.1	132.1	0.467	12.60	12.82	7.42	6.82	NaN	
883	B	54	5	117	NaN	514.78	8908.1	142	0.447	11.99	12.21	6.81	6.21	NaN	
883	B	54	6	72	NaN	515.82	8927.7	137.3	0.480	12.98	13.21	7.81	7.21	NaN	
883	B	54	6	72	NaN	515.82	8927.7	137.3	0.480	13.04	13.27	7.87	7.27	NaN	
883	B	54	6	72	NaN	515.825	8927.8	137.25	0.491	13.29	13.55	8.15	7.55	NaN	
883	B	54	7	22	NaN	516.83	8946.6	131.4	0.385	10.17	10.33	4.93	4.33	NaN	
883	B	54	7	22	NaN	516.83	8946.6	131.4	0.385	10.17	10.33	4.93	4.33	NaN	
883	B	54	1	7	NaN	517.47	8958.6	131.05	0.349	9.12	9.24	3.84	3.24	NaN	
883	B	55	1	117	NaN	518.58	8979.8	134	0.387	10.24	10.39	4.99	4.39	NaN	
883	B	55	2	57	NaN	519.47	8996.8	138.05	0.379	10.00	10.15	4.75	4.14	NaN	
883	B	55	2	57	NaN	519.47	8996.8	138.05	0.379	10.28	10.45	5.05	4.44	NaN	
883	B	55	3	7	NaN	520.48	9016.5	134.95	0.491	13.30	13.55	8.15	7.54	NaN	
883	B	55	3	112	NaN	521.52	9037.8	123.15	0.409	10.87	11.06	5.66	5.05	NaN	
883	B	55	4	57	NaN	522.475	9057.3	115.65	0.447	12.01	12.21	6.81	6.20	NaN	
883	B	55	4	57	NaN	522.475	9057.3	115.65	0.447	12.01	12.21	6.81	6.20	NaN	
883	B	55	5	17	NaN	523.57	9079.3	114.85	0.337	8.78	8.88	3.48	2.87	NaN	
883	B	55	5	117	NaN	524.58	9099.6	119.95	0.404	10.74	10.91	5.51	4.90	NaN	
883	B	55	6	72	NaN	525.62	9130.9	115.95	0.474	12.80	13.03	7.63	7.01	NaN	
883	B	55	6	72	NaN	525.625	9131.1	115.8	0.517	14.07	14.33	8.93	8.31	NaN	
883	B	55	7	22	NaN	526.63	9168.2	120.2	0.385	10.19	10.33	4.93	4.31	NaN	
883	B	57	5	17	NaN	543.27	9848.7	378.65	0.474	12.79	13.03	7.63	6.95	NaN	
883	B	57	6	72	NaN	545.32	9930.6	401.35	0.512	13.91	14.18	8.78	8.09	NaN	
883	B	59	3	112	NaN	561.12	11345.5	610.95	0.595	16.36	16.70	11.30	10.49	NaN	
