# Iberian Margin 420KYr Geochemical and Color Variations Data
#-----------------------------------------------------------------------
#                World Data Center for Paleoclimatology, Boulder
#                                  and
#                     NOAA Paleoclimatology Program
#-----------------------------------------------------------------------
# NOTE: Please cite Publication, and Online_Resource and date accessed when using these data.
# If there is no publication information, please cite Investigators, Title, and Online_Resource and date accessed.
#
#
# Online_Resource: https://www.ncdc.noaa.gov/paleo/study/15776
#
# Online_Resource: http://www1.ncdc.noaa.gov/pub/data/paleo/contributions_by_author/hodell2013/hodell2013biomarker.txt
#
# Description/Documentation lines begin with #
# Data lines have no #
#
# Archive: Paleoceanography
#--------------------
# Contribution_Date
#	Date: 2013-12-18
#--------------------
# Title
#	Study_Name: Iberian Margin 420KYr Geochemical and Color Variations Data
#--------------------
# Investigators
#       Investigators: Hodell, D.; Crowhurst, S.; Skinner, L.; Tzedakis, P.C.; Margari, V.; Channell, J.E.T.; Kamenov, G.; Maclachlan, S.; Rothwell, G.
#--------------------
# Description_and_Notes
#	Description: Sediment geochemical data and color variations from 2 marine sediment cores collected along the southwestern Iberian Margin.
#       Core MD01-2443: 37.8815N, 10.1762W, 2952m water depth.  Core MD01-2444: 37.5647N, 10.139W, 2656m water depth.
#       This file contains Biomarker results of Martrat et al. [2007] on the Greenland synthetic timescale.
#       Source: Martrat et al. [2007]
#
#--------------------
# Publication
#       Authors: David Hodell, Simon Crowhurst, Luke Skinner, Polychronis C. Tzedakis, Vasiliki Margari, James E.T. Channell, George Kamenov, Suzanne Maclachlan, Guy Rothwell
#       Published_Date_or_Year: 2013-03-27
#       Published_Title: Response of Iberian Margin sediments to orbital and suborbital forcing over the past 420 ka
#       Journal_Name: Paleoceanography
#       Volume: 28
#       Edition:
#       Issue: 1
#       Pages: 185-199
#       DOI: 10.1002/palo.20017
#       Online_Resource: http://onlinelibrary.wiley.com/doi/10.1002/palo.20017/abstract
#       Full_Citation:
#       Abstract: Here we report 420 kyr long records of sediment geochemical and color variations from the southwestern Iberian Margin. We synchronized the Iberian Margin sediment record to Antarctic ice cores and speleothem records on millennial time scales and investigated the phase responses relative to orbital forcing of multiple proxy records available from these cores. Iberian Margin sediments contain strong precession power. Sediment "redness" (a* and 570-560 nm) and the ratio of long-chain alcohols to n-alkanes (C26OH/(C26OH + C29)) are highly coherent and in-phase with precession. Redder layers and more oxidizing conditions (low alcohol ratio) occur near precession minima (summer insolation maxima). We suggest these proxies respond rapidly to low-latitude insolation forcing by wind-driven processes (e.g., dust transport, upwelling, precipitation). Most Iberian Margin sediment parameters lag obliquity maxima by 7-8 ka, indicating a consistent linear response to insolation forcing at obliquity frequencies driven mainly by high-latitude processes. Although the lengths of the time series are short (420 ka) for detecting 100 kyr eccentricity cycles, the phase relationships support those obtained by Shackleton [2000]. Antarctic temperature and the Iberian Margin alcohol ratios (C26OH/(C26OH + C29)) lead eccentricity maxima by 6 kyr, with lower ratios (increased oxygenation) occurring at eccentricity maxima. CO2, CH4, and Iberian SST are nearly in phase with eccentricity, and minimum ice volume (as inferred from Pacific d18Oseawater) lags eccentricity maxima by 10 kyr. The phase relationships derived in this study continue to support a potential role of the Earth's carbon cycle in contributing to the 100 kyr cycle.
#------------------
# Funding_Agency
#       Funding_Agency_Name: UK Natural Environmental Research Council
#       Grant:
#------------------
# Funding_Agency
#       Funding_Agency_Name: US National Science Foundation
#       Grant: OCE-1014506
#------------------
# Site_Information
#       Site_Name: MD01-2443
#       Location: Ocean>Atlantic Ocean>North Atlantic Ocean
#	Country:
#	Northernmost_Latitude: 37.8815
# 	Southernmost_Latitude: 37.8815
# 	Easternmost_Longitude: -10.1762
# 	Westernmost_Longitude: -10.1762
# 	Elevation: -2952 m
#------------------
# Data_Collection
#	Collection_Name: Hodell2013biomarker
#	Earliest_Year: 423960
#	Most_Recent_Year: 50
#	Time_Unit: CalYearBP
#	Core_Length: m
#	Notes: Cores are archived at: British Ocean Sediment Core Research Facility, Southampton, UK
#------------------
# Chronology:
#
# A composite section was created by splicing Cores MD01-2444 and MD01-2443 together at ~194 ka.
# The splice tie point corresponds to a depth of 27.42 mbsf in MD01-2444 and 16.74 mbsf in Core MD01-2443.
# The age model is a modified version of the one derived by Barker et al. [2011] based on correlation
# of millennial variability in MD01-2444 and MD01-2443 records to a synthetic Greenland temperature
# record produced using the EPICA Dome C (EDC) ice core and placed on the absolute speleothem timescale
# (GLt_syn age).
#
#
# Composite depth (cm)	GLt_syn age
# 0	0
# 221	11.04
# 274	14.49
# 347	17.12
# 699	23.71
# 760	27.25
# 790	28.77
# 857	32.91
# 1016	39.71
# 1070	42.04
# 1185	47.51
# 1209	49.03
# 1320	53.89
# 1431	59.57
# 1441	61.4
# 1459	63.89
# 1489	66.75
# 1582	75.1
# 1604	77.05
# 1689	83.86
# 1720	87.27
# 1894	103.38
# 1918	106.04
# 1951	109.67
# 1970	111.36
# 2144	129.71
# 2201	135.98
# 2315	147.44
# 2330	148.25
# 2342	149.18
# 2363	150.8
# 2388	153.81
# 2423	157.63
# 2448	160.64
# 2473	163.42
# 2536	169.55
# 2572	173.37
# 2608	179.51
# 2699	189.12
# 2728	192.36
# 2745	193.86
# 2772	199.22
# 2885	216.89
# 2907	225.17
# 2986	243.56
# 3073	259.97
# 3100	264.7
# 3255	291.66
# 3277	294.96
# 3299	298.27
# 3337	305.65
# 3354	308.32
# 3410	318.04
# 3527	336.24
# 3559	342.43
# 3588	350.97
# 3613	366.6
# 3621	369.06
# 3650	377.74
# 3655	379.77
# 3678	383.1
# 3715	387.73
# 3736	391.49
# 3775	396.12
# 3795	399.31
# 3799	400
#
#
#
#----------------
# Variables
#
# Data variables follow (have no #)
# Data line variables format:  Variables list, one per line, shortname-tab-longname-tab-longname components (9 components: what, material, error, units, seasonality, archive, detail, method, C or N for Character or Numeric data)
# Biomarker results of Martrat et al. [2007] on the Greenland synthetic timescale.
# Source: Martrat et al. [2007]
## depth_m	depth, , , m, , , MBSF, ,N
## age_calkaBP	age, , , calendar kyears before present, , , GLt_syn age, ,N
## sst-uk37	Sea Surface Temperature, , , deg C, , , Martrat et al. 2007 MD012444, from Uk'37,N
## 37:4conc	37:4 alkenone concentration, , , percent, , , Martrat et al. 2007 MD012444, ,N
## c26oh/c26oh+c29	C26OH/C26OH+C29, , , percent, , , Martrat et al. 2007 MD012444, ,N
#----------------
# Data:
# Data lines follow (have no #)
# Data line format - tab-delimited text, variable short name as header
# Missing Values:
depth_m	age_calkaBP	sst-uk37	37:4conc	c26oh/c26oh+c29
0.01	0.049964	17.49	0.11	67.5
0.03	0.14989	17.07	0.44	60.89
0.09	0.44967	17.58	0.25	61.53
0.12	0.59957	17.13	0.27	63.5
0.15	0.74946	17.47	0.16	64.87
0.18	0.89935	17.55	0.21	64.06
0.21	1.0492	17.46	0.37	63.81
0.24	1.1991	17.38	0.25	61.54
0.27	1.349	17.48	0.26	61.34
0.3	1.4989	17.6	0.16	61.21
0.33	1.6488	17.56	0.16	62.28
0.36	1.7987	17.52	0.07	63.74
0.39	1.9486	17.24	0.23	64.57
0.42	2.0985	17.43	0.29	66.82
0.45	2.2484	17.79	0.21	63.25
0.48	2.3983	17.75	0.16	67.24
0.51	2.5482	17.55	2.62	72.24
0.54	2.698	17.7	0.23	60.75
0.57	2.8479	17.49	0.23	67.72
0.6	2.9978	17.81	0.17	62.56
0.63	3.1477	17.73	0.23	60.18
0.66	3.2976	17.7	0.15	63.74
0.69	3.4475	17.75	0.2	60.69
0.72	3.5974	17.67	0.18	61.55
0.75	3.7473	17.87	0.21	60.32
0.78	3.8972	17.72	0.11	61.76
0.81	4.0471	17.61	0.14	61.82
0.84	4.197	17.89	0.22	60.06
0.87	4.3469	17.78	0.21	67.01
0.9	4.4967	17.55	0.25	64.8
0.93	4.6466	17.94	0.08	64.41
0.99	4.9464	18	0.13	66.88
1.02	5.0963	17.8	0.19	67.66
1.05	5.2462	17.89	0.03	62.61
1.08	5.3961	18.06	0.11	59.67
1.11	5.546	18.02	0.16	65.38
1.14	5.6959	18.36	0.27	53.95
1.2	5.9957	18.18	0.21	64.86
1.23	6.1455	18.1	0.15	63.94
1.26	6.2954	18.07	0.07	60.8
1.29	6.4453	18.14	0.08	60.18
1.32	6.5952	18.17	0.04	64.54
1.38	6.895	18.48	0.09	62.18
1.41	7.0449	18.61	0.18	61.71
1.44	7.1948	18.48	0.03	64.02
1.47	7.3447	18.54	0.4	66.13
1.5	7.4946	18.17	0.4	53.17
1.53	7.6445	18.4	0.03	57.68
1.56	7.7944	18.21	0.01	62.31
1.59	7.9442	18.05	0.47	68.06
1.65	8.244	18.38	0.05	56.83
1.68	8.3939	18.19	0.05	59.13
1.71	8.5438	17.77	0.26	63.16
1.74	8.6937	18.07	0.12	62.94
1.8	8.9935	17.85	0.1	60.72
1.83	9.1434	18.27	0.28	61.19
1.89	9.4432	17.98	0.12	57.64
1.92	9.593	18.13	0.11	63.5
1.95	9.7429	17.85	0.08	55.97
2.04	10.193	18.05	0.07	59.95
2.07	10.343	17.72	0.05	63.4
2.1	10.492	17.77	0.21	61.22
2.13	10.642	17.48	0.19	63.05
2.16	10.792	17.94	0.09	59.18
2.19	10.942	18.06	0.05	58.05
2.22	11.107	17.71	0.02	56.91
2.25	11.302	16.35	0.34	58.17
2.28	11.497	15.66	0.24	60.27
2.31	11.692	15.78	0.26	65.14
2.34	11.887	15.72	0.21	68.24
2.37	12.082	16.2	0.24	54.97
2.4	12.277	15.77	0.05	57.89
2.43	12.472	15.85	0.11	57.24
2.46	12.667	15.89	0.68	71.32
2.49	12.861	15.95	0.13	66.93
2.55	13.251	15.28	0.26	68.34
2.58	13.446	15.16	0.31	70.67
2.61	13.641	14.56	0.42	68.63
2.64	13.836	15.04	0.34	71.56
2.67	14.031	15.4	0.23	63.69
2.7	14.226	14.79	0.64	65.9
2.73	14.421	14.27	1.09	63.52
2.76	14.558	13.42	2.41	64.02
2.79	14.666	12.85	2.68	72.72
2.82	14.775	12.17	3.65	67.2
2.85	14.883	12.31	5.12	71.1
2.88	14.991	12.19	5.43	68.62
2.91	15.099	11.99	9.08	70.92
2.94	15.208	12.16	9.51	73.77
2.97	15.316	11.83	8.6	64.87
3	15.424	11.29	6.02	66.77
3.03	15.532	11.3	6.11	65.38
3.06	15.641	12.16	8.28	66.02
3.09	15.749	12.78	6.56	66.35
3.12	15.857	12.64	11.46	66.47
3.15	15.965	13	7.47	68.94
3.18	16.074	12.99	6.51	69.3
3.21	16.182	12.53	7.48	65.84
3.24	16.29	12.19	7.94	68.97
3.27	16.398	12.33	8.65	72.01
3.3	16.507	12.4	10.63	68.94
3.33	16.615	12.21	7.34	68.9
3.36	16.723	11.96	10.47	72.77
3.39	16.831	11.58	7.17	70.64
3.42	16.94	11.62	7.3	70.98
3.45	17.048	11.51	5.6	73.15
3.48	17.139	12.72	4.04	68.02
3.51	17.195	12.49	3.56	69.73
3.54	17.251	12.64	4.25	70.84
3.57	17.307	13.13	4.03	74.86
3.6	17.363	12.71	2.8	68.79
3.63	17.419	12.92	1.73	69.9
3.66	17.475	13.24	1.79	65.01
3.69	17.532	13.64	2.03	71.4
3.72	17.588	13.53	2.02	69.43
3.75	17.644	13.5	1.91	71.68
3.78	17.7	13.81	1.52	71.8
3.81	17.756	13.53	1.24	71.57
3.84	17.812	13.74	1.79	72.53
3.87	17.868	13.82	1.7	68.91
3.9	17.924	13.73	2.29	73.81
3.93	17.981	13.57	1.69	73.74
3.96	18.037	13.76	1.45	71.89
3.99	18.093	13.97	1.19	65.7
4.02	18.149	14.07	1.08	71.96
4.05	18.205	13.53	1.11	68.39
4.08	18.261	13.82	1.38	72.16
4.11	18.317	13.6	1.02	68.22
4.14	18.373	14.13	1.56	68.49
4.2	18.486	13.99	1.6	70.07
4.23	18.542	13.55	1.26	68.95
4.26	18.598	13.67	1.13	69.28
4.29	18.654	13.67	1.08	69.97
4.32	18.71	14.28	1.18	67.35
4.35	18.766	13.88	1.71	75.54
4.38	18.822	13.99	1.04	67.7
4.41	18.878	14.33	1.07	67.41
4.44	18.935	14	1.21	68.13
4.47	18.991	14.06	1.2	67.69
4.5	19.047	14.11	1.11	66.84
4.53	19.103	14.11	1.15	69.34
4.56	19.159	13.94	1.22	72.85
4.62	19.271	13.76	1.36	70.33
4.65	19.327	14.33	1.11	66.58
4.665	19.356
4.68	19.384	13.96	1.29	64.68
4.71	19.44	13.74	1.62	71.19
4.74	19.496	14.07	1.7	72.06
4.77	19.552	13.7	1.25	68.69
4.8	19.608	13.83	1.17	66.84
4.83	19.664	14.02	1.52	73.15
4.86	19.72	13.87	1.15	68.35
4.89	19.776	13.75	1.15	67.65
4.92	19.833	14.04	1.02	66.19
4.95	19.889	14.01	1.2	68.71
4.98	19.945	13.91	1.05	71.91
5.01	20.001	13.34	1.09	70.11
5.04	20.057	14.08	1.22	71.7
5.07	20.113	13.26	1.18	69.85
5.1	20.169	13.36	1.14	66.51
5.13	20.225	13.85	1.26	73.21
5.16	20.282	13.5	1.38	69.81
5.19	20.338	13.58	1.2	67.62
5.22	20.394	12.77	1.24	68.38
5.25	20.45	13.07	1.22	70.58
5.28	20.506	13.14	1.37	70.92
5.31	20.562	13.08	1.48	76.79
5.34	20.618	13.72	1.06	71.01
5.37	20.674	13.59	1.24	73.48
5.4	20.731	13.3	1.11	72.04
5.43	20.787	13.29	1.56	69.66
5.46	20.843	13.31	1.63	71.38
5.49	20.899	13.58	1.2	73.39
5.52	20.955	13.27	1.33	71.96
5.55	21.011	13.52	1.58	73.99
5.58	21.067	13.63	1.28	71.92
5.61	21.123	12.93	2.1	75.08
5.64	21.18	13.8	1.21	68.74
5.67	21.236	13.52	1.19	70.72
5.7	21.292	12.68	1.59	74.95
5.73	21.348	13.13	1.44	73.94
5.76	21.404	12.53	1.75	71.58
5.79	21.46	12.97	1.42	73.4
5.82	21.516	13.48	1.24	73.48
5.85	21.572	12.03	2.53	73.11
5.88	21.628	12.64	1.83	71.95
5.91	21.685	12.75	2.56	70.03
5.919	21.701
5.94	21.741	12.19	2.69	71.02
5.97	21.797	11.96	3.17	72.9
6	21.853	13.46	1.23	71.4
6.03	21.909	13.7	1.56	75.31
6.06	21.965	13.57	1.24	72.69
6.09	22.021	13.81	1.03	69.95
6.12	22.077	13.3	0.81	71.28
6.15	22.134	13.32	0.76	70.17
6.18	22.19	12.83	1.05	70.16
6.21	22.246	12.8	1.13	67
6.24	22.302	12.47	1.03	69.51
6.27	22.358	12.46	1.92	73.34
6.3	22.414	13.27	0.7	71.71
6.33	22.47	12.83	0.97	71.5
6.36	22.526	12.63	0.94	70.67
6.39	22.583	11.82	1.72	71.08
6.42	22.639	12.16	1.14	70.05
6.45	22.695	12.79	0.82	70.45
6.48	22.751	12.96	0.99	69.63
6.51	22.807	12.23	1.22	70.24
6.54	22.863	12.99	1	70.78
6.57	22.919	13.42	0.71	69.23
6.6	22.975	13.44	0.92	68.13
6.63	23.032	13.61	0.44	67.17
6.66	23.088	13.88	0.92	69.52
6.69	23.144	13.4	0.88	70.23
6.72	23.2	13.31	0.6	68.4
6.75	23.256	13.06	1	70.7
6.78	23.312	13.78	1.14	75.04
6.81	23.368	13.74	0.92	71.78
6.84	23.424	13.42	1.03	72.67
6.87	23.481	13.78	0.73	69.12
6.9	23.537	13.46	0.87	71.55
6.93	23.593	13.74	0.89	67.86
6.96	23.649	13.34	0.82	71.43
6.975	23.677
6.99	23.705	12.62	1.41	66.7
7.02	23.879	13.22	1.09	71.67
7.05	24.054	12.25	1.17	69.51
7.08	24.228	11.88	1.83	70.7
7.11	24.402	11.66	1.75	70.72
7.14	24.577	12.96	1.21	71.78
7.17	24.751	11.99	2.88	67.52
7.2	24.925	12.22	2.29	69.81
7.23	25.1	13.24	1.6	69.93
7.26	25.274	12.95	2.45	68.1
7.29	25.448	13.32	1.3	70.71
7.32	25.623	13.56	1.1	72.18
7.35	25.797	13.28	1.45	72.17
7.38	25.971	13.01	1.41	68.55
7.41	26.146	13.42	1.42	73.52
7.44	26.32	11.85	6.53	74.47
7.47	26.495	11.91	2.57	67.27
7.5	26.669	12.41	4.76	69.44
7.53	26.843	12.68	7.38	71.43
7.56	27.018	12.35	4.45	69.12
7.59	27.192	12.67	6.58	69.3
7.62	27.351	14.1	2.02	68.87
7.65	27.503	13.85	2.7	71.99
7.68	27.655	13.9	1.38	71.66
7.71	27.807	14.01	1.1	72.01
7.74	27.959	13.32	1.24	70.43
7.77	28.111	13.6	1.97	68.83
7.8	28.263	13.6	1.5	69.28
7.83	28.415	13.84	1.34	68.46
7.86	28.567	13.28	1.99	68.77
7.89	28.719	13.49	1.44	69.25
7.92	28.894	13.62	1.58	69.14
7.95	29.079	14.58	1.14	67.81
7.98	29.265	14.35	1.3	68.8
8.01	29.45	14.08	1.47	66.63
8.04	29.636	14.55	1.82	71.43
8.07	29.821	14.22	1.46	70.27
8.1	30.007	14.22	1.35	69.6
8.13	30.193	14.44	1.15	70.43
8.16	30.378	14.01	1.75	70.02
8.19	30.564	14.13	1.78	71.16
8.205	30.656
8.22	30.749	13.61	3.61	69.1
8.25	30.935	14.04	1.55	63.02
8.28	31.12	13.02	3.51	67.78
8.31	31.306	13.86	2.75	71.47
8.34	31.491	13.14	4.27	68.72
8.37	31.677	13.23	3.76	69.83
8.4	31.863	13.89	2.17	68.1
8.415	31.955
8.43	32.048	14.08	2.37	69.76
8.46	32.234	14.49	2.35	68.86
8.49	32.419	14.48	1.79	69.15
8.52	32.605	14.26	1.29	71.26
8.55	32.79	14.72	1.33	71.99
8.565	32.883
8.58	32.957	13.82	1.75	69.22
8.61	33.085	13.47	2.16	68.43
8.64	33.213	13.44	2.39	68.41
8.67	33.341	12.97	2.77	67.79
8.7	33.47	13.35	2.31	67.35
8.73	33.598	13.55	1.98	68.41
8.76	33.726	13.7	1.7	67.3
8.79	33.854	14.36	1.56	67.55
8.82	33.983	14.31	2.53	69.22
8.85	34.111	14.05	2.16	68.24
8.88	34.239	14.47	1.41	69.61
8.91	34.367	14.38	0.99	69.05
8.94	34.496	14.27	2.14	72.95
8.97	34.624	14.87	1.25	72.49
9	34.752	14.93	1.18	71.65
9.06	35.009	14.48	1.64	72.05
9.09	35.137	14.24	1.28	69.49
9.12	35.265	14.75	1.35	71.03
9.135	35.329
9.15	35.393	12.51	5.63	66.63
9.21	35.65	12.7	6.63	68.4
9.24	35.778	12.01	5.82	70.24
9.27	35.906	12.02	7.67	67.43
9.33	36.163	13.32	2.62	68.28
9.36	36.291	13.62	1.54	66.41
9.39	36.419	13.46	2.44	75.01
9.42	36.548	13.94	2.25	75.15
9.45	36.676	13.52	3.14	73.65
9.465	36.74
9.48	36.804	13.93	1.69	77.62
9.51	36.932	14.18	1.41	77.47
9.54	37.061	14.21	2.53	76.04
9.57	37.189	14.67	0.67	72.23
9.6	37.317	14.72	0.99	70.63
9.63	37.445	14.52	1.35	71.79
9.66	37.574	14.36	1.65	69.37
9.69	37.702	14.79	1.25	75.66
9.72	37.83	14.52	1.06	68.48
9.75	37.958	14.68	1.88	73.2
9.78	38.087	14.73	0.75	69.72
9.81	38.215	14.79	0.73	70.27
9.84	38.343	14.26	1.16	66.3
9.87	38.471	14.19	1.42	67.52
9.9	38.6	13.07	3.52	70.96
9.93	38.728	13.83	3.06	66.23
9.96	38.856	12.27	6.52	67.92
9.99	38.984	11.19	8.4	67.96
10.02	39.113	10.78	9.68	67.67
10.05	39.241	10.83	8.88	67.09
10.08	39.369	10.95	10.26	76.07
10.11	39.497	10.26	10.15	64.44
10.14	39.626	11.25	7.02	66.54
10.17	39.754	12.33	4.43	74.6
10.2	39.884	13.64	1.72	68.81
10.23	40.013	13.6	1.42	68.16
10.26	40.142	13.74	0.92	68.89
10.29	40.272	14.12	0.95	71.73
10.32	40.401	14.14	0.64	68.87
10.335	40.466
10.35	40.531	13.79	0.91	73.7
10.38	40.66	14.21	0.84	71.53
10.41	40.79	13.87	0.86	68.31
10.44	40.919	13.94	0.73	71.2
10.47	41.049	14.21	0.79	69.71
10.5	41.178	14.28	0.72	69.22
10.53	41.307	14.29	0.69	71.67
10.56	41.437	14.77	0.63	72.83
10.59	41.566	14.66	0.89	71.31
10.605	41.631
10.62	41.696	14.04	1.6	70.66
10.65	41.825	14.33	1.26	69.26
10.68	41.955	12.52	3.78	68.54
10.71	42.089	12.7	2.73	71.73
10.74	42.231	13.48	2.88	68.53
10.77	42.374	13.69	1.24	68.19
10.8	42.517	14.32	1.03	70.7
10.83	42.659	14.31	2	67.04
10.86	42.802	14.48	1.44	71.64
10.89	42.945	14.73	0.73	69.01
10.92	43.087	14.7	0.59	71.46
10.95	43.23	14.79	0.66	68.3
10.98	43.373	15.03	0.52	70.61
11.01	43.516	14.53	0.71	69.61
11.04	43.658	14.26	1.81	67.37
11.07	43.801	14.73	0.83	70.63
11.085	43.872
11.1	43.944	13.93	1.94	70.27
11.13	44.086	13.72	2	69.5
11.16	44.229	13.18	3.81	64.8
11.19	44.372	13.47	2.65	70.38
11.22	44.514	14.13	1.37	68.56
11.25	44.657	13.97	1.08	68.31
11.28	44.8	14.78	1.06	68.62
11.31	44.942	15.05	1.08	69.89
11.34	45.085	15.15	0.62	68.93
11.37	45.228	15.2	0.77	70.68
11.4	45.371	14.82	0.98	76.17
11.43	45.513	15.42	0.83	70.38
11.46	45.656	15.43	0.76	71.9
11.49	45.799	15.28	0.85	69.88
11.5	45.846	15.39	0.65	72.61
11.53	45.989	15.19	0.4	73.53
11.56	46.132	15.24	0.6	73.83
11.59	46.274	15.68	0.5	72.25
11.62	46.417	15.47	0.43	71
11.65	46.56	15.26	0.48	73.77
11.68	46.702	15.94	0.31	72.18
11.71	46.845	15.71	0.52	74.3
11.74	46.988	15.35	0.51	72.99
11.77	47.13	14.62	0.84	71.81
11.8	47.273	14.7	1.05	73.37
11.815	47.345
11.83	47.416	14.15	1.95	70.2
11.86	47.574	13.68	1.8	74.77
11.89	47.764	12.41	2.64	68.9
11.92	47.954	12.35	2.12	71.52
11.95	48.144	12.16	4.11	71.2
12.01	48.524	11.35	6.77	72.9
12.04	48.714	11.45	8.61	72.21
12.07	48.903	12.7	3.77	73.83
12.1	49.074	14.4	0.8	72.13
12.13	49.205	15	0.43	72.81
12.16	49.337	14.74	0.48	75.22
12.175	49.402
12.19	49.468	14.76	0.47	75.37
12.22	49.6	14.77	0.32	73.52
12.25	49.731	15.01	0.06	75.07
12.28	49.862	14.97	0.31	72.07
12.31	49.994	14.86	0.17	74.21
12.325	50.06
12.34	50.125	14.85	0.64	73.41
12.37	50.257	14.66	0.24	71.23
12.4	50.388	14.75	0.13	73.54
12.43	50.52	14.84	0.26	74.31
12.46	50.651	15.13	0.58	74
12.49	50.782	15.02	0.5	74.5
12.52	50.914	14.98	0.46	74.04
12.55	51.045	15.34	0.41	73.96
12.58	51.177	15.18	0.35	74.8
12.61	51.308	15.23	0.92	74.7
12.64	51.44	15.61	0.44	73.39
12.67	51.571	15.33	0.31	74.39
12.7	51.702	15.47	0.33	74.14
12.73	51.834	14.99	0.43	72.82
12.76	51.965	15.44	0.5	72.58
12.79	52.097	15.47	0.54	74.78
12.82	52.228	15.32	1.25	74.3
12.85	52.36	15.3	0.44	73.35
12.88	52.491	15.42	0.55	74.89
12.91	52.622	15.14	0.59	73.48
12.94	52.754	15.63	0.55	73.78
12.97	52.885	15.47	0.6	75.35
13	53.017	15.56	0.78	71.09
13.03	53.148	15.32	0.69	74.79
13.04	53.192	15.52	0.55	75.05
13.06	53.28	15.73	0.54	73.74
13.09	53.411	15.07	0.72	71.6
13.12	53.543	15.39	0.81	72.77
13.15	53.674	15.54	0.86	73.05
13.18	53.805	15.62	0.71	71.22
13.195	53.871
13.21	53.944	14.55	2	70.33
13.24	54.097	13.55	4.09	66.51
13.27	54.251	13.83	3.6	68.9
13.3	54.404	15.25	1.27	70.53
13.33	54.557	15.14	0.88	72.04
13.36	54.711	14.68	0.89	72.29
13.395	54.89	15.05	1.17	70.26
13.42	55.017	14.89	0.97	73.11
13.45	55.171	14.65	0.99	72.61
13.48	55.324	14.41	1.29	70.22
13.51	55.477	14.73	1.25	71.14
13.54	55.631	14.08	1.59	71.22
13.57	55.784	15.21	0.84	70.98
13.6	55.937	15.29	0.84	68.86
13.63	56.091	14.56	0.92	72.33
13.66	56.244	14.64	1.08	71.81
13.69	56.397	15.52	0.62	70.38
13.72	56.551	15.2	0.46	71.14
13.75	56.704	15.46	0.6	71.31
13.78	56.857	15.4	0.43	72.25
13.81	57.011	15.17	0.46	70.57
13.84	57.164	15.4	0.52	71.92
13.87	57.317	15.91	0.49	70.75
13.9	57.471	15.5	0.43	70.16
13.93	57.624	15.43	0.86	71.42
13.96	57.777	15.35	0.89	70.19
13.975	57.854
13.99	57.931	14.82	1.74	72.77
14.02	58.084	14.49	1.27	68.07
14.05	58.237	14.6	2.08	72.46
14.08	58.391	14.98	0.99	68.47
14.11	58.544	15.39	1.12	70.89
14.14	58.697	15.83	0.81	65.95
14.17	58.85	15.17	1	70.14
14.185	58.927
14.2	59.004	14.59	1.84	68.41
14.23	59.157	14.89	1.08	66.51
14.26	59.31	15.29	1.59	70.5
14.29	59.464	15.47	1.59	70.67
14.305	59.54
14.32	59.749	12.57	8.2	67.52
14.35	60.298	12.48	6.88	69.74
14.36	60.48	12	7.43	71.18
14.38	60.846	11.09	9.62	72.26
14.41	61.395	13.59	5.36	67.66
14.44	61.811	11.93	7.9	69.5
14.47	62.228	11.08	9.08	68.26
14.5	62.645	11.34	8.56	67.76
14.53	63.061	11.09	9.24	67.61
14.56	63.478	11.37	8.94	69.87
14.59	63.894	12.34	5.5	67.8
14.62	64.18	13.85	1.93	71.42
14.65	64.465	14.08	0.92	71.36
14.68	64.751	13.83	1.86	70.22
14.71	65.037	13.98	1.38	71.08
14.725	65.18
14.74	65.322	14.34	1.38	71.19
14.77	65.608	12.7	3.19	69.2
14.8	65.894	12.13	2.92	72.52
14.83	66.18	12.45	2.18	68.7
14.86	66.465	12.93	2.78	70
14.89	66.751	12.54	3.52	67.85
14.92	67.02	14.24	1.52	68.45
14.95	67.29	14.13	1.05	70.86
14.98	67.559	14	0.95	72.26
15	67.739	13.62	1.56	65.73
15.03	68.008	13.47	2.15	69.64
15.06	68.277	13.68	1.6	73.36
15.09	68.547	13.45	1.72	67.25
15.12	68.816	13.89	1.7	71.32
15.15	69.085	14.02	1.85	69.02
15.18	69.355	14.41	1.26	67.69
15.21	69.624	14.67	1.61	69.17
15.24	69.893	14.53	1.9	67.8
15.27	70.163	14.65	1.2	73.3
15.3	70.432	15.16	1.35	72.29
15.33	70.702	15.93	0.86	69.46
15.36	70.971	15.79	0.81	74.4
15.39	71.24	16.03	0.68	73.04
15.42	71.51	15.63	1.45	73.8
15.45	71.779	15.95	1.15	73.62
15.48	72.048	15.86	0.97	73.16
15.49	72.138
15.51	72.318	15.89	0.56	76.29
15.54	72.587	15.79	1.15	76.91
15.57	72.856	15.78	2.43	69.59
15.6	73.126	15.17	2.21	78.38
15.63	73.395	16.81	0.74	71.24
15.66	73.664	16.55	1.81	75.17
15.69	73.934	18.14	0.53	68.83
15.72	74.203	17.11	0.39	78.69
15.75	74.473	17.87	0.16	70.57
15.78	74.742	18.43	0.14	65.3
15.79	74.832
15.81	75.011	16.77	0.25	71
15.84	75.278	15.26	0.92	67.68
15.87	75.544	15.14	0.87	61.16
15.9	75.81	13.81	2.67	65.15
15.93	76.076	13.44	2.95	64.09
15.96	76.341	14.1	2.85	67.49
15.99	76.607	14.05	2.4	66.66
16.02	76.873	13.27	3	66.97
16.05	77.13	16.05	0.23	68.9
16.08	77.371	16.32	0.42	67.74
16.11	77.611	16.37	0.27	69.09
16.14	77.852	16.67	1.04	64.63
16.17	78.092	17.02	0.2	70.69
16.2	78.333	16.6	0.27	70.95
16.23	78.573	16.79	0.38	67.11
16.26	78.814	16.37	0.39	67.87
16.29	79.054	16.8	0.23	73.99
16.32	79.295	16.76	0.34	65.69
16.35	79.535	17.1	0.25	67.26
16.38	79.776	17.11	0.3	65.08
16.41	80.016	16.93	0.34	67.02
16.44	80.257	16.7	0.28	65.72
16.47	80.497	17.52	0.16	68.72
16.5	80.738	16.92	0.41	67.61
16.53	80.978	17.74	0.28	66.43
16.56	81.219	17.76	0.25	70.98
16.59	81.459	18.14	0.25	66.05
16.62	81.7	18	0.27	66.85
16.65	81.94	18.4	0.4	67.67
16.68	82.181	18.4	0.25	59.67
16.71	82.421	18.42	0.33	63.31
16.74	82.662	18.26	0.27	68.82
16.77	82.902	18.61	0.24	59.85
16.8	83.143	18.38	0.3	72.4
16.83	83.383	17.64	0.68	61.02
16.86	83.624	17.19	0.74	55.46
16.89	83.864	15.94	1.45	58.56
16.92	84.194	14.36	2.6	58.76
16.95	84.524	13.89	3.05	53.6
16.98	84.854	13.04	3.85	53.27
17.01	85.184	12.65	5.11	57.93
17.04	85.514	12.48	5.81	62.98
17.07	85.844	12.06	6.26	58.81
17.1	86.174	12.62	6.58	58.75
17.13	86.504	12.09	7.45	56.24
17.16	86.834	12.23	6.21	57.15
17.19	87.164	14.33	3.31	61.1
17.22	87.459	16.34	0.36	62.84
17.25	87.737	16.64	0.11	66.05
17.28	88.015	16.58	0.59	67.62
17.31	88.292	16.43	0.21	69.47
17.34	88.57	16.72	0.11	73.84
17.37	88.848	16.78	0.2	68.55
17.4	89.126	17.14	0.26	69.73
17.43	89.403	17.16	0.09	76.1
17.46	89.681	17.13	0.13	72.26
17.49	89.959	17.12	0.12	67.41
17.52	90.237	17.22	0.11	66.89
17.55	90.515	17.6	0.11	70.98
17.58	90.792	17.31	0.11	72.92
17.61	91.07	17.38	0.08	67.02
17.64	91.348	17.28	0.1	69.51
17.67	91.626	17.54	0.11	68.07
17.7	91.903	17.11	0.11	69.98
17.73	92.181	17.11	0.13	74.24
17.76	92.459	17.05	0.09	67.38
17.79	92.737	17.13	0.09	67.88
17.82	93.014	17.34	0.12	70.05
17.85	93.292	17.74	0.11	71.85
17.88	93.57	17.42	0.1	70.32
17.91	93.848	17.4	0.1	68.08
17.94	94.125	17.39	0.09	68.24
17.97	94.403	17.77	0.05	72.84
18	94.681	17.41	0.07	72.77
18.03	94.959	17.67	0.21	69.32
18.06	95.236	18.14	0.1	70.47
18.09	95.514	17.77	0.09	72.17
18.12	95.792	17.93	0.07	68.97
18.15	96.07	17.89	0.1	70.31
18.18	96.347	17.79	0.11	71.38
18.21	96.625	18.24	0.16	71.44
18.24	96.903	18.01	0.05	67.68
18.27	97.181	17.91	0	64.41
18.3	97.458	17.9	0.03	69.24
18.33	97.736	17.91	0.09	69.61
18.36	98.014	18.15	0.04	66.73
18.39	98.292	18.09	0.1	68.68
18.42	98.57	18.13	0.02	69.28
18.45	98.847	18.23	0.07	69.96
18.48	99.125	18.24	0.05	71.53
18.51	99.403	18.53	0.04	68.51
18.54	99.681	18.7	0.05	68.06
18.57	99.958	18.85	0.04	67.82
18.6	100.24	18.81	0.18	68.09
18.63	100.51	18.72	0.11	69.22
18.66	100.79	18.88	0.08	68.69
18.69	101.07	18.49	0.04	70
18.72	101.35	18.56	0.06	70.25
18.75	101.62	18.44	0.14	68.44
18.78	101.9	18.7	0.07	68.38
18.81	102.18	18.8	0.07	67.93
18.84	102.46	19.02	0.04	69.38
18.87	102.74	18.58	0.11	65.95
18.9	103.01	18.54	0.13	64.37
18.93	103.29	18.73	0.17	67.12
18.96	103.61	16.43	0.93	62.07
18.99	103.94	14.96	1.39	64.83
19.02	104.27	15.07	1.28	63.97
19.05	104.6	14.66	1.77	62.58
19.08	104.93	14.98	1.29	64.25
19.11	105.27	15.31	1.43	66.32
19.14	105.6	15.54	0.92	67.49
19.17	105.93	15.77	1.13	68.55
19.2	106.26	18.17	0.06	69.07
19.23	106.59	17.66	0	67.96
19.26	106.92	18.76	0.15	68.3
19.29	107.25	18.3	0.03	70.04
19.32	107.58	17.19	0.55	67.95
19.35	107.91	17.81	0.2	69.67
19.38	108.24	18.09	0.24	71.05
19.41	108.57	18.04	0.38	68.34
19.44	108.9	17.4	0.59	67.92
19.47	109.23	17.63	0.51	70.33
19.5	109.56	16.71	0.61	63.29
19.53	109.85	14.58	1.65	66.99
19.56	110.11	13.68	3.13	62.75
19.59	110.38	13.96	2.84	61.94
19.6	110.47
19.62	110.65	14.25	2.57	64.76
19.65	110.91	15.95	0.49	71.61
19.68	111.18	14.84	0.77	69.54
19.71	111.47	16.97	0.02	72.5
19.74	111.78	17	0.03	73.98
19.77	112.1	17.09	0.03	70.69
19.8	112.41	17.06	0.01	73.95
19.83	112.73	17.22	0.01	72.73
19.86	113.05	17.26	0.01	75.06
19.89	113.36	17.32	0.05	73.87
19.92	113.68	17.43	0.04	74.18
19.95	114	17.68	0.01	73.94
19.98	114.31	17.46	0.04	74.69
20.01	114.63	17.88	0.07	72.56
20.04	114.95	17.64	0.04	72.84
20.07	115.26	17.6	0.03	72.72
20.1	115.58	17.94	0.08	71.2
20.13	115.9	18.17	0.06	70.19
20.16	116.21	18.05	0.11	69.25
20.19	116.53	17.92	0.05	70.8
20.22	116.84	18.08	0.09	70.62
20.25	117.16	18.02	0.01	69.52
20.28	117.48	18.23	0.14	70.25
20.31	117.79	18.4	0.01	71.27
20.34	118.11	18.65	0.16	71
20.37	118.43	18.65	0.04	68.83
20.4	118.74	18.83	0.08	65.45
20.43	119.06	19.08	0	65.22
20.46	119.38	18.76	0.01	65.78
20.49	119.69	18.63	0.02	65.37
20.52	120.01	19.17	0	62.79
20.55	120.32	19.39	0.12	63.48
20.58	120.64	19.51	0.02	63.09
20.61	120.96	19.55	0.04	62.95
20.64	121.27	19.32	0.04	63.15
20.67	121.59	19.44	0.05	64.02
20.7	121.91	19.28	0.05	70.37
20.73	122.22	19.98	0.19	62.32
20.76	122.54	20.2	0.24	58.2
20.79	122.86	19.92	0.02	62.27
20.82	123.17	20.29	0.05	60.4
20.85	123.49	20.12	0.07	60.33
20.88	123.8	20.36	0.12	58.9
20.91	124.12	20.19	0.07	64.01
20.94	124.44	20.5	0.2	56.93
20.97	124.75	20.6	0.26	62.26
21	125.07	20.76	0.45	62.18
21.03	125.39	20.56	0.18	62.98
21.06	125.7	20.63	0.2	65.52
21.09	126.02	20.72	0.13	60.76
21.12	126.34	20.72	0.01	63.91
21.15	126.65	20.4	0.01	65.02
21.18	126.97	20.59	1.45	62.42
21.21	127.29	20.28	0.04	62.56
21.24	127.6	20.39	0.06	57.53
21.27	127.92	20.45	0	63.85
21.3	128.23	19.71	0.06	59.52
21.33	128.55	19.28	0.25	60.69
21.36	128.87	18.55	0.42	62.37
21.39	129.18	20.1	0.07	64.23
21.42	129.5	19.82	0.04	64.05
21.45	129.82	13.91	2	66.45
21.48	130.15	14.3	1.79	65.39
21.51	130.48	13.61	2.02	64.83
21.54	130.81	13.79	1.93	66.78
21.57	131.14
21.6	131.47	13.47	2.43	71.74
21.63	131.8	12.46	3.79	68.3
21.66	132.13	15.15	1.93	68.61
21.69	132.46	10.98	5.49	67.53
21.72	132.79	11.18	6.96	66.78
21.75	133.12	10.95	7.4	68.13
21.78	133.45	12.46	5.14	70.71
21.81	133.78	13.85	2.9	68.21
21.84	134.11	13.99	2.38	68.88
21.87	134.44	12.93	3.25	68.64
21.9	134.77	12.27	3.99	65.45
21.93	135.1	11.67	4.04	67.91
21.96	135.43	11.15	4.9	69.54
21.99	135.76	11.32	5	70.8
22.02	136.08	13.71	2.71	72.87
22.05	136.38	14.33	1.89	73.17
22.08	136.68	14.61	1.13	72.92
22.11	136.98	14.48	0.92	72.62
22.14	137.28	14.52	0.87	74.12
22.17	137.59	14.65	0.93	74.54
22.2	137.89	14.34	1.87	74.66
22.23	138.19	14.54	1.76	74.2
22.26	138.49	14.54	1.45	74.51
22.29	138.79	15.19	0.79	74.32
22.32	139.09	15.18	0.92	73.7
22.35	139.4	14.74	1.04	75.1
22.38	139.7	14.62	1.15	74.72
22.41	140	14.28	1.29	74.98
22.44	140.3	13.62	2.25	74.12
22.47	140.6	15.08	0.79	75.29
22.5	140.9	15.06	1.16	76.02
22.53	141.21	14.81	0.82	72.83
22.56	141.51	14.98	0.66	74.82
22.59	141.81	15.15	0.71	75.6
22.62	142.11	15.11	0.71	73.39
22.65	142.41	14.87	0.75	74.63
22.68	142.71	14.9	0.67	74
22.71	143.02	14.99	0.7	73.43
22.74	143.32	14.62	0.82	74.52
22.77	143.62	15.05	0.76	72.28
22.8	143.92	14.76	0.71	71.77
22.83	144.22	14.69	0.42	73.23
22.86	144.52	13.51	1.56	69.35
22.89	144.82	14.53	1.01	71.42
22.92	145.13	14.31	1.4	71.97
22.95	145.43	14.7	0.84	70.98
22.98	145.73	13.83	1.29	71.84
23.01	146.03	13.52	1.96	73.33
23.04	146.33	14.46	0.89	72.56
23.07	146.63	15.04	0.53	71.34
23.1	146.94	14.22	1.59	70.79
23.13	147.24	14.33	1.11	70.92
23.16	147.5	12.59	2.12	66.9
23.19	147.7	12.18	2.99	65.26
23.22	147.89	11.75	2.97	66.77
23.25	148.08	12.13	3.13	69.44
23.28	148.27	12.08	3.83	70.11
23.31	148.47	13.66	1.72	69.76
23.34	148.66	13.77	1.82	73.19
23.37	148.85	14.77	1.94	69.7
23.4	149.05	13.11	2.82	67.78
23.43	149.25	11.25	3.37	69.97
23.46	149.48	11	3.76	69.38
23.49	149.72	9.36	7.68	71.57
23.52	149.95	14	1.77	72.91
23.55	150.18	13.85	3.16	71.25
23.58	150.41	14.21	1.83	70.4
23.61	150.64	13.01	3.16	68.2
23.64	150.92	11.18	6.16	65.5
23.67	151.28	10.29	7.38	70.67
23.7	151.64	9.32	8.18	69.08
23.73	152	9.77	7.11	69.56
23.76	152.36	11.68	4.53	65.03
23.79	152.72	10.91	6.13	69.07
23.82	153.08	11.09	6.04	68.94
23.85	153.45	9.89	8.64	66
23.88	153.81	11	7.35	65.16
23.91	154.13	8.07	11.17	70.07
23.94	154.46	7.57	13.25	72.52
23.97	154.79	9.23	10.2	66.4
24	155.12	8.45	10.65	66.05
24.03	155.44	8.64	7.86	69.55
24.06	155.77	9.03	8.34	67.16
24.09	156.1	8.52	9.13	54.12
24.12	156.43	9.25	7.8	70.26
24.15	156.75	9.08	8.27	65.82
24.18	157.08	11.17	4.52	68.88
24.21	157.41	9.99	6.48	70.55
24.24	157.75	12.94	3.5	68.07
24.27	158.11	12.3	3.72	67.45
24.3	158.47	11.5	4.06	69.34
24.33	158.83	12.78	3.13	70.24
24.36	159.19	13.24	2.55	71.12
24.39	159.55	12.44	3.14	70.53
24.42	159.91	13.71	2.13	71.84
24.45	160.28	14.78	1.17	69.28
24.48	160.64	14.94	1.28	69.89
24.51	160.97	11.78	3.38	66.66
24.54	161.3	14.39	1.34	69.76
24.57	161.64	13.47	3.74	68.33
24.6	161.97	14.54	1.25	71.75
24.63	162.3	15.13	0.8	71
24.66	162.64	15.37	0.78	73.69
24.69	162.97	14.95	0.91	72.12
24.72	163.3	14.93	1.21	72
24.75	163.61	13.41	2.71	67.61
24.78	163.9	15.07	1.29	66.93
24.81	164.19	14.48	1.14	73.62
24.84	164.49	14.55	1.18	73.73
24.87	164.78	14.74	1.16	73.02
24.9	165.07	14.63	1.16	73.45
24.93	165.36	14.67	1.02	72.13
24.96	165.66	14.5	1.1	72.98
24.99	165.95	14.26	1.29	74.76
25.02	166.24	15.06	0.74	72.64
25.05	166.53	14.92	0.92	72.15
25.08	166.82	14.86	1.99	70.39
25.11	167.12	15.12	1	71.48
25.14	167.41	15.36	1.03	72.13
25.17	167.7	15.32	1.19	71.14
25.2	167.99	15.42	1.09	70.19
25.23	168.28	15.24	1.21	71.1
25.26	168.58	15.44	1.14	69.72
25.29	168.87	15.56	0.89	65.69
25.32	169.16	14.6	1.84	67.32
25.35	169.45	14.86	2.23	64.47
25.38	169.76	12.84	3.81	66.38
25.41	170.08	13.57	3.06	67.93
25.44	170.4	15.16	1.36	68.57
25.47	170.72	13.47	2.8	65.86
25.5	171.04	12.18	4.8	64.63
25.53	171.36	13.76	2.42	65.8
25.56	171.67	14.28	2.17	61.52
25.59	171.99	13.51	3	68.46
25.62	172.31	15.14	1.3	66.05
25.65	172.63	15.01	1.66	62.31
25.68	172.95	14.77	2	66.58
25.71	173.27	14.65	2.13	62.46
25.74	173.71	11.43	4.97	65.54
25.77	174.22	11.81	4.63	63.63
25.8	174.74	12.48	3.98	64.75
25.83	175.25	14	3	63.58
25.86	175.76	13.87	3.97	61.92
25.89	176.27	14.2	2.3	64.49
25.92	176.78	14.19	3.75	66.58
25.95	177.29	15.12	2.4	68.72
25.98	177.8	13.75	3.44	66.6
26.01	178.31	15.33	1.74	67.54
26.04	178.83	13.61	3.44	65.42
26.07	179.34	14.24	2.21	65.13
26.1	179.72	11.71	4.42	70.53
26.13	180.04	11.29	5.12	71.69
26.16	180.35	13.59	2.63	70.61
26.19	180.67	14.66	1.79	71.32
26.22	180.99	14.96	1.46	69.2
26.25	181.3	14.93	1.55	71.9
26.28	181.62	14.84	1.73	72.55
26.31	181.94	15	1.44	72.84
26.34	182.25	15.3	1.47	72.53
26.37	182.57	14.7	1.75	73.27
26.4	182.89	15.2	1.43	71.09
26.43	183.2	14.92	1.78	73.4
26.46	183.52	15	1.43	73.18
26.49	183.84	15.19	1.44	71.85
26.52	184.15	14.99	2.15	73.39
26.55	184.47	15.21	1.52	73.64
26.58	184.79	15.21	1.67	73.76
26.61	185.1	15.32	1.35	74.1
26.64	185.42	15.11	1.93	70.46
26.67	185.74	15.84	0.99	74.55
26.7	186.05	15.59	1.34	76.25
26.73	186.37	15.47	2.01	74.97
26.76	186.69	15.93	1.07	74.61
26.79	187.01	16.13	1	75.29
26.82	187.32	17.09	0.49	72.7
26.85	187.64	16.25	1.93	75.7
26.88	187.96	17.51	0.6	72.95
26.91	188.27	17.2	0.64	72.76
26.94	188.59	18.36	0.59	70.67
26.97	188.91	17.97	0.62	69.48
27	189.23	17	1.01	68.26
27.03	189.56	16.19	2.03	64.56
27.06	189.9	14.81	3.53	64.5
27.09	190.23	13.86	5.59	65.14
27.12	190.57	14.22	5.69	64.24
27.15	190.91	14.45	4.42	64.77
27.18	191.24	15.75	2.24	65.35
27.21	191.58	16.19	1.58	53.58
27.24	191.91	16.3	1.44	66.05
27.27	192.25	17.4	1.18	70.4
27.3	192.54	17.48	0.93	63
27.33	192.8	16.6	1.73	61.3
27.36	193.07	16.62	1.76	57.77
27.39	193.33	16.32	3.01	61.7
27.42	193.6	14.99	3.43	66.37
27.45	193.86	17.56	0.52	62.55
16.76	194.13	16.31	1.77	64.17
16.78	194.39	16.09	1.52	67.55
16.8	194.65	16.52	0.94	68.23
16.82	194.91	17.03	0.61	66.38
16.84	195.17	18.02	1.42	63.51
16.86	195.43	18.33	0.2	64.66
16.88	195.69	16.95	2.01	70.15
16.9	195.95	18.44	0.11	66.84
16.92	196.21	17.77	1.2	70.41
16.94	196.48	18.49	0.07	66.79
16.96	196.74	18.28	0.17	57.82
16.98	197	18.78	0.16	64.52
17	197.26	18.61	0.06	64.1
17.02	197.52	18.38	0.17	67.76
17.04	197.78	18.53	0.31	67.11
17.06	198.04	18.51	0.04	66.21
17.08	198.3	18.45	0.1	67.06
17.1	198.57	18.2	0.14	66.25
17.12	198.83	18.19	0.22	66.85
17.14	199.09	17.94	0.23	68.53
17.16	199.37	16.8	0.44	64.15
17.18	199.67	16.45	0.82	61.84
17.2	199.97	16.57	0.79	63.53
17.22	200.27	16.06	0.9	64.61
17.24	200.57	16.49	0.48	63.16
17.26	200.87	16.87	0.38	67.65
17.28	201.17	16.56	0.26	69.96
17.3	201.48	17.07	0.17	70.13
17.32	201.78	17.26	0.11	69.33
17.34	202.08	17.72	0.2	69.25
17.36	202.38	17.38	0.16	70.39
17.38	202.68	17.44	0.26	68.56
17.4	202.98	17.46	0.08	70.09
17.42	203.28	17.49	0.14	70.65
17.44	203.58	17.63	0.05	66.01
17.46	203.88	17.49	0.12	70.04
17.48	204.18	17.94	0.1	67.73
17.5	204.48	18	0.11	69.15
17.52	204.78	18.4	0.1	67.64
17.54	205.09	18.56	0.02	69.81
17.56	205.39	18.35	0.09	68.19
17.58	205.69	18.36	0.06	66.14
17.6	205.99	18.05	0.1	68.97
17.62	206.29	18.46	0.07	69.02
17.64	206.59	18.5	0.13	61.04
17.66	206.89	18.48	0.05	66.42
17.68	207.19	18.37	0.05	66.95
17.7	207.49	18.56	0.06	67.37
17.72	207.79	18.65	0.06	66.51
17.74	208.09	18.83	0.03	69.43
17.76	208.39	18.63	0.06	64.62
17.78	208.7	18.81	0.05	66.4
17.8	209	18.84	0.06	63.34
17.82	209.3	18.69	0.07	65.08
17.84	209.6	18.74	0.08	65.11
17.86	209.9	18.91	0.05	65.13
17.88	210.2	19	0.07	61.05
17.9	210.53	18.97	0.12	63.33
17.92	210.87	19.19	0.14	62.85
17.94	211.2	19.11	0.1	63.65
17.96	211.54	19.12	0.08	61.62
17.98	211.87	19.24	0.11	63.22
18	212.21	19.14	0.14	56.44
18.02	212.54	19.23	0.14	64.67
18.04	212.88	19	0.11	65.71
18.06	213.21	19.05	0.15	66.41
18.08	213.54	19.14	0.06	65.03
18.1	213.88	18.96	0.09	66.4
18.12	214.21	19.07	0.08	64.73
18.14	214.55	18.93	0.13	63.99
18.16	214.88	19.2	0.12	62.51
18.18	215.22	19.11	0.12	64.4
18.2	215.55	19.33	0.24	64.83
18.22	215.89	19.56	0.02	63.64
18.24	216.22	18.9	0.32	60.09
18.26	216.55	18.23	0.48	60.64
18.28	216.89	16.5	0.91	61.42
18.3	217.64	12.99	2.22	62.42
18.32	218.39	13.03	2.13	62.18
18.34	219.15	13.43	2.16	64.43
18.36	219.9	14.41	1.51	63.19
18.38	220.65	13.35	1.98	66.93
18.4	221.4	14.59	1.24	67.93
18.42	222.16	16.19	0.54	68.84
18.44	222.91	16.13	0.37	70.99
18.46	223.66	15.95	0.47	68.27
18.48	224.41	14.91	0.42	75.32
18.5	225.17	15.97	0.24	74.69
18.52	225.66	17.09	0.22	74.94
18.54	226.16	17.14	0.11	72.79
18.56	226.66	17.05	0.12	71.44
18.58	227.15	16.95	0.15	73.93
18.6	227.65	16.79	0.16	72.18
18.62	228.15	17.05	0.14	74.5
18.64	228.65	17.6	0.12	68.49
18.66	229.14	17.86	0.1	66.93
18.68	229.64	17.75	0.09	71.74
18.7	230.14	17.7	0.09	66.6
18.72	230.63	18.07	0.12	63.09
18.74	231.13	18.12	0.09	65.97
18.76	231.63	18.55	0.11	64.48
18.78	232.13	18.76	0.1	68.63
18.8	232.62	18.36	0.12	63.51
18.82	233.12	18.83	0.05	68.49
18.84	233.62	18.86	0.12	64.68
18.86	234.11	19.06	0.11	63.6
18.88	234.61	18.88	0.07	66.24
18.9	235.11	19.02	0.1	65.42
18.92	235.61	18.91	0.1	65.29
18.94	236.1	18.93	0.07	67.23
18.96	236.6	19.01	0.09	66.08
18.98	237.1	18.9	0.15	67.66
19	237.59	18.88	0.13	65.71
19.02	238.09	18.74	0.08	64.7
19.04	238.59	18.93	0.04	64.8
19.06	239.09	18.7	0.06	67.33
19.08	239.58	18.77	0	64.35
19.1	240.08	18.13	0.01	69.48
19.12	240.58	19.07	0.07	64.3
19.14	241.07	19.08	0.05	67.24
19.16	241.57	18.69	0.05	68.37
19.18	242.07	18.98	0.02	66.61
19.2	242.57	18.81	0.07	62.9
19.22	243.06	18.86	0.07	62.94
19.24	243.56	17.36	0.25	65.45
19.26	244.03	15.09	0.84	68.18
19.28	244.5	15.75	0.92	67.38
19.3	244.97	13.68	1.09	66.93
19.32	245.44	13.18	1.83	68.18
19.34	245.92	15.39	0.6	68.87
19.36	246.39	14.09	1.2	71.09
19.38	246.86	13.97	0.59	68.11
19.4	247.33	14.13	1.05	70.67
19.42	247.8	13.04	1.64	71.04
19.44	248.16	13.14	1.57	74.04
19.46	248.52	13.93	1.2	66.73
19.48	248.87	14.02	0.74	75.87
19.5	249.23	13.7	1.21	75.07
19.52	249.59	13.37	1.52	77.25
19.54	249.95	13.74	1.18	74.84
19.56	250.31	13.65	0.75	75.93
19.58	250.66	13.8	0.69	75.49
19.6	251.02	13.45	1.22	75.23
19.62	251.38	13.36	1.28	75.07
19.64	251.74	13.95	0.71	75.44
19.66	252.09	13.8	1.06	75.25
19.68	252.45	14.02	1.1	73.94
19.7	252.81	13.89	1.32	75.91
19.72	253.17	13.44	0.84	71.3
19.74	253.53	14.31	1.24	72.42
19.76	253.88	13.93	1.13	72.98
19.78	254.24	14.43	0.58	74.2
19.8	254.6	14.2	0.94	73.93
19.82	254.96	14.6	0.9	71.94
19.84	255.32	14.29	0.58	74.94
19.86	255.67	14.65	0.81	74.38
19.88	256.03	14.64	0.53	71.41
19.9	256.39	14.72	0.82	73.99
19.92	256.75	14.5	0.79	74.85
19.94	257.1	14.59	0.87	74.9
19.96	257.46	14.51	0.59	75.25
19.98	257.82	14.63	0.43	73.06
20	258.18	14.37	0.58	74.93
20.02	258.54	14.41	0.56	75.52
20.04	258.89	14.91	0.8	74.65
20.06	259.25	14.85	0.49	75.59
20.08	259.61	14.8	0.48	75.11
20.1	259.97	14.17	0.67	72.4
20.12	260.25	14.33	0.6	74.71
20.14	260.54	14.15	1.05	75.99
20.16	260.83	13.55	1.25	75.87
20.18	261.12	14.91	0.46	72.55
20.2	261.4	15.03	0.43	73.38
20.22	261.69	14.86	0.42	75.82
20.24	261.98	14.88	0.83	74.7
20.26	262.26	14.48	0.72	73.92
20.28	262.55	15.06	0.58	72.91
20.3	262.84	15.08	0.55	73.62
20.32	263.12	15.01	0.52	74.71
20.34	263.41	14.35	0.59	73.29
20.36	263.7	14.62	0.66	71.59
20.38	263.99	13.99	0.82	71.88
20.4	264.27	12.28	2.25	67.45
20.42	264.56	12.39	2.96	65.37
20.44	264.88	8.82	6.94	63.19
20.46	265.24	7.23	10.15	61.08
20.48	265.59	5.93	14.42	65.38
20.5	265.95	10.26	5.39	69.66
20.52	266.31	6.31	11.36	67.04
20.54	266.66	5.85	13.35	67.34
20.56	267.02	9.57	7.97	69.36
20.58	267.38	7.76	6.87	67.65
20.6	267.73	7.59	4.29	71.08
20.62	268.09	8.69	2.72	68.28
20.64	268.45	8.04	4.49	69.12
20.66	268.8	8.11	3.42	71.83
20.68	269.16	9.06	3.17	69.43
20.7	269.52	10.05	2.47	67.06
20.72	269.87	10.76	1.59	72.38
20.74	270.23	11.64	1.09	69.83
20.76	270.59	10.91	0.24	69.66
20.78	270.94	9.83	0.5	68.7
20.8	271.3	9.43	0.84	71.36
20.82	271.66	10.71	0.68	72.36
20.84	272.01	11.57	0.6	72.19
20.86	272.37	11.01	0.91	71.65
20.88	272.73	13.15	0.35	72.79
20.9	273.08	8.79	1.9	71.32
20.92	273.44	8.8	1.91	69.48
20.94	273.8	11.23	1.2	71.38
20.96	274.15	11.99	0.48	72.41
20.98	274.51	12.47	0.19	72.18
21	274.87	12.39	0.94	74.26
21.02	275.22	12.58	0.55	74.71
21.04	275.58	13.17	0.2	77.76
21.06	275.94	14.48	0.13	75.21
21.08	276.29	15.07	0.08	74.57
21.1	276.65	15.41	0.08	73.87
21.12	277.01	15.57	0.06	77
21.14	277.36	15.57	0.07	75.39
21.16	277.72	15.79	0.1	73.81
21.18	278.08	15.15	0.06	75.94
21.2	278.43	15.49	0.04	73.42
21.22	278.79	15.57	0.05	72.75
21.24	279.15	15.39	0.04	75.35
21.26	279.5	15.9	0.04	75.82
21.28	279.86	16.08	0.04	75.8
21.3	280.22	16.03	0.06	72.39
21.32	280.57	15.89	0.08	74.68
21.34	280.93	16.49	0.02	73.81
21.36	281.29	16.11	0.06	69.88
21.38	281.64	16.13	0.05	69.31
21.4	282	16.06	0.05	71.52
21.42	282.33	16.19	0.07	71.28
21.44	282.67	16.14	0.04	70.83
21.46	283	16.38	0.05	71.69
21.48	283.33	16.72	0.13	70.49
21.5	283.67	16.89	0.02	68.22
21.54	284.33	16.64	0.1	69.33
21.56	284.67	16.68	0.08	70.04
21.58	285	16.55	0.13	72.15
21.6	285.33	16.86	0.08	71.6
21.62	285.67	17.13	0.06	65.78
21.64	286	16.99	0.03	68.52
21.66	286.33	16.92	0.01	70.16
21.68	286.66	16.69	0.01	67.85
21.7	287	16.67	0.05	71.76
21.72	287.33	16.76	0.06	68.8
21.74	287.66	16.81	0.07	71.46
21.76	288	16.93	0.02	71.98
21.78	288.33	16.99	0.03	71.03
21.8	288.66	17.03	0.04	70.41
21.82	289	17.03	0.05	71.09
21.84	289.33	16.81	0.03	70.88
21.86	289.66	16.96	0.07	67.92
21.88	290	17.18	0.03	68.01
21.9	290.33	16.97	0.03	68.08
21.92	290.66	17.22	0.05	69.02
21.94	291	16.99	0.05	66.86
21.96	291.33	16.86	0.08	65.4
21.98	291.66	14.61	0.39	63.94
22	291.96	12.77	0.93	61.17
22.02	292.26	12.19	1.25	61.86
22.04	292.56	12.93	0.82	65.1
22.06	292.86	11.93	1.52	68.18
22.08	293.16	14.53	0.11	68.15
22.1	293.46	14.7	0.13	71.47
22.12	293.76	12.92	0.54	69.88
22.14	294.06	14	0.48	67.16
22.16	294.36	10.68	2.05	68.39
22.18	294.66	11.41	1.69	71.49
22.2	294.96	13.41	0.68	73.38
22.22	295.26	14.51	0.21	74.57
22.24	295.56	15.57	0.05	75.03
22.26	295.86	15.4	0.05	75.5
22.28	296.16	15.09	0.05	75.93
22.3	296.46	15.53	0.06	75.8
22.32	296.76	15.37	0.07	73.53
22.34	297.06	15.33	0.08	72.8
22.36	297.36	15.3	0.12	75.98
22.38	297.66	15.57	0.03	75.75
22.4	297.96	15.09	0.35	74.78
22.42	298.27	14.15	0.89	74.93
22.44	298.79	14.58	0.74	75.18
22.46	299.31	16.24	0.06	78.27
22.48	299.83	15.39	0.06	78.7
22.5	300.36	16.1	0.01	79.39
22.52	300.88	16.05	0.02	79.55
22.54	301.4	16.07	0.06	79.17
22.56	301.93	16.27	0.04	78.82
22.58	302.45	16.35	0.05	78.67
22.6	302.97	16.47	0.08
22.62	303.49	16.09	0.33	76.76
22.64	304.02	16.45	0.06	77.06
22.66	304.54	16.63	0.05	78.03
22.68	305.06	16.54	0.04	75.36
22.7	305.59	16.65	0.09	74.7
22.72	306.11	17.02	0.08	76.71
22.74	306.63	16.79	0.36	73.42
22.76	307.15	16.68	0.04	77.24
22.78	307.68	16.54	0.11	72.77
22.8	308.2	14.91	0.42	69.13
22.82	308.59	15.45	0.3	71.32
22.84	308.99	15.88	0.23	70.91
22.86	309.38	16.35	0.09	71.98
22.88	309.77	16.63	0.06	69.31
22.9	310.17	16.15	0.13	69.73
22.92	310.56	15.83	0.25	74.53
22.94	310.95	15.8	0.05	72.76
22.96	311.35	14.92	0.11	73.16
22.98	311.74	14.91	0.23	74.78
23	312.14	15.89	0.16	74.17
23.02	312.53	16.04	0.14	72.59
23.04	312.92	16.36	0.14	72.99
23.06	313.32	16.73	0.08	70.89
23.08	313.71	16.57	0.13	71.18
23.1	314.1	16.35	0.04	72.82
23.12	314.5	17.01	0.08	72.06
23.14	314.89	16.56	0.07	72.68
23.16	315.28	16.95	0.1	73.21
23.18	315.68	16.91	0.13	72.71
23.2	316.07	17.13	0.09	70.29
23.22	316.46	17.21	0.13	66.48
23.24	316.86	17.38	0.12	69.68
23.26	317.25	17.31	0.13	66.95
23.28	317.65	17.31	0.17	65.84
23.3	318.04	16.57	0.18	65.8
23.32	318.31	16.89	0.04	65.57
23.34	318.57	16.42	0.37	63.27
23.36	318.84	17.01	0.07	67.8
23.38	319.11	16.81	0.3	67.31
23.4	319.38	16.44	0.51	63.75
23.42	319.64	16.24	0.23	66.54
23.44	319.91	17.29	0.3	66.28
23.46	320.18	18.31	0.14	68.85
23.48	320.45	18.1	0.09	65.55
23.5	320.72	17.48	0.08	65.24
23.52	320.98	18.09	0.08	73.75
23.54	321.25	16.51	0.27	63.55
23.56	321.52	15.77	0.47	64.58
23.58	321.79	16.01	0.18	67.32
23.6	322.05	16.61	0.18	71.75
23.62	322.32	17.03	0.03	68.87
23.64	322.59	17.39	0.05	66.93
23.66	322.86	17.28	0.1	70.73
23.68	323.12	17.58	0.03	67.29
23.7	323.39	17.27	0.02	70.24
23.72	323.66	17.26	0.1	70.42
23.74	323.93	17.7	0.06	68.2
23.76	324.19	17.71	0.07	67.2
23.78	324.46	18.02	0.01	69.44
23.8	324.73	17.98	0.08	67.39
23.82	325	17.6	0.14	69.73
23.84	325.26	17.81	0.02	68.98
23.86	325.53	18.35	0.09	67.43
23.88	325.8	18.19	0.03	68.05
23.9	326.07	18.24	0.07	69.31
23.92	326.34	18.36	0.04	69.2
23.94	326.6	18.64	0.06	68.83
23.96	326.87	18.74	0.01	67.48
23.98	327.14	18.55	0.12	66.44
24	327.41	19.25	0.01	65.72
24.02	327.67	19.06	0.01	66.99
24.04	327.94	19.13	0.02	68.7
24.06	328.21	19	0.01	68.98
24.08	328.48	19.4	0	62.62
24.1	328.74	19.32	0	67.96
24.12	329.01	18.96	0.09	68.37
24.14	329.28	19.47	0.01	67.52
24.16	329.55	19.43	0.05	69.51
24.18	329.81	19.88	0.06	66.27
24.2	330.08	19.74	0.05	67.52
24.22	330.35	19.56	0.04	67.54
24.24	330.62	19.57	0.11	66.65
24.26	330.88	19.86	0.03	67.73
24.28	331.15	19.59	0.12	68.57
24.3	331.42	20.2	0.02	68.35
24.32	331.69	19.79	0.1	69
24.34	331.96	20.36	0.08	68.37
24.36	332.22	20.09	0.01	66.77
24.38	332.49	20.31	0.04	63.39
24.4	332.76	20.53	0.09	61.6
24.42	333.03	20.26	0.08	62.96
24.44	333.29	20.06	0.01	63.77
24.46	333.56	19.67	0.05	60.53
24.48	333.83	19.88	0.01	64.65
24.5	334.1	19.94	0.04	68.13
24.52	334.36	19.83	0.05	64.53
24.54	334.63	19.61	0.17	67.84
24.56	334.9	19.78	0.07	58
24.58	335.17	19.75	0.05	68.29
24.6	335.43	19.5	0.33	68.1
24.62	335.7	16.74	0.5	70.47
24.64	335.97	14.73	1.07	68.66
24.66	336.24	13.08	1.52	71.63
24.68	337.16	12.77	1.77	66.73
24.7	338.08	11.81	2.04	67.29
24.72	339.01	8.61	4.24	66.35
24.74	339.93	7.67	4.33	64.64
24.76	340.85	8.87	3.4	68.97
24.78	341.77	8	3.37	68.89
24.8	342.7	7.05	4.63	67.38
24.82	343.62	6.34	5.73	69.29
24.84	344.54	10.15	2.19	70.9
24.86	345.46	10.66	1.55	72.23
24.88	346.39	11.2	1.55	71.42
24.9	347.31	11.71	0.67	71.56
24.92	348.23	11.4	0.69	71.65
24.94	349.15	12.22	0.45	72.28
24.96	350.08	11.11	0.81	72.18
24.98	351	11.28	0.6	73.97
25	351.67	11.31	0.9	70.57
25.02	352.33	9.42	2.01	71.29
25.04	353	10.67	1.18	71.08
25.06	353.67	11.96	0.97	73.61
25.08	354.33	10.8	1.46	74.13
25.1	355	12.2	0.52	75.49
25.12	355.67	13.33	0.3	74.69
25.14	356.33	12.77	0.57	73.33
25.16	357	12.22	1.5	68.84
25.18	357.67	12.39	1.8	70.25
25.2	358.33	12.05	1.32	73.18
25.22	359	12.97	0.74	75.5
25.24	359.67	13.74	0.31	74.13
25.26	360.33	13.72	0.49	73.51
25.28	361	13.98	0.32	70.01
25.3	361.67	14.13	0.49	71.19
25.32	362.33	10.52	3.72	68.47
25.34	363	11.57	1.55	70.03
25.36	363.67	12.48	0.88	73.01
25.38	364.33	13.2	0.36	73.17
25.4	365	13.61	0.36	74.7
25.42	365.67	13.89	0.41	71.54
25.44	366.33	12	1.54	70.3
25.46	367	11.44	2.36	70.51
25.48	367.23	12.24	2.01	71.08
25.5	367.46	13.25	0.49	73.7
25.52	367.69	13.58	0.33	74.86
25.54	367.92	14.09	0.33	72.33
25.56	368.14	13.74	0.33	69.72
25.58	368.37	11.33	1.59	71.68
25.6	368.6	13.59	0.68	73.62
25.62	368.83	8.56	6.12	73.39
25.64	369.06	14.27	0.29	74.55
25.66	369.8	14.83	0.14	74.35
25.68	370.55	14.77	0.06	76.23
25.7	371.29	15.01	0.08	75.62
25.72	372.04	15.2	0.05	76.15
25.74	372.78	15.3	0.04	75.38
25.76	373.53	15.63	0.08	76.47
25.78	374.27	14.9	0.02	76.94
25.8	375.02	15.28	0.08	73.14
25.82	375.76	15.23	0.05	75.53
25.84	376.51	15.25	0.04	75.22
25.86	377.25	15.2	0.07	76.91
25.88	378	14.65	0.26	72.73
25.9	378.35	13.53	1.33	71.04
25.92	378.71	14.26	0.53	73.08
25.94	379.06	9.81	4.89	70.14
25.96	379.42	7.94	9.51	73.21
25.98	379.77	13.26	1.55	76.34
26	380.14	14.71	0.28	80.01
26.02	380.52	14.59	0.28	79.05
26.04	380.89	14.31	0.24	79.5
26.06	381.26	14.48	0.25	78.09
26.08	381.63	14.56	0.14	79.78
26.1	382.01	14.87	0.14	74.79
26.12	382.38	14.07	0.43	77.58
26.14	382.75	13.29	1.17	77.89
26.16	383.13	14.36	0.39	78.53
26.18	383.5	13.29	1.25	77.96
26.2	383.78	13.2	0.77	78.16
26.22	384.06	14.83	0.04	77.7
26.24	384.35	15.11	0.16	78.29
26.26	384.63	15.28	0.13	78.2
26.28	384.91	15.35	0.15	78.13
26.3	385.19	16.22	0.17	75.02
26.32	385.47	15.91	0.13	77.55
26.34	385.75	16.07	0.11	76.39
26.36	386.04	16.38	0.14	77.65
26.38	386.32	16.45	0.14	77.28
26.4	386.6	16.29	0.09	76.6
26.42	386.88	16.68	0.37	72.62
26.44	387.16	16.42	0.29	74.28
26.46	387.45	16.46	0.31	74.53
26.48	387.73	16.21	0.56	71.43
26.5	388.05	15.66	0.77	70.94
26.52	388.37	15.76	0.6	72.39
26.54	388.69	15.41	0.08	72.59
26.56	389.01	15.47	0.15	77.67
26.58	389.33	13.41	0.92	76.9
26.6	389.64	16.01	0.23	75.96
26.62	389.96	15.85	0.26	75.31
26.64	390.28	16.01	0.2	76.85
26.66	390.6	16.58	0.26	75.92
26.68	390.92	16.53	0.37	74.58
26.7	391.24	16.6	0.34	73.25
26.72	391.56	16.64	0.3	72.08
26.74	391.88	16.48	0.4	72.93
26.76	392.2	16.37	0.16	74.96
26.78	392.82	16.19	0.5	69.6
26.8	393.44	15.34	0.71	69.8
26.82	394.07	15	0.88	69.42
26.84	394.69	15.24	0.12	72.33
26.86	395.08	14.92	0.37	76.86
26.88	395.24	15.87	0.16	76.19
26.9	395.41	15.89	0.23	75.25
26.92	395.57	16.01	0.05	73.5
26.94	395.73	16.2	0.28	74.21
26.96	395.89	16.14	0.23	75.46
26.98	396.06	16.09	0.19	74.67
27	396.22	16.3	0.27	72.44
27.02	396.38	16.18	0.19	73.9
27.04	396.54	16.34	0.2	74.53
27.06	396.71	16.19	0.08	74.29
27.08	396.87	16.48	0.3	74.69
27.1	397.03	16.77	0.16	72.12
27.12	397.19	16.71	0.3	73.05
27.14	397.36	16.91	0.24	73.11
27.16	397.52	16.66	0.17	74.02
27.18	397.68	16.41	0.19	77.06
27.2	397.84	17.06	0.24	72.78
27.22	398.01	17.27	0.36	70.89
27.24	398.17	17.36	0.18	71.63
27.26	398.33	17.59	0.24	70.42
27.28	398.49	17.45	0.32	69.89
27.3	398.66	17.38	0.28	70.08
27.32	398.82	17.33	0.16	71.41
27.34	398.98	17.3	0.18	72.45
27.36	399.14	17.4	0.22	70.5
27.38	399.3	17.19	0.14	78.32
27.4	399.65	17.66	0.18	70.3
27.42	400	17.7	0.27	72.87
27.44	400.21	17.57	0.27	73.68
27.46	400.42	17.65	0.3	70.49
27.48	400.63	17.56	0.22	71.73
27.5	400.85	17.69	0.28	70.32
27.52	401.06	17.59	0.14	73.07
27.54	401.27	17.67	0.23	71.78
27.56	401.48	17.55	0.18	73.73
27.58	401.69	17.64	0.3	71.38
27.6	401.9	17.73	0.23	70.66
27.62	402.11	17.72	0.29	71.64
27.64	402.32	17.59	0.21	72.37
27.66	402.54	17.75	0.19	72.52
27.68	402.75	18.06	0.16	68.32
27.7	402.96	17.88	0.21	66.17
27.72	403.17	17.65	0.2	67.49
27.74	403.38	17.93	0.16	65.3
27.76	403.59	17.8	0.16	69.46
27.78	403.8	17.95	0.17	69.33
27.8	404.02	17.98	0.15	68.78
27.82	404.23	18.02	0.16	70.55
27.84	404.44	18.23	0.13	69.22
27.86	404.65	18.22	0.1	68.51
27.88	404.86	18.15	0.09	68.27
27.9	405.07	18.32	0.08	66.97
27.92	405.28	18.08	0.14	72.62
27.94	405.49	18.46	0.3	67.18
27.96	405.71	18.01	0.2	70.02
27.98	405.92	18.05	0.16	69.36
28	406.13	18.35	0.27	68.2
28.02	406.34	18.18	0.2	70.05
28.04	406.55	18.24	0.21	68.99
28.06	406.76	18.44	0.19	70.9
28.08	406.97	18.44	0.18	69.45
28.1	407.19	18.44	0.19	68.05
28.12	407.4	18.68	0.26	68.03
28.14	407.61	18.72	0.23	67.39
28.16	407.82	18.8	0.21	70.52
28.18	408.03	18.49	0.15	71.9
28.2	408.24	18.35	0.13	71.51
28.22	408.45	18.31	0.08	70.32
28.24	408.66	18.31	0.2	69.49
28.26	408.88	18.45	0.18	71.94
28.28	409.09	18.72	0.21	68.72
28.3	409.3	18.63	0.16	70.37
28.32	409.51	18.71	0.19	67.73
28.34	409.72	18.8	0.19	68.25
28.36	409.93	18.68	0.16	68.75
28.38	410.14	18.54	0.25	70.05
28.4	410.36	18.43	0.22	70.13
28.42	410.57	18.51	0.2	71.09
28.44	410.78	18.6	0.15	70.68
28.46	410.99	18.47	0.16	70.18
28.48	411.2	18.5	0.14	69.44
28.5	411.41	18.37	0.14	69.39
28.52	411.62	18.52	0.2	69.2
28.54	411.83	18.58	0.2	64.73
28.56	412.05	18.46	0.08	67.57
28.58	412.26	18.58	0.23	65.49
28.6	412.47	18.46	0.16	69.73
28.62	412.68	18.66	0.19	69.84
28.64	412.89	18.34	0.12	68.33
28.66	413.1	18.48	0.17	69.99
28.68	413.31	18.38	0.18	65.61
28.7	413.53	18.3	0.17	71.61
28.72	413.74	18.34	0.15	70.96
28.74	413.95	18.19	0.21	68.01
28.76	414.16	18.14	0.21	69.04
28.78	414.37	17.94	0.19	68.42
28.8	414.58	17.8	0.22	70.57
28.82	414.79	17.62	0.21	70.34
28.84	415	17.79	0.16	69.38
28.86	415.22	17.44	0.23	69.95
28.88	415.43	17.47	0.23	68.73
28.9	415.64	17.69	0.23	69.4
28.92	415.85	17.68	0.23	66.92
28.94	416.06	17.46	0.12	70.84
28.96	416.27	17.12	0.25	65.7
28.98	416.48	16.96	0.25	67.3
29	416.7	17.62	0.16	69.12
29.02	416.91	17.99	0.18	67.53
29.04	417.12	17.89	0.22	67.15
29.06	417.43	17.74	0.17	67.7
29.08	417.74	17.75	0.21	67.69
29.1	418.05	18.1	0.22	68.94
29.12	418.36	18.08	0.25	67.5
29.14	418.67	17.92	0.17	69.7
29.16	418.98	18.16	0.21	67.93
29.18	419.3	18.22	0.23	67.96
29.2	419.61	18.35	0.26	67.12
29.22	419.92	18.32	0.27	68.55
29.24	420.23	18.32	0.28	67.37
29.26	420.54	18.42	0.27	66.17
29.28	420.85	18.34	0.31	65.77
29.3	421.16	18.3	0.26	67.28
29.32	421.47	18.33	0.21	65.61
29.34	421.79	18.2	0.27	66.5
29.36	422.1	18.14	0.26	65.82
29.38	422.41	18.35	0.28	64.68
29.4	422.72	18.35	0.31	66.39
29.42	423.03	18.45	0.29	66.92
29.44	423.34	18	0.23	69.35
29.46	423.65	18.35	0.27	67.61
29.48	423.96	18.41	0.21	69.92
