# NOAA Paleoclimatology Program - Paleocean Site Data							
# m972141r-tab.txt							
# Complete Data							
# File Created: 18-Jan-2005							
#							
#*********************************************************************************							
# Please cite the contributor and the original publications when using these data							
#*********************************************************************************							
#							
# Missing Values indicated by '-999'							
#							
# PI:             Yair Rosenthal							
# Core/Site:      MD97-2141							
# Latitude:       8.47.00N	-8.78333						
# Longitude:      121.17.00E	-121.2833						
# Water Depth(m): 3633							
#							
# Publications:							
"#   Rosenthal, Y., D.W. Oppo, and B.K. Linsley. 2003. The amplitude and phasing of"							
"#     climate change during the last deglaciation in the Sulu Sea, western equatorial"							
#     Pacific. Geophysical Research Letters 30(8)1428.							
"#   Oppo, D.W., B.K. Linsley, Y. Rosenthal, S. Dannenmann, and L. Beaufort. 2003."							
"#     Orbital and suborbital climate variability in the Sulu Sea, western tropical"							
"#     Pacific. Geochemistry, Geophysics, Geosystems 4(1):1003."							
"#   Dannenmann, S., B.K. Linsley, D.W. Oppo, Y. Rosenthal, and L. Beaufort. 2003."							
#     East Asian monsoon forcing of suborbital variability in the Sulu Sea during marine							
"#     isotope stage 3: Link to northern hemisphere climate. Geochemistry, Geophysics,"							
#     Geosystems 4(1):1001.							
#------------------							
#							
# Description & Notes:							
#   Sulu Sea Core MD97-2141 Oxygen Isotope and Mg/Ca Data.							
"#   Depth is corrected for voids. REFERENCE FOR Age Model: Garidel-Thoron, T. de.,"							
"#   L. Beaufort, B. K. Linsley, and S. Dannenmann. 2001. High frequency dynamics"							
"#   of the East Asian Monsoon during the last 200,000 years, Paleoceanography, 16,"							
#   491–502.							
#							
# Variables:							
#             depth         Depth (cm)							
#             calyrBP       calendar years B.P. (B.P. = 1950)							
#             d18Og.rub-w212-250          delta O18 PDB (Globigerinoides ruber (white) 212-250 micron)							
#             dep.nvoid     Depth not corrected for voids							
#             d18Owater     delta O18 PDB (water)							
"#             Mg/Ca-g.rub-w   Magnesium/Calcium ratio (Globigerinoides ruber, white)"							
#             sst-mg/ca     Sea surface temperature from Mg/Ca (C)							
#							
# CORE: MD97-2141							
depth	calyrBP 	d18Og.rub-w212-250	dep.nvoid	d18Owater	Mg/Ca-g.rub-w	sst-mg/ca	notes
0	4286	-2.531	0	-999	-999	-999	
1	4334.286	-2.462	1	0.396	4.346	28.92	
2	4382.571	-2.579	2	-999	-999	-999	
3	4430.857	-2.6285	3	-999	-999	-999	
4	4479.143	-2.624	4	-999	-999	-999	
5	4527.429	-2.581	5	0.334	4.46	29.2	
6	4575.714	-2.483	6	0.423	4.442	29.15	
7	4624	-2.509	7	-999	-999	-999	
8	4672.286	-2.677	8	-999	-999	-999	
9	4720.571	-2.546	9	0.234	4.195	28.55	
10	4768.857	-2.484	10	-999	-999	-999	
11	4817.143	-2.49	11	-999	-999	-999	
12	4865.429	-2.467	12	-999	-999	-999	
13	4913.714	-2.736	13	-0.001	4.109	28.33	
14	4962	-2.789	14	-999	-999	-999	
15	4994.4	-2.668	15	0.297	4.564	29.44	
16	5026.8	-2.479	16	-999	-999	-999	
17	5059.2	-2.529	17	-999	-999	-999	
18	5091.6	-2.628	18	0.113	4.12	28.36	
19	5124	-2.632	19	-999	-999	-999	
20	5156.4	-2.58	20	0.306	4.403	29.06	
21	5188.8	-2.74	21	-999	-999	-999	
22	5221.2	-2.591	22	-999	-999	-999	
23	5253.6	-2.529	23	0.159	4.022	28.11	
24	5286	-2.471	24	-999	-999	-999	
25	5318.4	-2.524	25	0.378	4.435	29.14	
26	5350.8	-2.59	26	-999	-999	-999	
27	5383.2	-2.559	27	-999	-999	-999	
28	5415.6	-2.462	28	0.27	4.104	28.32	
29	5448	-2.411	29	-999	-999	-999	
30	5480.4	-2.627	30	0.404	4.703	29.75	
31	5512.8	-2.552	31	-999	-999	-999	
32	5545.2	-2.675	32	-999	-999	-999	
33	5577.6	-2.5745	33	0.231	4.243	28.67	
34	5610	-2.59	34	-999	-999	-999	
35	5642.4	-2.568	35	0.206	4.182	28.52	
36	5674.8	-2.479	36	-999	-999	-999	
37	5707.2	-2.582	37	-999	-999	-999	
38	5739.6	-2.669	38	0.047	4.073	28.24	
39	5772	-2.466	39	-999	-999	-999	
40	5804.4	-2.686	40	0.311	4.631	29.59	
41	5836.8	-2.738	41	-999	-999	-999	
42	5869.2	-2.592	42	-999	-999	-999	
43	5901.6	-2.545	43	0.251	4.226	28.63	
44	5934	-2.751	44	-999	-999	-999	
45	5966.4	-2.61	45	0.256	4.363	28.96	
46	5998.8	-2.666	46	-999	-999	-999	
47	6031.2	-2.653	47	0.333	4.608	29.54	
48	6063.6	-2.528	48	0.191	4.079	28.25	
49	6096	-2.613	49	-999	-999	-999	
50	6128.4	-2.638	50	0.45	4.826	30.03	
51	6160.8	-2.4805	51	-999	-999	-999	
52	6193.2	-2.629	52	0.312	4.515	29.32	
53	6225.6	-2.605	53	-999	-999	-999	
54	6258	-2.525	54	0.324	4.328	28.88	
55	6290.4	-2.644	55	0.292	4.503	29.3	
56	6322.8	-2.587	56	-999	-999	-999	
57	6355.2	-2.702	57	0.212	4.459	29.19	
58	6387.6	-2.635	58	0.211	4.322	28.86	
59	6420	-2.604	59	-999	-999	-999	
60	6481	-2.621	60	0.381	4.642	29.62	
61	6542	-2.694	61	-999	-999	-999	
62	6603	-2.577	62	0.304	4.393	29.03	
63	6664	-2.643	63	0.185	4.287	28.78	
64	6725	-2.611	64	-999	-999	-999	
65	6786	-2.535	65	0.454	4.613	29.55	
66	6847	-2.655	66	-999	-999	-999	
67	6908	-2.773	67	-999	-999	-999	
68	6969	-2.64	68	0.292	4.495	29.28	
69	7030	-2.651	69	0.056	4.058	28.2	
70	7091	-2.612	70	0.151	4.162	28.47	
71	7152	-2.711	71	0.128	4.308	28.83	
72	7213	-2.5755	72	-999	-999	-999	
73	7274	-2.469	73	-999	-999	-999	
74	7332.021	-2.448	74	0.35	4.228	28.63	
75	7390.042	-2.534	75	0.289	4.276	28.75	
76	7448.064	-2.577	76	0.223	4.233	28.65	
77	7506.085	-2.511	77	-999	-999	-999	
78	7564.106	-2.483	78	-999	-999	-999	
79	7622.128	-2.549	79	-999	-999	-999	
80	7680.149	-2.497	80	0.289	4.205	28.58	
81	7738.17	-2.6185	81	0.201	4.271	28.74	
82	7796.191	-2.458	82	-999	-999	-999	
83	7854.213	-2.37	83	-999	-999	-999	
84	7912.234	-2.52	84	0.334	4.337	28.9	
85	7970.255	-2.577	85	0.315	4.415	29.09	
86	8028.276	-2.314	86	-999	-999	-999	
87	8086.298	-2.539	87	0.332	4.372	28.99	
88	8144.319	-2.423	88	-999	-999	-999	
89	8202.341	-2.503	89	-999	-999	-999	
90	8260.361	-2.357	90	0.53	4.404	29.06	
91	8318.383	-2.4905	91	-999	-999	-999	
92	8376.404	-2.414	92	-999	-999	-999	
93	8434.426	-2.338	93	-999	-999	-999	
94	8492.447	-2.249	94	-999	-999	-999	
95	8550.468	-2.505	95	0.366	4.373	28.99	
96	8608.489	-2.568	96	-999	-999	-999	
97	8666.511	-2.603	97	0.162	4.166	28.48	
98	8724.532	-2.384	98	0.515	4.429	29.12	
99	8782.553	-2.138333	99	-999	-999	-999	
100	8840.574	-2.561	100	0.423	4.604	29.53	
101	8898.596	-2.344	101	-999	-999	-999	
102	8956.617	-2.574	102	0.45	4.689	29.72	
103	9014.639	-2.51	103	0.378	4.406	29.07	
104	9072.659	-2.391	104	0.537	4.488	29.26	
105	9130.681	-2.6055	105	0.316	4.475	29.23	
106	9188.702	-2.516	106	0.427	4.518	29.33	
107	9246.724	-2.405	107	0.691	4.845	30.07	
108	9304.745	-2.562	108	-999	-999	-999	
109	9362.766	-2.435	109	0.613	4.74	29.83	
110	9420.787	-2.5275	110	0.433	4.556	29.42	
111	9478.809	-2.506	111	0.407	4.457	29.19	
112	9536.83	-2.367	112	0.426	4.219	28.61	
113	9594.852	-2.6415	113	-999	-999	-999	
114	9652.872	-2.565	114	0.281	4.322	28.86	
115	9710.894	-2.516	115	0.485	4.64	29.61	
116	9768.915	-2.553	116	0.272	4.281	28.76	
117	9826.937	-2.665	117	0.272	4.506	29.3	
118	9884.957	-2.525	118	0.371	4.421	29.1	
119	9942.979	-2.581	119	0.236	4.265	28.72	
120	10001	-2.3625	120	-999	-999	-999	
121	10035.8	-2.641	121	0.242	4.396	29.04	
122	10070.6	-2.648	122	0.392	4.722	29.8	
123	10105.4	-2.574	123	0.228	4.236	28.65	
124	10140.2	-2.566	124	-999	-999	-999	
125	10175	-2.562	125	0.354	4.462	29.2	
126	10209.8	-2.35	126	0.461	4.254	28.7	
127	10244.6	-2.469	127	0.482	4.534	29.37	
128	10279.4	-2.482	128	0.368	4.331	28.89	
129	10314.2	-2.463	129	0.306	4.173	28.49	
130	10349	-2.516	130	0.313	4.289	28.78	
131	10383.8	-2.499	131	0.438	4.506	29.3	
132	10418.6	-2.568	132	0.381	4.53	29.36	
133	10453.4	-2.609	133	0.35	4.55	29.41	
134	10488.2	-2.519	134	0.353	4.374	28.99	
135	10523	-2.595	135	-999	-999	-999	
136	10557.8	-2.469	136	0.537	4.65	29.63	
137	10592.6	-2.397	137	0.472	4.369	28.98	
138	10627.4	-2.394	138	0.476	4.369	28.98	
139	10662.2	-2.3305	139	0.678	4.657	29.65	
140	10697	-2.594	140	-999	-999	-999	
141	10731.8	-2.395	141	0.554	4.53	29.36	
142	10766.6	-2.318	142	0.521	4.309	28.83	
143	10801.4	-2.393	143	0.422	4.262	28.72	
144	10836.2	-2.171	144	0.714	4.4	29.05	
145	10871	-2.298	145	0.55	4.326	28.87	
146	10905.8	-2.408	146	0.562	4.574	29.46	
147	10940.6	-2.386	147	0.54	4.484	29.25	
148	10975.4	-2.486	148	0.428	4.459	29.19	
149	11010.2	-2.46	149	0.601	4.768	29.9	
150	11045	-2.432	150	-999	-999	-999	
151	11058.5	-2.474	151	0.511	4.604	29.53	
152	11072	-2.226	152	0.88	4.867	30.11	
153	11085.5	-2.431	153	0.659	4.832	30.04	
154	11099	-2.129	154	-999	-999	-999	
155	11112.5	-2.2095	155	0.708	4.466	29.21	
156	11126	-2.035	156	0.87	4.44	29.15	
157	11139.5	-1.891	157	1.085	4.587	29.49	
158	11153	-2.306	158	-999	-999	-999	
159	11197.32	-2.063	159	-999	-999	-999	
160	11241.63	-1.928	160	0.95	4.387	29.02	
161	11285.95	-1.804	161	1.12	4.479	29.24	
162	11330.26	-1.664	162	-999	-999	-999	
163	11374.58	-1.841	163	1.15	4.619	29.56	
164	11418.89	-2.038	164	0.932	4.574	29.46	
165	11463.21	-2.06	165	0.926	4.607	29.54	
166	11507.53	-1.852	166	1.011	4.356	28.95	
167	11551.84	-1.957	167	1.013	4.573	29.46	
168	11596.16	-2.011	168	-999	-999	-999	
169	11640.47	-1.918	169	0.951	4.368	28.98	
170	11684.79	-1.928	170	1.02	4.528	29.35	
171	11729.11	-1.94	171	1.062	4.641	29.61	
172	11773.42	-1.943	172	0.955	4.425	29.11	
173	11817.74	-1.883	173	1.183	4.778	29.92	
174	11862.05	-1.892	174	1.174	4.779	29.92	
175	11906.37	-1.918	175	0.917	4.301	28.81	
176	11950.68	-1.903	176	1.068	4.576	29.46	
177	11995	-1.868	177	1.064	4.496	29.28	
178	12039.32	-1.702	178	1.173	4.38	29	
179	12083.63	-1.902	179	1.057	4.55	29.41	
180	12127.95	-1.962	180	0.803	4.165	28.47	
181	12172.26	-1.809	181	1.063	4.374	28.99	
182	12216.58	-2.0735	182	0.891	4.564	29.44	
183	12260.89	-1.948	183	0.801	4.135	28.4	
184	12305.21	-1.924	184	0.836	4.157	28.45	
185	12349.53	-1.896	185	0.966	4.354	28.94	
186	12393.84	-1.775	186	-999	-999	-999	
187	12438.16	-1.919	187	0.959	4.386	29.02	
188	12482.47	-2.065	188	0.826	4.411	29.08	
189	12526.79	-2.064	189	0.855	4.469	29.22	
190	12571.11	-1.899	190	1.01	4.449	29.17	
191	12615.42	-2.1235	191	0.804	4.486	29.26	
192	12659.74	-1.934	192	0.845	4.192	28.54	
193	12704.05	-1.842	193	-999	-999	-999	
194	12748.37	-2.0385	194	0.84	4.388	29.02	
195	12792.68	-1.875	195	1.029	4.439	29.14	
196	12837	-1.912	196	0.966	4.386	29.02	
197	12881.32	-2.048	197	0.743	4.215	28.6	
198	12925.63	-2.137	198	0.697	4.298	28.81	
199	12969.95	-1.983	199	-999	-999	-999	
200	13014.26	-2.157	200	-999	-999	-999	
201	13058.58	-2.103	201	0.609	4.067	28.22	
202	13102.89	-2.028	202	0.752	4.195	28.55	
203	13147.21	-2.084	203	0.663	4.132	28.39	
204	13191.53	-2.028	204	0.846	4.379	29	
205	13235.84	-2.118	205	-999	-999	-999	
206	13309.77	-2.158	206	-999	-999	-999	
207	13413.31	-2.045	207	-999	-999	-999	
208	13516.85	-2.048	208	0.855	4.437	29.14	
209	13620.38	-1.869	209	1.071	4.512	29.32	
210	13723.92	-2.117	210	0.717	4.299	28.81	
211	13827.46	-1.877	211	0.797	3.996	28.04	
212	13931	-1.715	212	-999	-999	-999	
213	13990.66	-1.818	213	0.894	4.066	28.22	
214	14050.31	-1.766	214	1.059	4.281	28.76	
215	14109.97	-1.961	215	0.914	4.38	29	
216	14169.62	-1.91	216	0.882	4.217	28.6	
217	14229.28	-1.923	217	0.852	4.184	28.52	
218	14288.93	-1.8235	218	-999	-999	-999	
219	14348.59	-1.842	219	-999	-999	-999	
220	14408.24	-1.683	220	0.879	3.797	27.5	
221	14467.9	-1.829	221	0.886	4.072	28.24	
222	14527.55	-1.842	222	1.045	4.404	29.06	
223	14587.21	-1.576	223	1.025	3.865	27.69	
224	14646.86	-1.507	224	1.107	3.889	27.75	
225	14706.52	-1.438	225	1.217	3.962	27.95	
226	14766.17	-1.595	226	-999	-999	-999	
227	14842.46	-1.276	227	-999	-999	-999	
228	14935.37	-1.4565	228	-999	-999	-999	
229	15028.29	-1.568	229	1.032	3.863	27.68	
230	15121.2	-1.394	230	1.268	3.975	27.98	
231	15214.11	-1.544	231	-999	-999	-999	
232	15307.03	-1.746	232	1.065	4.254	28.7	
233	15399.94	-1.61	233	1.166	4.187	28.53	
234	15492.86	-1.651	234	0.975	3.91	27.81	
235	15585.77	-1.377	235	-999	-999	-999	
236	15678.69	-1.381	236	1.202	3.833	27.6	
237	15771.6	-1.47	237	1.018	3.671	27.14	
238	15864.51	-1.378	238	1.253	3.919	27.83	
239	15957.43	-1.372	239	-999	-999	-999	
240	16050.34	-1.36	240	1.077	3.587	26.9	
241	16143.26	-1.334	241	-999	-999	-999	
242	16236.17	-1.262	242	1.358	3.898	27.78	
243	16329.09	-1.225	243	1.416	3.937	27.88	
244	16422	-1.1705	244	1.562	4.106	28.32	
245	16453.12	-1.32	245	1.197	3.72	27.29	
246	16484.24	-1.313	246	1.238	3.779	27.45	
247	16515.36	-1.364	247	1.376	4.118	28.36	
248	16546.48	-1.512	248	1.193	4.053	28.19	
249	16577.6	-1.581	249	1.041	3.903	27.79	
250	16608.72	-1.413	250	1.185	3.861	27.68	
251	16639.84	-1.42	251	1.057	3.654	27.1	
252	16670.96	-1.427	252	-999	-999	-999	
253	-999	-999	253	-999	-999	-999	
254	16733.2	-1.47	254	-999	-999	-999	
255	16764.32	-1.565	255	0.773	3.428	26.42	
256	16795.44	-1.59	256	-999	-999	-999	
257	16826.56	-1.581	257	-999	-999	-999	
258	16857.68	-1.447	258	-999	-999	-999	
259	16888.8	-1.365	259	-999	-999	-999	
260	16919.92	-1.484	260	0.829	3.389	26.3	
261	16951.04	-1.319	261	-999	-999	-999	
262	16982.16	-1.52	262	-999	-999	-999	
263	17013.28	-1.4	263	-999	-999	-999	
264	17044.4	-1.493	264	-999	-999	-999	
265	17075.52	-1.343	265	0.984	3.411	26.37	
266	17106.64	-1.488	266	-999	-999	-999	
267	17137.76	-1.401	267	-999	-999	-999	
268	17168.88	-1.347	268	-999	-999	-999	
269	17200	-1.264	269	-999	-999	-999	
270	17230.08	-1.458	270	1.194	3.956	27.93	
271	17260.15	-1.363	271	-999	-999	-999	
272	17290.23	-1.376	272	-999	-999	-999	
273	17320.31	-1.406	273	-999	-999	-999	
274	17350.38	-1.48	274	1.123	3.868	27.7	
275	17380.46	-1.507	275	-999	-999	-999	
276	17410.54	-1.445	276	1.111	3.786	27.47	
277	17440.62	-1.428	277	-999	-999	-999	
278	17470.69	-1.357	278	1.104	3.626	27.02	
279	17500.77	-1.51	279	-999	-999	-999	
280	17530.85	-1.473	280	-999	-999	-999	
281	17560.92	-1.409	281	0.978	3.506	26.66	
282	17591	-1.542	282	-999	-999	-999	
283	17628.86	-1.3625	283	-999	-999	-999	
284	17666.72	-1.631	284	0.793	3.566	26.84	
285	17704.58	-1.406	285	-999	-999	-999	
286	17742.44	-1.323	286	1.312	3.927	27.85	
287	17780.3	-1.501	287	-999	-999	-999	
288	17818.16	-1.425	288	-999	-999	-999	
289	17856.02	-1.551	289	0.774	3.408	26.36	
290	17893.88	-1.449	290	-999	-999	-999	
291	17931.74	-1.404	291	1.195	3.862	27.68	
292	17969.6	-1.599	292	-999	-999	-999	
293	18007.46	-1.508	293	-999	-999	-999	
294	18045.32	-1.551	294	0.922	3.646	27.07	
295	18083.18	-1.54	295	-999	-999	-999	
296	18121.04	-1.573	296	0.92	3.68	27.17	
297	18158.89	-1.5165	297	-999	-999	-999	
298	18196.75	-1.382	298	1.107	3.674	27.15	
299	18234.61	-1.563	299	-999	-999	-999	
300	18272.47	-1.577	300	0.729	3.379	26.27	
301	18310.33	-1.642	301	-999	-999	-999	
302	18348.19	-1.404	302	1.222	3.909	27.81	
303	18386.05	-1.542	303	-999	-999	-999	
304	18423.91	-1.669	304	-999	-999	-999	
305	18461.77	-1.511	305	0.844	3.456	26.51	
306	18499.63	-1.627	306	-999	-999	-999	
307	18537.49	-1.437	307	1.187	3.906	27.8	
308	18575.35	-1.4	308	-999	-999	-999	
309	18613.21	-1.594	309	-999	-999	-999	
310	18651.07	-1.431	310	0.926	3.459	26.52	
311	18688.93	-1.736	311	-999	-999	-999	
312	18726.79	-1.6285	312	0.883	3.712	27.26	
313	18764.65	-1.573	313	-999	-999	-999	
314	18802.51	-1.478	314	-999	-999	-999	
315	18840.37	-1.551	315	0.752	3.375	26.26	
316	18878.23	-1.44	316	-999	-999	-999	
317	18916.09	-1.775	317	0.71	3.667	27.13	
318	18953.95	-1.47	318	-999	-999	-999	
319	18991.81	-1.633	319	0.739	3.482	26.59	
320	19029.67	-1.756	320	-999	-999	-999	
321	19067.53	-1.406	321	0.98	3.505	26.66	
322	19105.39	-1.529	322	-999	-999	-999	
323	19143.25	-1.348	323	-999	-999	-999	
324	19181.11	-1.834	324	0.493	3.411	26.37	
325	19218.96	-1.472	325	-999	-999	-999	
326	19256.82	-1.451	326	1.045	3.685	27.19	
327	19294.68	-1.802	327	-999	-999	-999	
328	19332.54	-1.585	328	0.855	3.593	26.92	
329	19370.4	-1.528	329	-999	-999	-999	
330	19408.26	-1.716	330	0.643	3.462	26.53	
331	19446.12	-1.51	331	-999	-999	-999	
332	19483.98	-1.652	332	0.723	3.487	26.6	
333	19521.84	-1.567	333	-999	-999	-999	
334	19559.7	-1.737	334	-999	-999	-999	
335	19597.56	-1.798	335	0.538	3.425	26.42	
336	19635.42	-1.581	336	-999	-999	-999	
337	19673.28	-1.762	337	0.662	3.566	26.84	
338	19711.14	-1.4665	338	-999	-999	-999	
339	19750	-1.52	339	-999	-999	-999	
340	19770	-1.535	340	-999	-999	-999	
341	19800	-1.516	341	0.963	3.656	27.1	
342	19820	-1.546	342	-999	-999	-999	
343	19840	-1.505	343	0.793	3.367	26.23	
344	19870	-1.38	344	-999	-999	-999	
345	19890	-1.531	345	0.896	3.571	26.85	
346	19910	-1.554	346	-999	-999	-999	
347	19940	-1.603	347	0.763	3.473	26.56	
348	19960	-1.659	348	-999	-999	-999	
349	19980	-1.545	349	-999	-999	-999	
350	20010	-1.64	350	0.576	3.243	25.84	
351	20030	-1.523	351	-999	-999	-999	
352	20050	-1.545	352	-999	-999	-999	
353	20080	-1.482	353	-999	-999	-999	
354	20100	-1.61	354	-999	-999	-999	
355	20130	-1.619667	355	0.715	3.424	26.41	
356	20150	-1.519333	356	-999	-999	-999	
357	20170	-1.633667	357	0.753	3.506	26.66	
358	20200	-1.585	358	-999	-999	-999	
359	20220	-1.452	359	0.875	3.411	26.37	
360	20240	-1.534	360	-999	-999	-999	
361	20270	-1.551	361	0.921	3.645	27.07	
362	20290	-1.7375	362	-999	-999	-999	
363	20310	-1.68	363	-999	-999	-999	
364	20340	-1.707	364	0.685	3.515	26.69	
365	20360	-1.734	365	-999	-999	-999	
366	20380	-1.574	366	0.971	3.767	27.42	
367	20410	-1.518	367	0.941	3.624	27.01	
368	20430	-1.507	368	-999	-999	-999	
369	20470	-1.619	369	-999	-999	-999	
371	20560	-1.7195	371	0.714	3.583	26.89	
372	20610	-1.5095	372	-999	-999	-999	
373	20650	-1.639	373	0.795	3.581	26.89	
374	20700	-1.602	374	-999	-999	-999	
375	20740	-1.396	375	1.069	3.632	27.03	
376	20790	-1.387	376	-999	-999	-999	
377	20830	-1.719	377	0.696	3.552	26.8	
378	20870	-1.568	378	-999	-999	-999	
379	20920	-1.458	379	-999	-999	-999	
380	20960	-1.672	380	-999	-999	-999	
381	21010	-1.485	381	0.775	3.309	26.05	
382	21050	-1.699	382	-999	-999	-999	
383	21100	-1.617	383	0.713	3.416	26.39	
384	21140	-1.557	384	-999	-999	-999	
385	21180	-1.562	385	0.787	3.446	26.48	
386	21230	-1.643	386	-999	-999	-999	
387	21270	-1.632	387	0.738	3.479	26.58	
388	21320	-1.578	388	-999	-999	-999	
389	21360	-1.513	389	0.827	3.432	26.44	
390	21410	-1.677	390	-999	-999	-999	
391	21450	-1.765	391	0.636	3.529	26.73	
392	21500	-1.725	392	-999	-999	-999	
393	21540	-1.931	393	0.569	3.692	27.21	
394	21580	-1.73	394	-999	-999	-999	
395	21630	-1.58	395	0.76	3.432	26.44	
396	21670	-1.74	396	-999	-999	-999	
397	21720	-1.542	397	0.782	3.407	26.36	
398	21760	-1.57	398	-999	-999	-999	
399	21810	-1.672	399	0.645	3.396	26.33	
400	21850	-1.643	400	-999	-999	-999	
401	-999	-1.436	401	-999	-999	-999	hiatus
402	-999	-1.589	402	-999	-999	-999	hiatus
403	-999	-1.5965	403	-999	-999	-999	hiatus
404	-999	-1.701	404	-999	-999	-999	hiatus
405	-999	-1.696	405	-999	-999	-999	hiatus
406	-999	-1.398	406	-999	-999	-999	hiatus
407	-999	-1.766	407	-999	-999	-999	hiatus
408	-999	-1.702	408	-999	-999	-999	hiatus
409	-999	-1.675	409	-999	-999	-999	hiatus
410	-999	-2.018	410	-999	-999	-999	hiatus
411	-999	-1.757	411	-999	-999	-999	hiatus
412	-999	-1.9095	412	-999	-999	-999	hiatus
413	-999	-2.003	413	-999	-999	-999	hiatus
414	-999	-1.733	414	-999	-999	-999	hiatus
415	-999	-1.9	415	-999	-999	-999	hiatus
416	-999	-1.88	416	-999	-999	-999	hiatus
417	-999	-2.017	417	-999	-999	-999	hiatus
418	-999	-1.943	418	-999	-999	-999	hiatus
419	-999	-1.997	419	-999	-999	-999	hiatus
420	-999	-1.94	420	-999	-999	-999	hiatus
421	27230	-1.776	421	0.464	3.641	27.06	
422	27490	-1.873	422	-999	-999	-999	
423	27740	-2.181	423	0.737	3.683	27.18	
424	28000	-2.111	424	-999	-999	-999	
425	28260	-1.861	425	0.681	3.408	26.36	
426	28510	-2.106	426	-999	-999	-999	
427	28770	-1.7235	427	0.439	3.626	27.02	
428	29030	-2.002	428	-999	-999	-999	
429	29280	-1.959	429	-999	-999	-999	
430	29540	-1.878	430	0.761	3.792	27.49	
431	29790	-1.916	431	-999	-999	-999	
432	30050	-2.037	432	-999	-999	-999	
433	30310	-2.052	433	0.726	3.677	27.16	
434	30560	-1.983	434	-999	-999	-999	
435	30820	-1.78	435	0.563	3.761	27.4	
436	31080	-1.7745	436	0.402	3.692	27.21	
437	31330	-1.919	437	0.497	3.662	27.12	
438	31590	-1.829	438	-999	-999	-999	
439	31840	-1.969	439	0.705	3.48	26.58	
440	32100	-1.941	440	-999	-999	-999	
441	32160	-1.881	441	0.572	3.492	26.62	
442	32230	-2.036	442	-999	-999	-999	
443	32290	-1.699	443	0.346	3.534	26.75	
444	32360	-1.875	444	-999	-999	-999	
445	32420	-1.8845	445	0.404	3.62	27	
446	32490	-1.92	446	-999	-999	-999	
447	32550	-2.016	447	0.426	3.467	26.54	
448	32620	-2.045	448	-999	-999	-999	
449	32680	-1.906	449	0.058	3.386	26.29	
450	32750	-1.935	450	0.168	3.466	26.54	
451	32810	-2.162	451	0.229	3.249	25.86	
452	32880	-1.884	452	-999	-999	-999	
453	32940	-2.215	453	0.255	3.5	26.64	
454	33010	-2.019	454	-999	-999	-999	
455	33070	-2.134	455	0.48	3.468	26.55	
456	33140	-2.116	456	-999	-999	-999	
457	33200	-2.174	457	0.07	3.574	26.86	
458	33270	-2.084	458	-999	-999	-999	
459	33330	-1.86	459	0.213	3.432	26.44	
460	33400	-1.988	460	-999	-999	-999	
461	33460	-2.2185	461	0.174	3.354	26.19	
462	33530	-2.228	462	-999	-999	-999	
463	33590	-2.025	463	0.78	3.276	25.95	
464	33660	-2.329	464	0.503	3.697	27.22	
465	33720	-2.066	465	-999	-999	-999	
466	33790	-2.081	466	-999	-999	-999	
467	33850	-1.781	467	0.231	3.796	27.5	
468	33920	-2.037	468	-999	-999	-999	
469	33980	-2.057	469	0.513	3.794	27.49	
470	34050	-1.944	470	-999	-999	-999	
471	34110	-2.186	471	0.639	3.555	26.81	
472	34180	-2.02	472	-999	-999	-999	
473	34240	-2.043	473	-999	-999	-999	
474	34310	-1.975	474	0.413	3.671	27.14	
475	34370	-2	475	-999	-999	-999	
476	34440	-1.855	476	-999	-999	-999	
477	34500	-1.857	477	0.65	3.684	27.18	
478	34570	-2.024	478	-999	-999	-999	
479	34630	-2.169	479	0.381	3.833	27.6	
480	34700	-1.862	480	-999	-999	-999	
481	34760	-1.847	481	0.549	3.686	27.19	
482	34830	-1.925	482	-999	-999	-999	
483	34890	-1.922	483	-999	-999	-999	
484	34960	-2.128	484	0.366	3.707	27.25	
485	35020	-2.026	485	-999	-999	-999	
486	35090	-1.922	486	0.274	3.643	27.06	
487	35150	-2.019	487	-999	-999	-999	
488	35260	-2.083	488	-999	-999	-999	
489	35370	-2.22	489	0.53	3.839	27.62	
490	35480	-1.884	490	-999	-999	-999	
491	35590	-2.011	491	-999	-999	-999	
492	35700	-2.144	492	0.248	3.556	26.81	
493	35810	-2.04	493	-999	-999	-999	
494	35920	-2.021	494	0.669	3.779	27.45	
495	36030	-1.942	495	-999	-999	-999	
496	36140	-2.209	496	0.672	3.62	27	
497	36250	-2.033	497	-999	-999	-999	
498	36360	-1.896	498	0.511	3.802	27.51	
499	36470	-2.069	499	-999	-999	-999	
500	36580	-1.814	500	0.407	3.668	27.14	
501	36690	-1.78	501	-999	-999	-999	
502	36800	-2.041	502	-999	-999	-999	
503	36910	-1.889	503	-999	-999	-999	
504	37020	-2.076	504	-999	-999	-999	
505	37130	-2.072	505	0.685	3.834	27.6	
506	37240	-2.203	506	-999	-999	-999	
507	37300	-2.292	507	-999	-999	-999	
508	37310	-2.181	508	0.592	3.842	27.63	
509	37330	-1.916	509	-999	-999	-999	
510	37350	-1.884	510	0.297	3.81	27.54	
511	37360	-1.9995	511	0.691	3.85	27.65	
512	37380	-2.207	512	0.354	3.699	27.22	
513	37400	-2.009	513	-999	-999	-999	
514	37410	-1.881	514	0.683	3.816	27.55	
515	37430	-2.083	515	0.622	3.587	26.9	
516	37450	-1.912	516	-999	-999	-999	
517	37460	-1.9535	517	-999	-999	-999	
518	37480	-1.802	518	0.853	3.666	27.13	
519	37500	-1.883	519	-999	-999	-999	
520	37510	-1.959	520	0.613	3.83	27.59	
521	37530	-1.711	521	-999	-999	-999	
522	37550	-1.709	522	0.863	3.797	27.5	
523	37560	-1.798	523	-999	-999	-999	
524	37580	-1.812	524	-999	-999	-999	
525	37600	-1.842	525	0.969	3.616	26.99	
526	37610	-1.48	526	-999	-999	-999	
527	37630	-1.635	527	0.954	3.688	27.19	
528	37650	-1.735	528	-999	-999	-999	
529	37660	-1.481	529	0.831	3.609	26.96	
530	37680	-1.809	530	-999	-999	-999	
531	37690	-1.51	531	0.806	3.632	27.03	
532	37710	-1.515	532	-999	-999	-999	
533	37730	-1.735	533	0.967	3.804	27.52	
534	37740	-1.538	534	-999	-999	-999	
535	37760	-1.636	535	0.644	3.596	26.93	
536	37780	-1.5455	536	-999	-999	-999	
537	37790	-1.738	537	-999	-999	-999	
538	37810	-1.452	538	-999	-999	-999	
539	37830	-1.4945	539	-999	-999	-999	
540	37840	-1.632	540	0.944	3.861	27.68	
541	37860	-1.705	541	0.823	3.446	26.48	
542	37880	-1.471	542	-999	-999	-999	
543	37890	-1.467	543	-999	-999	-999	
544	37980	-1.486	544	0.751	3.576	26.87	
545	38070	-1.615	545	0.684	3.588	26.9	
546	38160	-1.678	546	0.663	3.574	26.86	
547	38250	-1.912	547	0.466	3.857	27.66	
548	38340	-1.638	548	-999	-999	-999	
549	38430	-1.765	549	-999	-999	-999	
550	38520	-1.822	550	0.576	3.667	27.13	
551	38610	-1.808	551	-999	-999	-999	
552	38700	-1.9855	552	0.409	3.612	26.97	
553	38790	-2.146	553	-999	-999	-999	
554	38850	-1.908	554	-999	-999	-999	
555	38900	-1.887	555	0.684	3.629	27.03	
556	38960	-2.017	556	0.506	3.569	26.85	
557	39020	-1.842	557	0.55	3.735	27.33	
558	39080	-2.062	558	-999	-999	-999	
559	39130	-1.978	559	-999	-999	-999	
560	39190	-2.086	560	0.545	3.85	27.65	
561	39250	-1.826	561	-999	-999	-999	
562	39300	-1.96	562	-999	-999	-999	
563	39360	-1.896	563	0.39	3.602	26.95	
564	39420	-1.922	564	-999	-999	-999	
565	39480	-1.897	565	-999	-999	-999	
566	39530	-1.863	566	0.294	3.54	26.76	
567	39590	-1.864	567	-999	-999	-999	
568	39650	-1.924	568	0.475	3.391	26.31	
569	39700	-1.9805	569	-999	-999	-999	
570	39760	-2.197	570	0.425	3.676	27.16	
571	39820	-1.9	571	-999	-999	-999	
572	39880	-1.898	572	-999	-999	-999	
573	39930	-1.983	573	-999	-999	-999	
574	39990	-1.755	574	-999	-999	-999	
575	40050	-1.945	575	0.552	3.559	26.82	
576	40100	-1.979	576	-999	-999	-999	
577	40160	-1.957	577	-999	-999	-999	
578	40220	-2.1	578	-999	-999	-999	
579	40280	-2.15	579	0.499	3.821	27.57	
580	40330	-1.986	580	-999	-999	-999	
581	40390	-1.878	581	0.371	3.576	26.87	
582	40450	-1.986	582	-999	-999	-999	
583	40510	-1.814	583	-999	-999	-999	
584	40560	-1.939	584	-999	-999	-999	
585	40620	-1.924	585	-999	-999	-999	
586	40680	-1.9	586	0.656	3.526	26.72	
587	40730	-2.085	587	-999	-999	-999	
588	40790	-2.033	588	0.5	3.533	26.74	
589	40850	-1.899	589	-999	-999	-999	
590	40910	-1.871	590	0.574	3.737	27.33	
591	40960	-2.029	591	0.558	3.741	27.34	
592	41020	-1.899	592	-999	-999	-999	
593	41080	-1.818	593	0.674	3.514	26.68	
594	41130	-1.715	594	-999	-999	-999	
595	41190	-1.883	595	-999	-999	-999	
596	41250	-2.038	596	-999	-999	-999	
597	41310	-2.034	597	0.47	3.849	27.64	
598	41360	-1.6745	598	-999	-999	-999	
599	41420	-2.2585	599	-999	-999	-999	
600	41480	-1.947	600	0.645	3.901	27.79	
601	41540	-2.075	601	-999	-999	-999	
602	41590	-2.146	602	0.654	3.892	27.76	
603	41650	-2.024	603	-999	-999	-999	
604	41710	-2.001	604	0.286	3.945	27.9	
605	41770	-2.028	605	-999	-999	-999	
606	41820	-2.229	606	-999	-999	-999	
607	41880	-1.916	607	-999	-999	-999	
608	41940	-1.8945	608	-999	-999	-999	
609	42000	-2.035	609	-999	-999	-999	
610	42050	-1.94	610	0.447	3.854	27.66	
611	42110	-2.06	611	-999	-999	-999	
612	42170	-2.077	612	-999	-999	-999	
613	42230	-2.166	613	-999	-999	-999	
614	42280	-2.301	614	0.495	3.841	27.62	
615	42340	-2.0605	615	-999	-999	-999	
616	42400	-2.079	616	0.663	3.736	27.33	
617	42460	-1.855	617	-999	-999	-999	
618	42510	-2.055	618	0.555	3.776	27.44	
619	42570	-1.98	619	-999	-999	-999	
620	42630	-1.99	620	0.519	3.957	27.94	
621	42690	-1.793	621	-999	-999	-999	
622	42740	-1.932	622	0.635	3.67	27.14	
623	42800	-1.903	623	-999	-999	-999	
624	42860	-2.0245	624	0.419	3.766	27.41	
625	42920	-1.995	625	-999	-999	-999	
626	42970	-1.886	626	-999	-999	-999	
627	43030	-1.791	627	-999	-999	-999	
628	43090	-1.727	628	0.595	3.467	26.54	
629	43150	-1.757	629	-999	-999	-999	
630	43200	-1.8115	630	-999	-999	-999	
631	43260	-1.9905	631	-999	-999	-999	
632	43320	-1.801	632	-999	-999	-999	
633	43370	-1.938	633	-999	-999	-999	
634	43430	-1.888	634	-999	-999	-999	
635	43490	-2.025	635	-999	-999	-999	
636	43550	-1.94	636	0.472	3.461	26.53	
637	43600	-1.99	637	-999	-999	-999	
638	43660	-1.864	638	-999	-999	-999	
639	43720	-1.947	639	-999	-999	-999	
640	43780	-1.933	640	0.425	3.739	27.34	
641	43830	-1.937	641	-999	-999	-999	
642	43890	-1.995	642	-999	-999	-999	
643	43950	-1.945	643	-999	-999	-999	
644	44010	-1.963	644	0.597	3.584	26.89	
645	44060	-1.924	645	-999	-999	-999	
646	44120	-2.2575	646	-999	-999	-999	
647	44180	-2.029	647	-999	-999	-999	
648	44240	-2.0615	648	-999	-999	-999	
649	44290	-2.054	649	-999	-999	-999	
650	44350	-2.137	650	0.253	3.798	27.5	
651	44410	-2.148	651	-999	-999	-999	
652	44470	-1.927	652	-999	-999	-999	
653	44520	-2.166	653	-999	-999	-999	
654	44580	-1.973	654	0.36	3.811	27.54	
655	44640	-2.186	655	-999	-999	-999	
656	44700	-2.355	656	0.408	3.877	27.72	
657	44750	-2.336	657	-999	-999	-999	
658	44810	-2.167	658	0.485	3.737	27.33	
659	44870	-1.97	659	-999	-999	-999	
660	44930	-2.135	660	0.28	3.765	27.41	
661	44980	-2.21	661	-999	-999	-999	
662	45040	-2.272	673	-999	-999	-999	
663	45100	-2.278	674	-999	-999	-999	
664	45160	-2.041	675	0.344	3.736	27.33	
665	45210	-2.284	676	0.304	3.847	27.64	
666	45270	-2.31	677	0.305	3.913	27.82	
667	45330	-2.286	678	-999	-999	-999	
668	45390	-2.092	679	-999	-999	-999	
669	45440	-2.193	680	-999	-999	-999	
670	45500	-2.303	681	0.435	3.876	27.72	
671	45560	-2.03	682	-999	-999	-999	
672	45620	-2.166	683	-999	-999	-999	
673	45670	-2.2505	684	0.616	3.787	27.47	
674	45730	-2.273	685	-999	-999	-999	
675	45790	-2.346	686	0.464	4.197	28.55	
676	45850	-2.241	687	-999	-999	-999	
677	45900	-2.1	688	0.76	4.073	28.24	
678	45960	-2.069	689	0.928	3.748	27.36	
679	46020	-1.963	690	0.569	4.087	28.28	
680	46080	-2.107333	691	-999	-999	-999	
681	46130	-1.913	692	-999	-999	-999	
682	46190	-1.934	693	-999	-999	-999	
683	46250	-1.7775	694	0.421	4.056	28.2	
684	46310	-2.276	695	-999	-999	-999	
685	46360	-1.957	696	-999	-999	-999	
686	46420	-1.997	697	0.603	3.805	27.52	
687	46480	-1.821	698	-999	-999	-999	
688	46540	-2.06	699	-999	-999	-999	
689	46590	-2.107	700	0.518	3.739	27.34	
690	46650	-2.077	701	-999	-999	-999	
691	46710	-1.757	702	-999	-999	-999	
692	46760	-1.866	703	1.017	3.64	27.06	
693	46820	-1.865	704	-999	-999	-999	
694	46880	-1.845	705	-999	-999	-999	
695	46940	-1.919	706	-999	-999	-999	
696	46990	-2.018	707	-999	-999	-999	
697	47050	-1.849	708	-999	-999	-999	
698	47110	-2.023	709	0.552	3.761	27.4	
699	47170	-1.677	710	0.703	4.033	28.14	
700	47220	-1.838	711	-999	-999	-999	
701	47280	-2.048	712	-999	-999	-999	
702	47340	-2.012	713	0.889	3.801	27.51	
703	47400	-1.896	714	-999	-999	-999	
704	47450	-1.995333	715	-999	-999	-999	
705	47510	-1.997	716	0.363	4.044	28.16	
706	47570	-1.783	717	-999	-999	-999	
707	47630	-1.726	718	0.484	3.89	27.75	
708	47680	-1.94	719	-999	-999	-999	
709	47740	-1.992	720	-999	-999	-999	
710	47800	-2.146	721	0.505	3.707	27.25	
711	47860	-2.062	722	-999	-999	-999	
712	47910	-2.118	723	-999	-999	-999	
713	47970	-2.1885	724	0.842	3.994	28.03	
714	48030	-1.958	725	-999	-999	-999	
715	48090	-1.963	726	-999	-999	-999	
716	48140	-2.005	727	-999	-999	-999	
717	48200	-1.933	728	-999	-999	-999	
718	48260	-2.158	729	0.231	3.976	27.99	
719	48320	-2.016	730	-999	-999	-999	
720	48370	-1.984	731	-999	-999	-999	
721	48430	-1.862	732	0.154	4.051	28.18	
722	48490	-2.077	733	-999	-999	-999	
723	48550	-2.291	734	0.402	3.728	27.31	
724	48600	-1.899	735	-999	-999	-999	
725	48660	-2.153	736	-999	-999	-999	
726	48720	-1.969	737	-999	-999	-999	
727	48780	-2.329	738	0.263	3.662	27.12	
728	48830	-2.177	739	-999	-999	-999	
729	48890	-2.143	740	-999	-999	-999	
730	48950	-2.097	741	0.315	3.69	27.2	
731	49010	-2.172	742	-999	-999	-999	
732	49060	-2.237	743	0.191	3.692	27.21	
733	49120	-2.284	744	-999	-999	-999	
734	49180	-2.223	745	-999	-999	-999	
735	49240	-2.268	746	0.518	3.835	27.6	
736	49290	-2.275	747	-999	-999	-999	
737	49350	-2.2885	748	0.304	3.658	27.11	
738	49410	-2.036	749	-999	-999	-999	
739	49470	-2.029	750	0.01	3.772	27.43	
740	49520	-2.152	751	-999	-999	-999	
741	49580	-2.041	752	-999	-999	-999	
742	49640	-2.334	753	0.21	3.932	27.87	
743	49700	-2.057	754	-999	-999	-999	
744	49750	-2.462	755	-999	-999	-999	
745	49810	-2.476	756	0.289	3.668	27.14	
746	49870	-2.25	757	-999	-999	-999	
747	49930	-2.241	758	0.091	3.61	26.97	
748	49980	-2.394	759	-999	-999	-999	
749	50040	-2.11	760	-999	-999	-999	
750	50100	-2.153	761	0.36	3.595	26.92	
751	50150	-2.205	762	-999	-999	-999	
752	50210	-2.238	763	-999	-999	-999	
753	50270	-2.412	764	0.045	3.696	27.22	
754	50330	-2.274	765	-999	-999	-999	
755	50380	-2.143	766	-999	-999	-999	
756	50440	-2.217	767	-999	-999	-999	
757	50500	-2.067	768	0.678	3.571	26.85	
758	50560	-2.209	769	-999	-999	-999	
759	50610	-2.172	770	-999	-999	-999	
760	50670	-2.429	771	0.131	3.648	27.08	
761	50730	-2.223	772	-999	-999	-999	
762	50790	-2.3065	773	-999	-999	-999	
763	50840	-2.4	774	-999	-999	-999	
764	50900	-2.059	775	0.246	4.113	28.34	
765	50960	-2.279	776	-999	-999	-999	
766	51020	-2.44	777	0.782	3.813	27.54	
767	51070	-2.304	778	-999	-999	-999	
768	51130	-2.348	779	-999	-999	-999	
769	51190	-2.311	780	-999	-999	-999	
770	51250	-2.234	781	-999	-999	-999	
771	51300	-2.251	782	-999	-999	-999	
772	51360	-2.405	783	0.538	3.955	27.93	
773	51420	-1.948	784	0.635	4.1	28.31	
774	51480	-2.114	785	-999	-999	-999	
775	51530	-2.009	786	-999	-999	-999	
776	51590	-2.092	787	0.299	3.916	27.83	
777	51650	-2.088	788	-999	-999	-999	
778	51710	-2.217	789	-999	-999	-999	
779	51760	-2.118	790	-999	-999	-999	
780	51820	-2.081	791	0.896	4.074	28.24	
781	51880	-2.213	792	-999	-999	-999	
782	51940	-2.303	793	0.221	3.868	27.7	
783	51990	-2.185	794	-999	-999	-999	
784	52050	-1.87	795	0.442	4.168	28.48	
785	52110	-2.269	796	-999	-999	-999	
786	52170	-2.352	797	0.347	3.817	27.55	
787	52220	-2.0915	798	-999	-999	-999	
788	52280	-2.196	799	0.818	3.931	27.87	
789	52340	-2.05	800	-999	-999	-999	
790	52400	-1.893	801	-999	-999	-999	
791	52450	-2.316	802	-999	-999	-999	
792	52510	-2.347	803	-999	-999	-999	
793	52570	-2.372	804	0.405	4.078	28.25	
794	52630	-1.907	805	-999	-999	-999	
795	52680	-1.912	806	0.725	4.099	28.31	
796	52740	-2.217	807	-999	-999	-999	
797	52800	-2.332	808	0.695	4.114	28.34	
798	52860	-1.947	809	0.849	3.992	28.03	
799	52910	-1.884	810	-999	-999	-999	
800	52970	-1.843	811	1.081	3.756	27.39	
801	53030	-1.968	812	-999	-999	-999	
802	53090	-1.795	813	0.559	3.942	27.89	
803	53140	-1.7945	814	-999	-999	-999	
804	53200	-1.638	815	-999	-999	-999	
805	53260	-1.533	816	0.564	3.888	27.75	
806	53320	-2.147	817	0.658	4.055	28.19	
807	53370	-1.999	818	0.892	3.799	27.51	
808	53430	-1.666	819	-999	-999	-999	
809	53490	-1.978	820	-999	-999	-999	
810	53550	-1.981	821	0.707	3.933	27.87	
811	53600	-1.807	822	-999	-999	-999	
812	53660	-1.796333	823	-999	-999	-999	
813	53720	-1.659	824	-999	-999	-999	
814	53770	-1.689	825	0.766	3.83	27.59	
815	53830	-1.797	826	-999	-999	-999	
816	53890	-1.653	827	-999	-999	-999	
817	53950	-1.846	828	-999	-999	-999	
818	54000	-1.98	829	0.767	4.02	28.1	
819	54060	-1.71	830	-999	-999	-999	
820	54120	-1.769	831	0.839	3.752	27.37	
821	54180	-1.8605	832	-999	-999	-999	
822	54230	-1.721	833	-999	-999	-999	
823	54290	-1.897	834	-999	-999	-999	
824	54350	-1.757	835	-999	-999	-999	
825	54410	-1.8145	836	0.583	3.832	27.6	
826	54460	-1.8765	837	-999	-999	-999	
827	54520	-1.741	838	0.173	3.828	27.59	
828	54580	-2.229	839	-999	-999	-999	
829	54640	-2.131	840	0.086	4.071	28.23	
830	54690	-2.185	841	-999	-999	-999	
831	54750	-2.5405	842	0.004	4.071	28.23	
832	54810	-2.402	843	-999	-999	-999	
833	54870	-2.389	844	0.067	3.65	27.08	
834	54920	-2.182	845	-999	-999	-999	
835	54980	-2.437	846	-999	-999	-999	
836	55040	-2.4	847	0.557	3.533	26.74	
837	55100	-2.55	848	0.351	3.895	27.77	
838	55150	-2.472	849	-999	-999	-999	
839	55210	-2.201	850	0.195	4.152	28.44	
840	55270	-2.402	851	-999	-999	-999	
841	55330	-2.298	852	-999	-999	-999	
842	55380	-2.242	853	0.353	3.852	27.65	
843	55440	-2.455	854	-999	-999	-999	
844	55500	-2.551	855	-999	-999	-999	
845	55560	-2.273	856	-999	-999	-999	
846	55610	-2.337	857	0.664	3.745	27.36	
847	55670	-2.295	858	-999	-999	-999	
848	55730	-2.082	859	0.053	3.583	26.89	
849	55790	-1.941	860	0.401	3.873	27.71	
850	55840	-2.432	861	0.456	3.666	27.13	
851	55900	-2.2505	862	-999	-999	-999	
852	55960	-2.167	863	0.515	3.807	27.53	
853	56020	-2.392	864	-999	-999	-999	
854	56070	-2.159	865	-999	-999	-999	
855	56130	-2.1405	866	0.195	3.858	27.67	
856	56190	-2.202	867	-999	-999	-999	
857	56250	-1.973	868	-999	-999	-999	
858	56300	-1.959	869	0.315	3.648	27.08	
859	56360	-1.98	870	-999	-999	-999	
860	56420	-2.257	871	0.507	3.612	26.98	
861	56480	-1.982	872	-999	-999	-999	
862	56530	-2.179	873	-999	-999	-999	
863	56590	-2.179	874	0.634	3.681	27.17	
864	56650	-2.112	875	-999	-999	-999	
865	56710	-2.031	876	0.357	3.757	27.39	
866	56760	-2.044	877	-999	-999	-999	
867	56820	-1.9125	878	0.695	3.771	27.43	
868	56880	-2.008	879	-999	-999	-999	
869	56940	-2.032	880	0.499	3.509	26.67	
870	56990	-1.868	881	0.259	3.799	27.5	
871	57050	-1.955	882	-999	-999	-999	
872	57110	-2.055	883	0.46	3.783	27.46	
873	57160	-2.151	884	0.485	3.543	26.77	
874	57220	-2.179	885	-999	-999	-999	
875	57280	-2.042	886	-999	-999	-999	
876	57340	-2.08	887	0.249	3.76	27.4	
877	57390	-2.143	888	-999	-999	-999	
878	57450	-2.16	889	-999	-999	-999	
879	57510	-1.991	890	0.161	3.651	27.09	
880	57570	-2.244	891	0.366	3.68	27.17	
881	57620	-2.456	892	0.586	3.894	27.77	
882	57680	-2.409	893	-999	-999	-999	
883	57740	-2.221	894	0.102	3.841	27.62	
884	57800	-2.215	895	-999	-999	-999	
885	57850	-2.028	896	0.467	3.888	27.75	
886	57910	-2.195	897	-999	-999	-999	
887	57970	-2.381	898	0.151	3.663	27.12	
888	58030	-2.306	899	-999	-999	-999	
889	58080	-2.227	900	-999	-999	-999	
890	58140	-2.468	901	-999	-999	-999	
891	58200	-2.209	902	0.367	4	28.05	
892	58260	-2.2765	903	-999	-999	-999	
893	58310	-2.205	904	-999	-999	-999	
894	58370	-2.315	905	-999	-999	-999	
895	58430	-2.402	906	0.584	3.782	27.46	
896	58490	-2.165	907	-999	-999	-999	
897	58540	-2.099	908	-999	-999	-999	
898	58600	-2.223	909	-999	-999	-999	
899	58660	-2.253	910	-999	-999	-999	
900	58720	-2.367	911	0.407	4.107	28.33	
901	58770	-2.3125	912	-999	-999	-999	
902	58830	-2.054	913	0.563	3.93	27.86	
903	58890	-2.249	914	-999	-999	-999	
904	58950	-2.201	915	0.806	3.878	27.72	
905	59000	-2.028	916	-999	-999	-999	
906	59060	-2.129	917	0.586	4.029	28.13	
907	59120	-2.104	918	-999	-999	-999	
908	59180	-1.816	919	0.294	3.903	27.79	
909	59230	-1.922	920	0.611	3.705	27.24	
910	59290	-2.291	921	0.342	3.837	27.61	
911	59350	-2.113	922	-999	-999	-999	
912	59410	-2.011	923	0.102	3.903	27.79	
913	59460	-2.268	924	-999	-999	-999	
914	59520	-2.347	925	0.568	4.023	28.11	
915	59580	-2.439	926	0.649	3.762	27.4	
916	59640	-2.184	927	-999	-999	-999	
917	59690	-2.061	928	0.843	3.915	27.82	
918	59750	-2.225	929	-999	-999	-999	
919	59810	-2.053	930	-999	-999	-999	
920	59870	-2.037	931	0.859	4.019	28.1	
924	59920	-2.18	932	-999	-999	-999	
925	-999	-999	-999	0.554	4.2	28.56	
928	60150	-1.94	936	-999	-999	-999	
929	60380	-1.818	940	-999	-999	-999	
930	60440	-1.909	941	0.646	4.172	28.49	
931	60580	-1.882	942	-999	-999	-999	
932	60730	-1.9855	943	-999	-999	-999	
933	60870	-1.885	944	0.808	3.59	26.91	
934	61010	-1.536	945	-999	-999	-999	
935	61150	-1.627	946	0.59	3.328	26.11	
936	61300	-1.54	947	0.813	3.444	26.47	
937	61440	-1.495	948	-999	-999	-999	
938	61580	-1.644	949	0.898	3.269	25.93	
939	61720	-1.686	950	-999	-999	-999	
940	61870	-1.495	951	0.854	3.383	26.28	
941	62010	-1.593	952	-999	-999	-999	
942	62150	-1.429	953	0.8	3.412	26.37	
943	62290	-1.558	954	0.67	3.546	26.78	
944	62440	-1.79	955	0.749	3.846	27.64	
945	62580	-1.758	956	0.825	3.572	26.86	
946	62720	-1.9255	957	0.88	3.999	28.04	
947	62860	-1.6505	958	-999	-999	-999	
948	63010	-1.85	959	-999	-999	-999	
949	63150	-1.7715	960	0.936	3.858	27.67	
950	63290	-1.825	961	-999	-999	-999	
951	63430	-1.659	962	-999	-999	-999	
952	63580	-1.672	963	-999	-999	-999	
953	63720	-1.683	964	-999	-999	-999	
954	63860	-1.754	965	1.036	3.924	27.85	
955	64000	-1.621	966	-999	-999	-999	
956	64150	-1.834	967	0.857	4.174	28.5	
957	64290	-1.535	968	-999	-999	-999	
958	64430	-1.588	969	-999	-999	-999	
959	64570	-1.692	970	0.85	4.096	28.3	
960	64720	-1.604	971	-999	-999	-999	
961	64860	-1.864	972	1.092	4.082	28.26	
962	65000	-1.675	973	-999	-999	-999	
963	65200	-1.7375	974	-999	-999	-999	
964	65400	-1.712	975	0.652	3.797	27.5	
965	65600	-1.698	976	-999	-999	-999	
966	65800	-1.52	977	0.807	3.885	27.74	
967	66000	-1.81	978	-999	-999	-999	
968	66200	-1.659	979	-999	-999	-999	
969	66400	-1.8175	980	1.13	3.642	27.06	
970	66600	-1.863	981	-999	-999	-999	
971	66800	-1.904	982	0.728	4.064	28.22	
972	67000	-1.777	983	-999	-999	-999	
973	67200	-1.784	984	-999	-999	-999	
974	67400	-1.6	985	0.534	4.1	28.31	
975	67600	-1.76	986	-999	-999	-999	
976	67800	-1.816	987	0.783	3.766	27.42	
977	68000	-1.782	988	-999	-999	-999	
978	68200	-1.788	989	-999	-999	-999	
979	68400	-1.987	990	0.906	3.728	27.31	
980	68600	-1.805	991	-999	-999	-999	
981	68800	-1.7885	992	0.683	3.815	27.55	
982	69000	-1.708	993	-999	-999	-999	
983	69200	-1.612	994	-999	-999	-999	
984	69400	-1.762	995	-999	-999	-999	
985	69600	-1.571	996	1.099	3.653	27.09	
986	69800	-1.599	997	-999	-999	-999	
987	70000	-1.831	998	-999	-999	-999	
988	70200	-1.83	999	-999	-999	-999	
989	70400	-1.769	1000	0.916	3.612	26.98	
990	70600	-1.757	1001	-999	-999	-999	
991	70800	-1.56	1002	1.027	3.969	27.97	
992	71000	-1.654	1003	-999	-999	-999	
993	71200	-1.469	1004	-999	-999	-999	
994	71400	-1.701	1005	-999	-999	-999	
995	71600	-2.053	1006	-999	-999	-999	
996	71800	-1.776	1007	-999	-999	-999	
997	72000	-1.977	1008	-999	-999	-999	
998	72200	-1.864	1009	-999	-999	-999	
999	72400	-1.851	1010	-999	-999	-999	
1000	72600	-1.83	1011	-999	-999	-999	
1001	72800	-1.669	1012	-999	-999	-999	
1002	73000	-1.942	1013	-999	-999	-999	
1003	73200	-1.741	1014	-999	-999	-999	
1004	73400	-1.71	1015	-999	-999	-999	
1005	73600	-1.815	1016	-999	-999	-999	
1006	73800	-1.888	1017	-999	-999	-999	
1007	74000	-1.914	1018	-999	-999	-999	
1008	74200	-2.194	1019	-999	-999	-999	
1009	74400	-1.93	1020	-999	-999	-999	
1010	74600	-1.807	1021	-999	-999	-999	
1011	74800	-2.147	1022	-999	-999	-999	
1012	75000	-1.999	1023	-999	-999	-999	
1013	75200	-2.142	1024	-999	-999	-999	
1014	75400	-2.273	1025	-999	-999	-999	
1015	75600	-2.153	1026	-999	-999	-999	
1016	75800	-2.206	1027	-999	-999	-999	
1017	76000	-2.192	1028	-999	-999	-999	
1018	76200	-1.899	1029	-999	-999	-999	
1019	76400	-1.92	1030	-999	-999	-999	
1020	76600	-2.2195	1031	-999	-999	-999	
1021	76800	-2.022	1032	-999	-999	-999	
1022	77000	-2.111	1033	-999	-999	-999	
1023	77200	-2.052	1034	-999	-999	-999	
1024	77400	-2.7145	1035	-999	-999	-999	
1025	77600	-2.545	1036	-999	-999	-999	
1026	77800	-2.338	1037	-999	-999	-999	
1027	78000	-2.443	1038	-999	-999	-999	
1028	78100	-1.9885	1039	-999	-999	-999	
1029	78210	-1.99	1040	-999	-999	-999	
1030	78310	-1.975	1041	-999	-999	-999	
1031	78420	-2.329	1042	-999	-999	-999	
1032	78520	-2.165	1043	-999	-999	-999	
1033	78620	-2.338	1044	-999	-999	-999	
1034	78730	-2.4	1045	-999	-999	-999	
1035	78830	-2.087	1046	-999	-999	-999	
1036	78940	-2.524	1047	-999	-999	-999	
1037	79040	-2.3735	1048	-999	-999	-999	
1038	79140	-2.254	1049	-999	-999	-999	
1039	79250	-2.231	1050	-999	-999	-999	
1040	79350	-2.234	1051	-999	-999	-999	
1041	79460	-2.268	1052	-999	-999	-999	
1042	79560	-2.279	1053	-999	-999	-999	
1043	79660	-2.203	1054	-999	-999	-999	
1044	79770	-2.107	1055	-999	-999	-999	
1045	79870	-2.24	1056	-999	-999	-999	
1046	79980	-2.15	1057	-999	-999	-999	
1047	80080	-2.171	1058	-999	-999	-999	
1048	80180	-2.112	1059	-999	-999	-999	
1049	80290	-2.293	1060	-999	-999	-999	
1050	80390	-2.01	1061	-999	-999	-999	
1051	80500	-2.415	1062	-999	-999	-999	
1052	80600	-2.169	1063	-999	-999	-999	
1053	80700	-2.377	1064	-999	-999	-999	
1054	80810	-2.302	1065	-999	-999	-999	
1055	80910	-2.235	1066	-999	-999	-999	
1056	81010	-2.326	1067	-999	-999	-999	
1057	81120	-2.425	1068	-999	-999	-999	
1058	81220	-2.217	1069	-999	-999	-999	
1059	81330	-2.123	1070	-999	-999	-999	
1060	81430	-2.041	1071	-999	-999	-999	
1061	81530	-2.102	1072	-999	-999	-999	
1062	81640	-2.1175	1073	-999	-999	-999	
1063	81740	-2.198	1074	-999	-999	-999	
1064	81850	-2.019	1075	-999	-999	-999	
1065	81950	-1.97	1076	-999	-999	-999	
1066	82050	-2.118	1077	-999	-999	-999	
1067	82160	-1.838	1078	-999	-999	-999	
1068	82260	-2.249	1079	-999	-999	-999	
1069	82370	-2.149	1080	-999	-999	-999	
1070	82470	-2.318	1081	-999	-999	-999	
1071	82570	-1.952	1082	-999	-999	-999	
1072	82680	-2.009	1083	-999	-999	-999	
1073	82780	-2.113	1084	-999	-999	-999	
1074	82890	-2.25	1085	-999	-999	-999	
1075	82990	-1.939	1086	-999	-999	-999	
1076	83090	-2.116	1087	-999	-999	-999	
1077	83200	-1.819	1088	-999	-999	-999	
1078	83300	-1.948	1089	-999	-999	-999	
1079	83410	-1.792	1090	-999	-999	-999	
1080	83510	-1.862	1091	-999	-999	-999	
1081	83610	-2.084	1092	-999	-999	-999	
1082	83720	-2.193	1093	-999	-999	-999	
1083	83820	-2.128	1094	-999	-999	-999	
1084	83930	-2.031	1095	-999	-999	-999	
1085	84030	-1.954	1096	-999	-999	-999	
1086	84130	-2.0185	1097	-999	-999	-999	
1087	84240	-2.219	1098	-999	-999	-999	
1088	84340	-2.132	1099	-999	-999	-999	
1089	84450	-2.073	1100	-999	-999	-999	
1090	84550	-2.037	1101	-999	-999	-999	
1091	84650	-2.043	1102	-999	-999	-999	
1092	84760	-2.058	1103	-999	-999	-999	
1093	84860	-1.893	1104	-999	-999	-999	
1094	84970	-2.078	1105	-999	-999	-999	
1095	85070	-1.9365	1106	-999	-999	-999	
1096	85170	-1.968	1107	-999	-999	-999	
1097	85280	-1.927	1108	-999	-999	-999	
1098	85380	-2.233	1109	-999	-999	-999	
1099	85490	-2.041	1110	-999	-999	-999	
1100	85590	-1.882	1111	-999	-999	-999	
1101	85690	-1.9995	1112	-999	-999	-999	
1102	85800	-2.064	1113	-999	-999	-999	
1103	85900	-1.953	1114	-999	-999	-999	
1104	86000	-1.937	1115	-999	-999	-999	
1105	86110	-2.027	1116	-999	-999	-999	
1106	86210	-1.959	1117	-999	-999	-999	
1107	86320	-1.808	1118	-999	-999	-999	
1108	86420	-2.155	1119	-999	-999	-999	
1109	86520	-1.878	1120	-999	-999	-999	
1110	86630	-2.128	1121	-999	-999	-999	
1111	86730	-1.782	1122	-999	-999	-999	
1112	86840	-1.996	1123	-999	-999	-999	
1113	86940	-1.943	1124	-999	-999	-999	
1114	87040	-1.913	1125	-999	-999	-999	
1115	87150	-2.015	1126	-999	-999	-999	
1116	87250	-1.952	1127	-999	-999	-999	
1117	87360	-1.913	1128	-999	-999	-999	
1118	87460	-1.97	1129	-999	-999	-999	
1119	87560	-2.127	1130	-999	-999	-999	
1120	87670	-2.094	1131	-999	-999	-999	
1121	87770	-2.064	1132	-999	-999	-999	
1122	87880	-2.168	1133	-999	-999	-999	
1123	87980	-1.891	1134	-999	-999	-999	
1124	88080	-2.134	1135	-999	-999	-999	
1125	88190	-1.9495	1136	-999	-999	-999	
1126	88290	-2.025	1137	-999	-999	-999	
1127	88400	-1.98	1138	-999	-999	-999	
1128	88500	-2.321	1139	-999	-999	-999	
1129	88600	-2.05485	1140	-999	-999	-999	
1130	88710	-2.13	1141	-999	-999	-999	
1131	88810	-2.149	1142	-999	-999	-999	
1132	88920	-1.867	1143	-999	-999	-999	
1133	89020	-1.834	1144	-999	-999	-999	
1134	89120	-1.953	1145	-999	-999	-999	
1135	89230	-2.065	1146	-999	-999	-999	
1136	89330	-2.112	1147	-999	-999	-999	
1137	89440	-2.256	1148	-999	-999	-999	
1138	89540	-2.098	1149	-999	-999	-999	
1139	89640	-2.119	1150	-999	-999	-999	
1140	89750	-1.895	1151	-999	-999	-999	
1141	89850	-2.022	1152	-999	-999	-999	
1142	89960	-1.8715	1153	-999	-999	-999	
1143	90060	-1.975	1154	-999	-999	-999	
1144	90160	-2.081	1155	-999	-999	-999	
1145	90270	-2.36	1156	-999	-999	-999	
1146	90370	-1.811	1157	-999	-999	-999	
1147	90480	-2.172	1158	-999	-999	-999	
1148	90580	-2.442	1159	-999	-999	-999	
1149	90680	-2.336	1160	-999	-999	-999	
1150	90790	-2.256	1161	-999	-999	-999	
1151	90890	-1.969	1162	-999	-999	-999	
1152	91000	-2.219	1163	-999	-999	-999	
1153	91100	-2.321	1164	-999	-999	-999	
1154	91200	-2.038	1165	-999	-999	-999	
1155	91310	-2.134	1166	-999	-999	-999	
1156	91410	-1.914	1167	-999	-999	-999	
1157	91510	-2.046	1168	-999	-999	-999	
1158	91620	-1.925	1169	-999	-999	-999	
1159	91720	-2.15	1170	-999	-999	-999	
1160	91830	-2.14	1171	-999	-999	-999	
1161	91930	-2.125	1172	-999	-999	-999	
1162	92030	-1.734	1173	-999	-999	-999	
1163	92140	-1.827	1174	-999	-999	-999	
1164	92240	-1.945	1175	-999	-999	-999	
1165	92350	-1.918	1176	-999	-999	-999	
1166	92450	-2.178	1177	-999	-999	-999	
1167	92550	-2.001	1178	-999	-999	-999	
1168	92660	-1.876	1179	-999	-999	-999	
1169	92760	-2.314	1180	-999	-999	-999	
1170	92870	-2.06	1181	-999	-999	-999	
1171	92970	-2.131	1182	-999	-999	-999	
1172	93070	-2.404	1183	-999	-999	-999	
1173	93180	-2.441	1184	-999	-999	-999	
1174	93280	-2.134	1185	-999	-999	-999	
1175	93390	-2.031	1186	-999	-999	-999	
1176	93490	-2.065	1187	-999	-999	-999	
1177	93590	-2.512	1188	-999	-999	-999	
1178	93700	-2.239	1189	-999	-999	-999	
1179	93800	-2.648	1190	-999	-999	-999	
1180	93910	-2.443	1191	-999	-999	-999	
1181	94010	-2.317	1192	-999	-999	-999	
1182	94110	-2.2695	1193	-999	-999	-999	
1183	94220	-2.262	1194	-999	-999	-999	
1184	94320	-2.178	1195	-999	-999	-999	
1185	94430	-1.991	1196	-999	-999	-999	
1186	94530	-2.027	1197	-999	-999	-999	
1187	94630	-1.908	1198	-999	-999	-999	
1188	94740	-2.032	1199	-999	-999	-999	
1189	94840	-1.6185	1200	-999	-999	-999	
1190	94950	-1.68	1201	-999	-999	-999	
1191	95050	-1.672	1202	-999	-999	-999	
1192	95150	-1.637	1203	-999	-999	-999	
1193	95260	-1.415	1204	-999	-999	-999	
1194	95360	-1.98	1205	-999	-999	-999	
1195	95470	-1.346	1206	-999	-999	-999	
1196	95570	-1.195	1207	-999	-999	-999	
1197	95670	-1.702	1208	-999	-999	-999	
1198	95780	-1.917	1209	-999	-999	-999	
1199	95880	-2.1885	1210	-999	-999	-999	
1200	95990	-2.13	1211	-999	-999	-999	
1201	96090	-2.178	1212	-999	-999	-999	
1202	96190	-2.313	1213	-999	-999	-999	
1203	96300	-2.245	1214	-999	-999	-999	
1204	96400	-1.854	1215	-999	-999	-999	
1205	96500	-2.099	1216	-999	-999	-999	
1206	96610	-2.188	1217	-999	-999	-999	
1207	96710	-2.318	1218	-999	-999	-999	
1208	96820	-1.9175	1219	-999	-999	-999	
1209	96920	-2.27	1220	-999	-999	-999	
1210	97020	-2.38	1221	-999	-999	-999	
1211	97130	-2.259	1222	-999	-999	-999	
1212	97230	-2.004	1223	-999	-999	-999	
1213	97340	-2.1035	1224	-999	-999	-999	
1214	97440	-2.188	1225	-999	-999	-999	
1215	97540	-2.245	1254	-999	-999	-999	
1216	97650	-1.785	1255	-999	-999	-999	
1217	97750	-1.893	1256	-999	-999	-999	
1218	97860	-1.895	1257	-999	-999	-999	
1219	97960	-2.041	1258	-999	-999	-999	
1220	98060	-1.884	1259	-999	-999	-999	
1221	98170	-2.178	1260	-999	-999	-999	
1222	98270	-2.24	1261	-999	-999	-999	
1223	98380	-2.006	1262	-999	-999	-999	
1224	98480	-2.059	1263	-999	-999	-999	
1225	98580	-2.242	1264	-999	-999	-999	
1226	98690	-2.198	1265	-999	-999	-999	
1227	98790	-2.31	1266	-999	-999	-999	
1228	98900	-2.456	1267	-999	-999	-999	
1229	99000	-2.341	1268	-999	-999	-999	
1230	99080	-2.448	1269	-999	-999	-999	
1231	99170	-2.433	1270	-999	-999	-999	
1232	99250	-2.435	1271	-999	-999	-999	
1233	99330	-2.661	1272	-999	-999	-999	
1234	99410	-2.646	1273	-999	-999	-999	
1235	99500	-2.254	1274	-999	-999	-999	
1236	99580	-2.2965	1275	-999	-999	-999	
1237	99660	-2.331	1276	-999	-999	-999	
1238	99740	-2.28	1277	-999	-999	-999	
1239	99830	-2.576	1278	-999	-999	-999	
1240	99910	-2.343	1279	-999	-999	-999	
1241	99990	-2.326	1280	-999	-999	-999	
1242	100070	-2.488	1281	-999	-999	-999	
1243	100160	-2.37	1282	-999	-999	-999	
1244	100240	-2.495	1283	-999	-999	-999	
1245	100320	-2.352	1284	-999	-999	-999	
1246	100400	-2.357	1285	-999	-999	-999	
1247	100490	-2.2405	1286	-999	-999	-999	
1248	100570	-2.369	1287	-999	-999	-999	
1249	100650	-2.092	1288	-999	-999	-999	
1250	100740	-2.552	1289	-999	-999	-999	
1251	100820	-2.278	1290	-999	-999	-999	
1252	100900	-2.228333	1291	-999	-999	-999	
1253	100980	-2.318	1292	-999	-999	-999	
1254	101070	-2.043	1293	-999	-999	-999	
1255	101150	-2.166	1294	-999	-999	-999	
1256	101230	-2.136	1295	-999	-999	-999	
1257	101310	-2.257	1296	-999	-999	-999	
1258	101400	-2.419	1297	-999	-999	-999	
1259	101480	-2.375	1298	-999	-999	-999	
1260	101560	-2.063	1299	-999	-999	-999	
1261	101640	-1.91	1300	-999	-999	-999	
1262	101730	-2.012	1301	-999	-999	-999	
1263	101810	-2.176	1302	-999	-999	-999	
1264	101890	-2.494	1303	-999	-999	-999	
1265	101970	-1.801	1304	-999	-999	-999	
1266	102060	-2.128	1305	-999	-999	-999	
1267	102140	-2.0345	1306	-999	-999	-999	
1268	102220	-2.225	1307	-999	-999	-999	
1269	102300	-2.113	1308	-999	-999	-999	
1270	102390	-2.248	1309	-999	-999	-999	
1271	102470	-2.326	1310	-999	-999	-999	
1272	102550	-2.074	1311	-999	-999	-999	
1273	102640	-1.97	1312	-999	-999	-999	
1274	102720	-2.179	1313	-999	-999	-999	
1275	102800	-2.191	1314	-999	-999	-999	
1276	102880	-2.0315	1315	-999	-999	-999	
1277	102970	-1.843	1316	-999	-999	-999	
1278	103050	-1.895	1317	-999	-999	-999	
1279	103130	-1.598	1318	-999	-999	-999	
1280	103210	-1.979	1319	-999	-999	-999	
1281	103300	-1.853	1320	-999	-999	-999	
1282	103380	-1.96	1321	-999	-999	-999	
1283	103460	-1.924	1322	-999	-999	-999	
1284	103540	-2.157	1323	-999	-999	-999	
1285	103630	-2.1555	1324	-999	-999	-999	
1286	103710	-2.326	1325	-999	-999	-999	
1287	103790	-1.878	1326	-999	-999	-999	
1288	103870	-2.101	1327	-999	-999	-999	
1289	103960	-2.186	1328	-999	-999	-999	
1290	104040	-1.986	1329	-999	-999	-999	
1291	104120	-2.173	1330	-999	-999	-999	
1292	104210	-1.929	1331	-999	-999	-999	
1293	104290	-2.056	1332	-999	-999	-999	
1294	104370	-2.063	1333	-999	-999	-999	
1295	104450	-1.986	1334	-999	-999	-999	
1296	104540	-2.038	1335	-999	-999	-999	
1297	104620	-2.068	1336	-999	-999	-999	
1298	104700	-1.94	1337	-999	-999	-999	
1299	104780	-2.229	1338	-999	-999	-999	
1300	104870	-2.331	1339	-999	-999	-999	
1301	104950	-2.152	1340	-999	-999	-999	
1302	105030	-2.248	1341	-999	-999	-999	
1303	105110	-2.299	1342	-999	-999	-999	
1304	105200	-2.396	1343	-999	-999	-999	
1305	105280	-2.045	1344	-999	-999	-999	
1306	105360	-2.402	1345	-999	-999	-999	
1307	105440	-2.429	1346	-999	-999	-999	
1308	105530	-2.503	1347	-999	-999	-999	
1309	105610	-2.525	1348	-999	-999	-999	
1310	105690	-2.108	1349	-999	-999	-999	
1311	105770	-2.263	1350	-999	-999	-999	
1312	105860	-1.936	1351	-999	-999	-999	
1313	105940	-2.376	1352	-999	-999	-999	
1314	106020	-2.29	1353	-999	-999	-999	
1315	106110	-2.184	1354	-999	-999	-999	
1316	106190	-2.071	1355	-999	-999	-999	
1317	106270	-2.022	1356	-999	-999	-999	
1318	106350	-2.055	1357	-999	-999	-999	
1319	106440	-1.974	1358	-999	-999	-999	
1320	106520	-2.242	1359	-999	-999	-999	
1321	106600	-2.227	1360	-999	-999	-999	
1322	106680	-2.014	1361	-999	-999	-999	
1323	106770	-2.088	1362	-999	-999	-999	
1324	106850	-1.931	1363	-999	-999	-999	
1325	106930	-2.205	1364	-999	-999	-999	
1326	107010	-1.98	1365	-999	-999	-999	
1327	107100	-2.164	1366	-999	-999	-999	
1328	107180	-2.2	1367	-999	-999	-999	
1329	107260	-2.173	1368	-999	-999	-999	
1330	107340	-2.254	1369	-999	-999	-999	
1331	107430	-2.325	1370	-999	-999	-999	
1332	107510	-1.963	1371	-999	-999	-999	
1333	107590	-2.095	1372	-999	-999	-999	
1334	107680	-2.1765	1373	-999	-999	-999	
1335	107760	-2.253	1374	-999	-999	-999	
1336	107840	-2.215	1375	-999	-999	-999	
1337	107920	-2.345	1376	-999	-999	-999	
1338	108010	-2.122	1377	-999	-999	-999	
1339	108090	-2.254	1378	-999	-999	-999	
1340	108170	-2.2425	1379	-999	-999	-999	
1341	108250	-2.349	1380	-999	-999	-999	
1342	108340	-2.115	1393	-999	-999	-999	
1343	108420	-2.143	1394	-999	-999	-999	
1344	108500	-2.392	1395	-999	-999	-999	
1345	108580	-2.353	1396	-999	-999	-999	
1346	108670	-2.188	1397	-999	-999	-999	
1347	108750	-1.928	1398	-999	-999	-999	
1348	108830	-2.352	1399	-999	-999	-999	
1349	108910	-2.392	1400	-999	-999	-999	
1350	109000	-2.4475	1401	-999	-999	-999	
1351	109080	-2.16	1402	-999	-999	-999	
1352	109160	-2.124	1403	-999	-999	-999	
1353	109250	-2.34	1404	-999	-999	-999	
1354	109330	-2.258	1405	-999	-999	-999	
1355	109410	-2.28	1406	-999	-999	-999	
1356	109490	-2.336	1407	-999	-999	-999	
1357	109580	-2.165	1408	-999	-999	-999	
1358	109660	-2.2655	1409	-999	-999	-999	
1359	109740	-2.34	1410	-999	-999	-999	
1360	109820	-2.329	1411	-999	-999	-999	
1361	109910	-2.195	1412	-999	-999	-999	
1362	109990	-2.298	1413	-999	-999	-999	
1363	110070	-2.264	1414	-999	-999	-999	
1364	110150	-2.0745	1415	-999	-999	-999	
1365	110240	-2.335	1416	-999	-999	-999	
1366	110320	-2.122	1417	-999	-999	-999	
1367	110400	-2.329	1418	-999	-999	-999	
1368	110480	-2.161	1419	-999	-999	-999	
1369	110570	-1.964	1420	-999	-999	-999	
1370	110650	-2.06	1421	-999	-999	-999	
1371	110730	-2.149	1422	-999	-999	-999	
1372	110810	-2.212	1423	-999	-999	-999	
1373	110900	-2.19	1424	-999	-999	-999	
1374	110980	-2.24	1425	-999	-999	-999	
1375	111060	-2.322	1426	-999	-999	-999	
1376	111150	-2.229	1427	-999	-999	-999	
1377	111230	-2.117	1428	-999	-999	-999	
1378	111310	-1.945	1429	-999	-999	-999	
1379	111390	-2.287	1430	-999	-999	-999	
1380	111480	-1.972	1431	-999	-999	-999	
1381	111560	-2.387	1432	-999	-999	-999	
1382	111640	-2.315	1433	-999	-999	-999	
1383	111720	-2.184	1434	-999	-999	-999	
1384	111810	-1.95	1435	-999	-999	-999	
1385	111890	-2.108	1436	-999	-999	-999	
1386	111970	-2.244	1437	-999	-999	-999	
1387	112050	-2.191	1438	-999	-999	-999	
1388	112140	-2.222	1439	-999	-999	-999	
1389	112220	-2.159	1440	-999	-999	-999	
1390	112300	-2.543	1441	-999	-999	-999	
1391	112380	-2.226	1442	-999	-999	-999	
1392	112470	-2.3	1443	-999	-999	-999	
1393	112550	-2.583	1444	-999	-999	-999	
1394	112630	-2.286	1445	-999	-999	-999	
1395	112720	-2.2945	1446	-999	-999	-999	
1396	112800	-2.253	1447	-999	-999	-999	
1397	112880	-2.367	1448	-999	-999	-999	
1398	112960	-2.03	1449	-999	-999	-999	
1399	113050	-1.776	1450	-999	-999	-999	
1400	113130	-2.2	1451	-999	-999	-999	
1401	113210	-2.379	1452	-999	-999	-999	
1402	113290	-2.198	1453	-999	-999	-999	
1403	113380	-2.108	1454	-999	-999	-999	
1404	113460	-2.061	1455	-999	-999	-999	
1405	113540	-2.16	1456	-999	-999	-999	
1406	113620	-2.227	1457	-999	-999	-999	
1407	113710	-2.128	1458	-999	-999	-999	
1408	113790	-2.205	1459	-999	-999	-999	
1409	113870	-1.914	1460	-999	-999	-999	
1410	113950	-2.051	1461	-999	-999	-999	
1411	114040	-1.7745	1462	-999	-999	-999	
1412	114120	-2.083	1463	-999	-999	-999	
1413	114200	-1.906	1464	-999	-999	-999	
1414	114280	-2.237	1465	-999	-999	-999	
1415	114370	-2.052	1466	-999	-999	-999	
1416	114450	-2.01	1467	-999	-999	-999	
1417	114530	-2.338	1468	-999	-999	-999	
1418	114620	-2.225	1469	-999	-999	-999	
1419	114700	-2.142	1470	-999	-999	-999	
1420	114780	-2.146	1471	-999	-999	-999	
1421	114860	-2.054	1472	-999	-999	-999	
1422	114950	-2.041	1473	-999	-999	-999	
1423	115030	-2.133	1474	-999	-999	-999	
1424	115110	-1.894	1475	-999	-999	-999	
1425	115190	-1.972	1476	-999	-999	-999	
1426	115280	-1.938	1477	-999	-999	-999	
1427	115360	-2.435	1478	-999	-999	-999	
1428	115440	-2.045	1479	-999	-999	-999	
1429	115520	-2.31	1480	-999	-999	-999	
1430	115610	-2.077	1481	-999	-999	-999	
1431	115690	-1.897	1482	-999	-999	-999	
1432	115770	-2.474	1483	-999	-999	-999	
1433	115850	-2.377	1484	-999	-999	-999	
1434	115940	-2.647	1485	-999	-999	-999	
1435	116020	-2.3825	1486	-999	-999	-999	
1436	116100	-2.323	1487	-999	-999	-999	
1437	116190	-2.382	1488	-999	-999	-999	
1438	116270	-2.054	1489	-999	-999	-999	
1439	116350	-2.185	1490	-999	-999	-999	
1440	116430	-2.242	1491	-999	-999	-999	
1441	116520	-1.844	1492	-999	-999	-999	
1442	116600	-1.996	1493	-999	-999	-999	
1443	116680	-2.073	1494	-999	-999	-999	
1444	116760	-2.7545	1495	-999	-999	-999	
1447	117010	-1.88	1498	-999	-999	-999	
1448	117090	-2.027	1499	-999	-999	-999	
1449	117180	-2.246	1500	-999	-999	-999	
1450	117260	-2.37	1501	-999	-999	-999	
1451	117340	-2.4135	1502	-999	-999	-999	
1452	117420	-2.032	1503	-999	-999	-999	
1453	117510	-2.26	1504	-999	-999	-999	
1454	117590	-2.476	1505	-999	-999	-999	
1455	117670	-2.531	1506	-999	-999	-999	
1456	117750	-2.383	1507	-999	-999	-999	
1457	117840	-2.357	1508	-999	-999	-999	
1459	118000	-2.17	1510	-999	-999	-999	
1460	118090	-2.37	1511	-999	-999	-999	
1465	118500	-2.818	1516	-999	-999	-999	
1468	118750	-2.575	1519	-999	-999	-999	
1469	118830	-2.283	1520	-999	-999	-999	
1470	118910	-1.886	1521	-999	-999	-999	
1471	118990	-2.5255	1522	-999	-999	-999	
1472	119080	-2.38	1523	-999	-999	-999	
1473	119160	-2.327	1524	-999	-999	-999	
1474	119240	-2.666	1525	-999	-999	-999	
1475	119320	-2.04	1526	-999	-999	-999	
1476	119410	-1.966	1527	-999	-999	-999	
1477	119490	-2.163	1528	-999	-999	-999	
1479	119660	-2.215	1530	-999	-999	-999	
1480	119740	-2.042	1531	-999	-999	-999	
1481	119820	-2.157	1532	-999	-999	-999	
1482	119900	-2.56	1533	-999	-999	-999	
1483	119990	-2.273	1534	-999	-999	-999	
1485	120100	-1.579	1536	-999	-999	-999	
1486	120230	-2.181	1537	-999	-999	-999	
1487	120320	-1.965	1538	-999	-999	-999	
1488	120400	-2.127	1539	-999	-999	-999	
1489	120480	-2.4745	1540	-999	-999	-999	
1490	120560	-2.169	1541	-999	-999	-999	
1491	120650	-2.439	1542	-999	-999	-999	
1492	120730	-2.553	1543	-999	-999	-999	
1493	120810	-2.459	1544	-999	-999	-999	
1494	120890	-2.469	1545	-999	-999	-999	
1495	120980	-2.311	1546	-999	-999	-999	
1496	121060	-2.304	1547	-999	-999	-999	
1497	121140	-2.294	1548	-999	-999	-999	
1498	121230	-2.1675	1549	-999	-999	-999	
1499	121310	-2.605	1550	-999	-999	-999	
1500	121390	-2.234	1551	-999	-999	-999	
1501	121470	-2.361	1552	-999	-999	-999	
1502	121560	-2.667	1553	-999	-999	-999	
1503	121640	-2.741	1554	-999	-999	-999	
1504	121720	-2.794	1555	-999	-999	-999	
1505	121800	-2.721	1556	-999	-999	-999	
1506	121890	-2.66	1557	-999	-999	-999	
1507	121970	-2.6535	1558	-999	-999	-999	
1508	122050	-2.819	1559	-999	-999	-999	
1509	122130	-2.622	1560	-999	-999	-999	
1510	122220	-2.641	1561	-999	-999	-999	
1511	122300	-2.596	1562	-999	-999	-999	
1512	122380	-2.637	1563	-999	-999	-999	
1513	122460	-2.743	1564	-999	-999	-999	
1514	122550	-2.74	1565	-999	-999	-999	
1515	122630	-2.698	1566	-999	-999	-999	
1516	122710	-2.727	1567	-999	-999	-999	
1517	122790	-2.735	1568	-999	-999	-999	
1518	122880	-2.754	1569	-999	-999	-999	
1519	122960	-2.696	1570	-999	-999	-999	
1520	123040	-2.704	1571	-999	-999	-999	
1521	123130	-2.679	1572	-999	-999	-999	
1522	123210	-2.752	1573	-999	-999	-999	
1523	123290	-2.6995	1574	-999	-999	-999	
1524	123370	-2.546	1575	-999	-999	-999	
1525	123460	-2.789	1576	-999	-999	-999	
1526	123540	-2.625	1577	-999	-999	-999	
1527	123620	-2.665	1578	-999	-999	-999	
1528	123700	-2.716	1579	-999	-999	-999	
1529	123790	-2.633	1580	-999	-999	-999	
1530	123870	-2.517	1581	-999	-999	-999	
1531	123950	-2.729	1582	-999	-999	-999	
1532	124030	-2.752	1583	-999	-999	-999	
1533	124120	-2.765	1584	-999	-999	-999	
1534	124200	-3.019	1585	-999	-999	-999	
1535	124280	-2.865	1586	-999	-999	-999	
1536	124360	-2.646	1587	-999	-999	-999	
1537	124450	-2.65	1588	-999	-999	-999	
1538	124530	-2.4155	1589	-999	-999	-999	
1539	124610	-2.734	1590	-999	-999	-999	
1540	124700	-2.734	1591	-999	-999	-999	
1541	124780	-2.695	1592	-999	-999	-999	
1542	124860	-2.916	1593	-999	-999	-999	
1543	124940	-2.678	1594	-999	-999	-999	
1544	125030	-2.789	1595	-999	-999	-999	
1545	125110	-2.776	1596	-999	-999	-999	
1546	125190	-2.773	1597	-999	-999	-999	
1547	125270	-2.7845	1598	-999	-999	-999	
1548	125360	-2.807	1599	-999	-999	-999	
1549	125440	-2.6295	1600	-999	-999	-999	
1550	125520	-2.782	1601	-999	-999	-999	
1551	125600	-2.386	1602	-999	-999	-999	
1552	125690	-2.647	1603	-999	-999	-999	
1553	125770	-2.663	1604	-999	-999	-999	
1554	125850	-2.587	1605	-999	-999	-999	
1555	125930	-2.607	1606	-999	-999	-999	
1556	126020	-2.48	1607	-999	-999	-999	
1557	126100	-2.467	1608	-999	-999	-999	
1558	126180	-2.4355	1609	-999	-999	-999	
1559	126260	-2.586	1610	-999	-999	-999	
1560	126350	-2.48	1611	-999	-999	-999	
1561	126430	-2.319	1612	-999	-999	-999	
1562	126510	-2.123	1613	-999	-999	-999	
1563	126600	-2.252	1614	-999	-999	-999	
1564	126680	-2.129	1615	-999	-999	-999	
1565	126760	-2.276	1616	-999	-999	-999	
1566	126840	-2.182	1617	-999	-999	-999	
1567	126930	-2.203	1618	-999	-999	-999	
1568	127010	-2.204	1619	-999	-999	-999	
1569	127090	-2.227	1620	-999	-999	-999	
1570	127170	-2.204	1621	-999	-999	-999	
1571	127260	-2.129	1622	-999	-999	-999	
1572	127340	-2.1265	1623	-999	-999	-999	
1573	127420	-2.298	1624	-999	-999	-999	
1574	127500	-2.338	1625	-999	-999	-999	
1575	127590	-2.474	1626	-999	-999	-999	
1576	127670	-2.341	1627	-999	-999	-999	
1577	127750	-2.373	1628	-999	-999	-999	
1578	127830	-2.269	1629	-999	-999	-999	
1579	127920	-2.425	1630	-999	-999	-999	
1580	128000	-2.37	1631	-999	-999	-999	
1581	128110	-2.292	1632	-999	-999	-999	
1582	128220	-2.315	1633	-999	-999	-999	
1583	128330	-2.415	1634	-999	-999	-999	
1584	128440	-2.663	1635	-999	-999	-999	
1585	128550	-2.459	1636	-999	-999	-999	
1586	128660	-2.338	1637	-999	-999	-999	
1587	128770	-2.166667	1638	-999	-999	-999	
1588	128880	-2.101	1639	-999	-999	-999	
1590	128990	-1.812	1640	-999	-999	-999	
1591	129210	-1.646	1642	-999	-999	-999	
1592	129320	-1.541	1643	-999	-999	-999	
1593	129420	-1.546	1644	-999	-999	-999	
1594	129530	-1.637	1645	-999	-999	-999	
1595	129640	-1.996	1646	-999	-999	-999	
1596	129750	-1.572	1647	-999	-999	-999	
1597	129860	-1.661	1648	-999	-999	-999	
1598	129970	-1.709	1649	-999	-999	-999	
1599	130080	-1.747	1650	-999	-999	-999	
1600	130190	-1.705	1651	-999	-999	-999	
1601	130300	-1.7	1652	-999	-999	-999	
1602	130410	-1.483	1653	-999	-999	-999	
1603	130520	-1.551	1654	-999	-999	-999	
1604	130630	-1.569	1655	-999	-999	-999	
1605	130740	-1.587	1656	-999	-999	-999	
1606	130850	-1.662	1657	-999	-999	-999	
1607	130960	-1.586	1658	-999	-999	-999	
1608	131070	-1.297	1659	-999	-999	-999	
1609	131180	-1.532	1660	-999	-999	-999	
1610	131290	-1.308	1661	-999	-999	-999	
1611	131400	-1.629	1662	-999	-999	-999	
1612	131510	-1.412	1663	-999	-999	-999	
1613	131620	-1.623	1664	-999	-999	-999	
1614	131730	-1.745	1665	-999	-999	-999	
1615	131840	-1.629	1666	-999	-999	-999	
1616	131950	-1.573	1667	-999	-999	-999	
1617	132050	-1.584	1668	-999	-999	-999	
1618	132160	-1.59	1669	-999	-999	-999	
1619	132270	-1.505	1670	-999	-999	-999	
1620	132380	-1.678	1671	-999	-999	-999	
1621	132490	-1.528	1672	-999	-999	-999	
1622	132600	-1.65	1673	-999	-999	-999	
1623	132710	-1.403	1674	-999	-999	-999	
1624	132820	-1.464	1675	-999	-999	-999	
1625	132930	-1.654	1676	-999	-999	-999	
1626	133040	-1.579	1677	-999	-999	-999	
1627	133150	-1.417	1678	-999	-999	-999	
1628	133260	-1.537	1679	-999	-999	-999	
1629	133370	-1.538	1680	-999	-999	-999	
1630	133480	-1.401	1681	-999	-999	-999	
1631	133590	-1.532	1682	-999	-999	-999	
1632	133700	-1.519	1683	-999	-999	-999	
1633	133810	-1.3665	1684	-999	-999	-999	
1634	133920	-1.637	1685	-999	-999	-999	
1635	134030	-1.622	1686	-999	-999	-999	
1636	134140	-1.627	1687	-999	-999	-999	
1637	134250	-1.562	1688	-999	-999	-999	
1638	134360	-1.42	1689	-999	-999	-999	
1639	134470	-1.3205	1690	-999	-999	-999	
1640	134580	-1.471	1691	-999	-999	-999	
1641	134680	-1.457	1692	-999	-999	-999	
1642	134790	-1.491	1693	-999	-999	-999	
1643	134900	-1.628	1694	-999	-999	-999	
1644	135010	-1.507	1695	-999	-999	-999	
1645	135120	-1.669667	1696	-999	-999	-999	
1646	135230	-1.376	1697	-999	-999	-999	
1647	135340	-1.46	1698	-999	-999	-999	
1648	135450	-1.462	1699	-999	-999	-999	
1649	135560	-1.627	1700	-999	-999	-999	
1650	135670	-1.47	1701	-999	-999	-999	
1651	135780	-1.379	1702	-999	-999	-999	
1652	135890	-1.764	1703	-999	-999	-999	
1653	136000	-1.577	1704	-999	-999	-999	
1654	136110	-1.466	1705	-999	-999	-999	
1655	136220	-1.654	1706	-999	-999	-999	
1656	136330	-1.311	1707	-999	-999	-999	
1657	136440	-1.321	1708	-999	-999	-999	
1658	136550	-1.677	1709	-999	-999	-999	
1659	136660	-1.512	1710	-999	-999	-999	
1660	136770	-1.653	1711	-999	-999	-999	
1661	136880	-1.688	1712	-999	-999	-999	
1662	136990	-1.547	1713	-999	-999	-999	
1663	137100	-1.732	1714	-999	-999	-999	
1664	137210	-1.557	1715	-999	-999	-999	
1665	137320	-1.745	1716	-999	-999	-999	
1666	137420	-1.954	1717	-999	-999	-999	
1667	137530	-1.9295	1718	-999	-999	-999	
1668	137640	-1.731	1719	-999	-999	-999	
1669	137750	-1.6465	1720	-999	-999	-999	
1670	137860	-1.721	1721	-999	-999	-999	
1671	137970	-1.537	1722	-999	-999	-999	
1672	138080	-1.739	1723	-999	-999	-999	
1673	138190	-1.722	1724	-999	-999	-999	
1674	138300	-1.686	1725	-999	-999	-999	
1675	138410	-1.634	1726	-999	-999	-999	
1676	138520	-1.792	1727	-999	-999	-999	
1677	138630	-1.52	1728	-999	-999	-999	
1678	138740	-1.767	1729	-999	-999	-999	
1679	138850	-1.63	1730	-999	-999	-999	
1680	138960	-1.44	1731	-999	-999	-999	
1681	139070	-1.459	1732	-999	-999	-999	
1682	139180	-1.312	1733	-999	-999	-999	
1683	139290	-1.584	1734	-999	-999	-999	
1684	139400	-1.661	1735	-999	-999	-999	
1685	139510	-1.49	1736	-999	-999	-999	
1686	139620	-1.67	1737	-999	-999	-999	
1687	139730	-1.525	1738	-999	-999	-999	
1688	139840	-1.445	1739	-999	-999	-999	
1689	139950	-1.273	1740	-999	-999	-999	
1690	140050	-1.251	1741	-999	-999	-999	
1691	140160	-1.426	1742	-999	-999	-999	
1692	140270	-1.3965	1743	-999	-999	-999	
1693	140380	-1.156	1744	-999	-999	-999	
1694	140490	-1.461	1745	-999	-999	-999	
1695	140600	-1.534	1746	-999	-999	-999	
1696	140710	-1.706	1747	-999	-999	-999	
1697	140820	-1.558	1748	-999	-999	-999	
1698	140930	-1.619	1749	-999	-999	-999	
1699	141040	-1.714	1750	-999	-999	-999	
1700	141150	-1.672	1751	-999	-999	-999	
1701	141260	-1.520333	1752	-999	-999	-999	
1702	141370	-1.235	1753	-999	-999	-999	
1703	141480	-1.517	1754	-999	-999	-999	
1704	141590	-1.387	1755	-999	-999	-999	
1705	141700	-1.514	1756	-999	-999	-999	
1706	141810	-1.165	1757	-999	-999	-999	
1707	141920	-1.311	1758	-999	-999	-999	
1708	142030	-1.09	1759	-999	-999	-999	
1709	142140	-1.293	1760	-999	-999	-999	
1710	142250	-1.285	1761	-999	-999	-999	
1711	142360	-1.095	1762	-999	-999	-999	
1712	142470	-1.276	1763	-999	-999	-999	
1713	142580	-1.267	1764	-999	-999	-999	
1714	142680	-1.469	1765	-999	-999	-999	
1715	142790	-1.328	1766	-999	-999	-999	
1716	142900	-1.611	1767	-999	-999	-999	
1717	143010	-1.861	1768	-999	-999	-999	
1718	143120	-1.697	1769	-999	-999	-999	
1719	143230	-1.614	1770	-999	-999	-999	
1720	143340	-1.381	1771	-999	-999	-999	
1721	143450	-1.575	1772	-999	-999	-999	
1722	143560	-1.641	1773	-999	-999	-999	
1723	143670	-1.683	1774	-999	-999	-999	
1724	143780	-1.492	1775	-999	-999	-999	
1725	143890	-1.608	1776	-999	-999	-999	
1726	144000	-1.761	1777	-999	-999	-999	
1727	144110	-1.753	1778	-999	-999	-999	
1728	144210	-1.841	1779	-999	-999	-999	
1729	144320	-1.66	1780	-999	-999	-999	
1730	144420	-1.427	1781	-999	-999	-999	
1731	144530	-1.681	1782	-999	-999	-999	
1732	144640	-1.757	1783	-999	-999	-999	
1733	144740	-1.245	1784	-999	-999	-999	
1734	144850	-1.680333	1785	-999	-999	-999	
1735	144950	-1.824	1786	-999	-999	-999	
1736	145060	-1.65	1787	-999	-999	-999	
1737	145170	-1.809	1788	-999	-999	-999	
1738	145270	-1.741	1789	-999	-999	-999	
1739	145380	-1.9615	1790	-999	-999	-999	
1740	145480	-2.062	1791	-999	-999	-999	
1741	145590	-1.51	1792	-999	-999	-999	
1742	145700	-1.5985	1793	-999	-999	-999	
1743	145800	-1.413	1794	-999	-999	-999	
1744	145910	-1.585	1795	-999	-999	-999	
1745	146010	-1.637	1796	-999	-999	-999	
1746	146120	-1.685	1797	-999	-999	-999	
1747	146230	-1.892	1798	-999	-999	-999	
1748	146330	-1.743	1799	-999	-999	-999	
1749	146440	-1.784	1800	-999	-999	-999	