Subantarctic Atlantic 1.1Ma Dust, Iron and Productivity Reconstructions 
----------------------------------------------------------------------- 
               World Data Center for Paleoclimatology, Boulder 
                                  and 
                     NOAA Paleoclimatology Program 
----------------------------------------------------------------------- 
NOTE: PLEASE CITE ORIGINAL REFERENCE WHEN USING THIS DATA!!!!! 


NAME OF DATA SET: 
Subantarctic Atlantic 1.1Ma Dust, Iron and Productivity Reconstructions  

LAST UPDATE: 1/2011 (Original receipt by WDC Paleo) 
CONTRIBUTORS: Martínez-Garcia, A., A. Rosell-Melé, W. Geibert, 
R. Gersonde, P. Masqué, V. Gaspari, and C. Barbante. 
IGBP PAGES/WDCA CONTRIBUTION SERIES NUMBER: 2011-005 


WDC PALEO CONTRIBUTION SERIES CITATION: 
Martínez-Garcia, A., et al. 2010. 
Subantarctic Atlantic 1.1Ma Dust, Iron and Productivity Reconstructions. 
IGBP PAGES/World Data Center for Paleoclimatology 
Data Contribution Series # 2011-005. 
NOAA/NCDC Paleoclimatology Program, Boulder CO, USA. 


ORIGINAL REFERENCE: 
Martínez-Garcia, A., A. Rosell-Melé, W. Geibert, R. Gersonde, 
P. Masqué, V. Gaspari, and C. Barbante. 2009. 
Links between iron supply, marine productivity, sea surface 
temperature, and CO2 over the last 1.1 Ma. 
Paleoceanography, 24, PA1207, doi:10.1029/2008PA001657. 

ABSTRACT:
Paleoclimatic reconstructions have provided a unique data set to 
test the sensitivity of climate system to changes in atmospheric CO2 
concentrations. However, the mechanisms behind glacial/interglacial 
(G/IG) variations in atmospheric CO2 concentrations observed in the 
Antarctic ice cores are still not fully understood. Here we present 
a new multiproxy data set of sea surface temperatures (SST), 
dust and iron supply, and marine export productivity, from the 
marine sediment core PS2489-2/ODP Site 1090 located in the 
subantarctic Atlantic, that allow us to evaluate various hypotheses 
on the role of the Southern Ocean (SO) in modulating atmospheric CO2 
concentrations back to 1.1 Ma. We show that Antarctic atmospheric 
temperatures are closely linked to changes in SO surface temperatures 
over the last 800 ka and use this to synchronize the timescales of 
our marine and the European Project for Ice Coring in Antarctica 
(EPICA) Dome C (EDC) records. The close correlation observed between 
iron inputs and marine export production over the entire interval 
implies that the process of iron fertilization of marine biota has 
been a recurrent process operating in the subantarctic region over 
the G/IG cycles of the last 1.1 Ma. However, our data suggest that 
marine productivity can only explain a fraction of atmospheric CO2 
changes (up to around 40–50 ppmv), occurring at glacial maxima in 
each glacial stage. In this sense, the good correlation of our SST 
record to the EDC temperature reconstruction suggests that the 
initial glacial CO2 decrease, as well as the change in the amplitude 
of the CO2 cycles observed around 400 ka, was most likely driven by 
physical processes, possibly related to changes in Antarctic sea ice 
extent, surface water stratification, and westerly winds position. 



ADDITIONAL REFERENCES: 
Becquey, S., and R. Gersonde. 2002. 
Past hydrographic and climatic changes in the Subantarctic Zone 
of the South Atlantic: The Pleistocene record from ODP Site 1090. 
Palaeogeogr. Palaeoclimatol. Palaeoecol., 182(3-4), 221-239, 
doi:10.1016/S0031-0182(01)00497-7.



GEOGRAPHIC REGION: Subantarctic Atlantic 
PERIOD OF RECORD: 1.1Ma - present 

FUNDING SOURCES: 
Spanish "Ministerio de Educacion y Ciencia" Ph.D. grant to AM-G, 
project POL2006-02999, EPICA-MIS. 




DESCRIPTION: 
Sea surface temperature (SST), dust, iron and marine export production
reconstructions from the Subantarctic Atlantic covering the past 
1.1 million years. Proxies include alkenones, n-alkanes, Fe, Al, Re
 and Uranium and Thorium isotopes.

Two cores from the central part of the Subantarctic Zone 
(ODP Site 1090 and PS2489-2) were sampled in order to obtain
a continuous record of the Pleistocene following the approach 
described by Becquey and Gersonde [2002].

Alkenones and n-alkanes were analyzed by GC-FID, and the
UK37 paleotemperature index was used to estimate SST. Fe, Al, 
232Th/230Th, U isotopes, and Re concentrations were determined
by Inductively Coupled Plasma Sector-Field Mass Spectrometry.
230Thex was calculated using a 232Th/238U activity ratio of 0.4,
and a 234U/238U activity ratio in the lithogenic end-member of 0.9.

ODP Site 1090: 42°54.8'S, 8°53.9'E, 3700 m water depth 
PS2489-2: 42°52.4'S, 8°58.4'E 
 



DATA: 
C23-C33 = C23-C33 n-alkanes 
n-alkan.MAR = n-alkanes Mass Accumulation Rate 
Lith.Flux = Lithogenic (Dust) Flux [10 ppm 232Th] 
%Lith. = % Lithogenic Material 

Age         SST   Alkenones   Alkenon.MAR  C23-C33   n-alkan.MAR       Fe        FeMAR    232Th       Al      Uauth     Re    230ThEx0   FeFlux   LithFlux  %Lith    %Fe in Lithogenic (Dust)
(ka)        (ºC)     (ng/g)  (µg m-2 y-1)  (ng/g)     (µg m-2 y-1)    (ppm)  (mg m-2y-1)  (ppm)    (ppm)      (dpm/g)  (ppm)  (dpm/g)  (mg/m2/y)  (g/m2/y)

0.00       10.96     127.60       1.05     363.35       2.99
1.00       13.38      55.46       0.46     224.91       1.85
2.00       13.57      39.31       0.43     200.21       2.17          2439.04    26.38     0.79    5030.92     0.09    0.002     7.63    32.37     1.05     7.94     3.07
5.80       14.51      28.00       0.48     190.75       3.25          2089.53    35.65     0.71    4228.92     0.05    0.002     5.87    36.05     1.22     7.07     2.95
8.20       14.46      24.15       0.38     161.48       2.53          2357.57    47.75     0.89    4710.06     0.06    0.001     6.00    39.79     1.50     8.88     2.66
10.20                                                                 3240.00    40.01     0.97    5513.71     0.15    0.002     6.44    51.00     1.53     9.74     3.33
13.40       9.03      97.81       1.40     491.98       7.06          6814.18    97.83     2.00   11339.89     0.44    0.002     7.41    93.15     2.73    20.00     3.41
15.90       8.03     823.20      18.26     888.70      19.71         14270.92   316.49     3.21   19568.20     1.08    0.019     7.31   197.84     4.44    32.06     4.45
16.20       8.13     829.03      18.24     950.85      20.92         16628.13   365.80     3.70   22484.67     1.17    0.026     7.91   212.85     4.73    36.97     4.50
17.40       9.09    1863.50      45.25    1724.58      41.88         17369.26   369.30     5.21   33752.86     3.83    0.062    12.05   146.04     4.38    52.13     3.33
27.00       8.11     816.16      10.22    1147.69      14.37         12972.98   142.22     4.02   23039.95     2.45    0.013     9.49   138.54     4.30    40.22     3.23
30.58       7.18     500.26       5.70     910.87      10.38         11661.00   132.88     3.38   20519.13     2.47    0.004     8.78   134.48     3.89    33.75     3.45
31.17       4.94     755.22       8.92    1122.45      13.26         11170.22   131.93     3.12   18341.22     2.06    0.004     7.76   145.89     4.08    31.23     3.58
32.33       6.56     643.94       7.02     849.98       9.27          8085.01    88.14     2.85   15378.02     1.88    0.006     7.35   111.41     3.93    28.55     2.83
36.13                                                                 9777.10   129.49     2.93   17047.09     0.91    0.003     6.96   142.29     4.26    29.30     3.34
39.50       6.53     705.31       6.88     773.75       7.55         11062.16   107.88     4.31   22022.03     0.92    0.005     6.33   177.09     6.89    43.05     2.57
41.69       6.86     385.99       3.20     570.44       4.74          7626.87    63.31     2.98   14963.34     1.09    0.005     7.26   106.40     4.16    29.81     2.56
42.54       7.58     369.59       3.10     772.00       6.47          8783.84    73.56     3.44   16268.50     1.22    0.007     8.37   106.28     4.16    34.38     2.56
46.77       8.00     598.91       5.11     810.83       6.92         11975.47   102.17     5.71   28434.32     0.94    0.003     6.16   196.91
50.16       9.10     430.81       3.73     746.03       6.45          8573.78    74.16     2.79   15963.25     0.56    0.003     8.82    98.45     3.20    27.90     3.07
55.23      10.21     254.26       2.18     484.74       4.15          8236.25    70.46     1.61   15515.75     0.53    0.002     4.61   181.09     3.55    16.14     5.10
59.47       9.13     430.97       3.67     982.15       8.37         13093.93   111.64     3.88   24098.09     0.25    0.003     8.68   152.75     4.53    38.84     3.37
61.16       9.04    1540.51       9.97    1555.95      10.07         11804.87    76.38     3.58   22657.85     0.23    0.002     8.91   134.23     4.08    35.85     3.29
65.60       7.80     647.60       3.93     984.67       5.97          9951.78   109.59     2.97   16923.21     0.24    0.002     7.10   142.08     4.23    29.66     3.36
66.80       8.52     935.07      11.18    1076.22      12.87
74.85       7.79     167.92       2.11     445.78       5.61          4829.35    60.82     1.80    9606.22     0.61    0.001     7.79    62.80     2.34    18.02     2.68
78.67       9.46      73.96       0.45     254.38       1.54          2804.04    16.97     1.26    6020.81     0.13    0.001     6.74    42.15     1.90    12.63     2.22
84.00      10.01     125.61       0.68     260.23       1.40          4403.95    23.76     1.68    8043.25     0.06    0.001     7.46    59.77     2.28    16.77     2.63
90.00      11.04     201.17       1.77     500.52       4.39          5346.94    46.93     2.08   10624.02     0.05    0.001     8.50    63.69     2.48    20.85     2.56
93.70      10.20      69.20       0.80     187.06       2.18          4543.37    52.85     1.64    8503.49     0.00    0.001     8.26    55.70     2.01    16.40     2.77
98.60      10.99     125.41       1.66     291.26       3.85          4032.56    53.25     1.38    8464.87     0.04    0.000     9.19    44.43     1.52    13.82     2.92
107.80     11.06      73.07       1.05     318.62       4.58          5968.24    85.82     1.53   11476.19     0.02    0.001    10.03    60.27     1.55    15.30     3.90
115.93     12.96      72.53       1.27     179.54       3.15          2810.83    49.35     1.11    6127.46     0.05    0.000     8.79    32.40     1.28    11.14     2.52
118.20     13.62      58.93       0.92     142.44       2.22          2646.01    41.28     1.09    5521.05     0.04    0.001     8.15    32.88     1.36    10.94     2.42
122.28     15.83      31.68       0.88     120.86       3.34          2693.80    74.46     0.94    5943.04     0.04    0.000     7.82    34.88     1.21     9.36     2.88
127.14     17.14      39.01       1.05     182.53       4.90          3908.40   104.94     1.65    7392.29     0.09    0.001     6.97    56.77     2.39    16.49     2.37
132.40      9.54      85.06       1.47     333.63       5.77          5443.83    94.17     2.03    9577.95     0.38    0.003     5.76    95.70     3.57    20.31     2.68
134.80      5.59     671.71      11.65    1249.47      21.67          8811.74   152.85     2.28   10779.01     0.64    0.004     4.61   193.61     5.01    22.80     3.86
137.20      8.37    1085.74      22.84     970.86      20.43         15203.80   319.87     2.77   17137.57     0.96    0.006     5.51   279.46     5.10    27.72     5.48
139.57      9.67     571.93      13.29     899.01      20.89         12308.36   285.97     3.45   16175.58     1.91    0.018     6.58   189.38     5.31    34.50     3.57
141.46      9.51     843.40      20.06    1094.95      26.04         12407.34   295.09     3.42   20291.50     2.94    0.029     8.76   143.47     3.95    34.19     3.63
143.03      8.89    1404.33      32.34    1354.90      31.20         12449.68   286.67     4.35   20399.14     3.24    0.026     8.88   141.99     4.97    43.55     2.86
144.92      8.30     538.98      12.07     603.32      13.51         10209.08   228.60     3.29   20746.57     3.04    0.026     9.90   104.44     3.37    32.92     3.10
146.18      8.00     771.64      17.50     979.21      22.21          9642.72   218.67     3.69   18096.30     2.90    0.022     8.71   112.20     4.29    36.88     2.61
148.06      6.30     711.88      15.95     750.14      16.81          8968.06   200.94     3.38   15747.83     1.91    0.011     6.38   142.48     5.38    33.85     2.65
149.35      8.38    1099.43      22.96     904.30      18.88          9788.31   204.39     3.25   11704.80     1.56    0.005     6.19   160.24     5.33    32.53     3.01
151.45      6.58    1304.25      27.73     988.49      21.01         11942.18   253.86     4.23   20358.10     1.14    0.006     6.66   181.62     6.43    42.27     2.83
152.85      6.78    1421.40      30.76     965.16      20.89         13381.03   289.59     4.39   21864.99     1.15    0.007     7.32   185.06     6.07    43.90     3.05
154.95      6.85    1343.26      29.77    1160.32      25.72         11750.44   260.43     3.60   21868.21     1.61    0.033     9.57   124.38     3.81    35.99     3.27
155.30      6.31    1087.21      12.06     978.88      10.86         14470.80   160.56     4.76   26110.70     1.64    0.013    11.23   130.59     4.30    47.64     3.04
157.40      5.75    1425.88       9.97    1130.58       7.90         14587.73   101.97     4.61   26777.83     1.82    0.018    13.53   109.26     3.46    46.14     3.16
164.10      9.04    1379.81      19.77    1195.81      17.14         13320.31   190.88     5.00   22857.24     1.30    0.017    11.61   116.26     4.36    49.96     2.67
168.47      8.95     819.44      11.27     929.43      12.78         11538.31   158.70     3.50   21411.23     0.99    0.006     8.44   138.50     4.20    35.02     3.29
173.92      7.65     512.82       4.12     812.55       6.53          9446.40    75.92     3.53   16552.46     0.43    0.002     8.89   107.65     4.03    35.34     2.67
177.50      7.93     517.90       7.27    1034.79      14.53         13385.34   187.95     4.70   21255.62     0.31    0.001     9.13   148.45     5.21    46.98     2.85
184.60      7.78     654.83      12.18     818.59      15.23         12238.91   227.73     4.68   21383.59     0.27    0.001     9.69   128.01     4.89    46.79     2.62
189.96     10.63     202.24       4.04     469.39       9.38          7796.38   155.76     2.34   14941.76     0.18    0.000    12.33    64.05     1.92    23.41     3.33
192.25     10.90     116.60       1.57     312.90       4.22          5050.70    68.14     2.05    9358.60     0.15    0.001     8.92    57.37     2.33    20.49     2.46
197.55     11.74      70.28       0.86     196.52       2.41          4083.89    50.11     1.30    7821.51     0.09    0.000     7.75    53.36     1.70    13.04     3.13
200.80      9.79     107.79       1.25     247.80       2.88          4572.99    53.06     1.51    7734.44     0.10    0.001
207.60     10.96      65.24       0.64     169.58       1.67          3473.30    34.30     1.03    6873.38     0.01    0.000     7.26    48.44     1.43    10.25     3.39
210.80     11.22      78.45       0.78     215.51       2.14          3927.50    38.94     1.10    7334.95     0.04    0.000     6.58    60.46     1.69    10.97     3.58
216.40     10.35      57.98       0.58     213.18       2.12          4002.97    39.87     1.23    7466.81     0.04    0.000     7.38    54.94     1.69    12.28     3.26
220.40     12.70      47.49       0.47     190.29       1.89          4570.63    45.47     1.25    7717.98     0.03    0.000     7.64    60.58     1.66    12.52     3.65
223.60     11.81      79.77       0.96     399.93       4.80          6845.89    82.14     1.93   12228.17     0.04    0.000     8.98    77.25     2.18    19.31     3.55
226.25     10.04      95.72       3.04     548.15      17.43          9685.18   308.04     2.55   11771.13     0.04    0.001    10.36    94.66     2.50    25.54     3.79
228.75     11.63      99.71       3.09     364.00      11.29          7314.82   226.90     2.50   13524.39     0.02    0.001     9.67    76.62     2.61    24.96     2.93
230.50     11.15      51.83       0.91     242.99       4.25          4693.72    82.19     1.41    8155.49     0.03    0.000     7.71    61.65     1.85    14.05     3.34
236.61      9.63      50.84       1.07     177.18       3.73          3517.75    74.03     0.99    6836.67     0.06    0.000     6.40    55.69     1.57     9.91     3.55
242.68     10.22      32.61       0.73     158.68       3.56          3971.00    89.12     1.10    6500.01     0.10    0.001     6.18    65.11     1.80    10.96     3.62
247.28      8.94     142.91       4.05     409.89      11.61          7493.36   212.30     2.14   13932.01     0.19    0.001     8.17    92.90     2.66    21.42     3.50
250.48      6.90     439.70       7.76     635.97      11.23          8483.18    77.53     2.16   12829.45     0.27    0.002     5.85   146.99     3.74    21.60     3.93
253.00      7.32     716.54       4.97     706.80       4.91
262.65      8.02     468.11       4.14     631.78       5.59         11299.44   100.03     2.55   16895.21     0.51    0.004     6.42   178.38     4.03    25.51     4.43
267.56      6.22     935.14       8.00     683.92       5.85         11581.76    99.07     2.56   16923.50     0.60    0.004     6.20   189.10     4.18    25.57     4.53
268.38      4.78    2438.84      27.96    1165.14      13.36         13888.81   159.20     3.14   20222.09     0.71    0.013     7.30   192.77     4.36    31.38     4.43
270.82      5.56    1381.25      15.36     826.26       9.19         13909.76   154.64     3.09   20273.55     0.80    0.018     8.19   172.14     3.82    30.85     4.51
272.05      6.86    1263.92      22.96     946.30      17.19         17224.23   312.93     4.11   28458.64     1.03    0.023     9.11   191.61     4.57    41.10     4.19
275.73     10.86     891.47      14.38    1106.52      17.85         15709.75   253.46     3.86   29242.42     2.21    0.012     9.53   166.99     4.11    38.62     4.07
278.19      9.92    1044.91      38.23    1172.63      42.90         12666.49   463.41     3.42   21693.23     2.98    0.021    14.71    87.22     2.35    34.16     3.71
281.48      9.07     156.18       4.56     262.02       7.65          5116.65   149.34     1.10    5529.83     2.63    0.016
282.39     11.47    1044.89      26.68    1274.14      32.53         12727.18   324.96     4.05   25232.02     1.91    0.019     9.20   140.07     4.46    40.49     3.14
287.35      9.96     196.06       2.35     607.91       7.30          3769.72    45.25             8316.57     0.95    0.003
294.68      9.94      64.06       0.80     180.69       2.25          8251.17   102.87     2.56   14565.40     0.28    0.003     8.23   101.52     3.15    25.59     3.22
298.40     11.11     145.57       1.82     601.25       7.50          9102.30   113.59     2.84   12821.08     0.13    0.002    12.98    71.06     2.22    28.45     3.20
300.80     10.56     122.42       2.06     387.21       6.52          7899.03   133.11     2.64    9202.26     0.10    0.002    11.02    72.61     2.43    26.43     2.99
308.80     10.42      74.52       0.52     198.33       1.39          4153.15    29.17     1.35    8106.20     0.07    0.001     9.29    45.29     1.48    13.54     3.07
315.60     11.33      69.78       0.38     213.82       1.15          4770.72    25.76     1.22    8975.17     0.00    0.001
321.51     10.84      77.15       1.15     217.84       3.25          7894.75   117.84     1.60    9877.65     0.07    0.001    12.16    65.76     1.33    15.97     4.94
327.91     12.45      66.59       1.98     171.60       5.12          3363.33   100.26     0.90    7170.38     0.00    0.002
330.60     11.47      59.54       1.22     155.60       3.18          3594.11    73.45     1.03    7445.64     0.12    0.002     7.25    50.24     1.45    10.35     3.47
333.70     14.67     133.99       2.60     172.45       3.35          3487.96    67.68     0.96    5832.29     0.28    0.002
339.91     10.87     489.59      29.54     396.37      23.91          8933.38   538.92     2.29   11667.14     1.32    0.004
341.08      8.82    1696.68      99.19     762.38      44.57         10251.29   599.32     2.21   16766.69     1.91    0.038
341.98      7.03    2022.48     121.05     750.79      44.94         10607.39   634.87     2.25   17762.10     2.70    0.025
342.62      8.19    1482.50      85.09     710.98      40.81          9449.50   542.38     2.66   13462.42     4.96    0.042
343.92      7.76    1931.11     111.59     944.18      54.56          7489.57   432.78     1.95   12571.27     2.63    0.025
346.51      8.39    1133.94      68.69     651.79      39.48          5810.67   352.01     1.33    9230.57     1.74    0.011
347.80      8.46     873.42      52.78     548.38      33.14          5692.60   344.00     1.48    9725.94     1.32    0.006
348.97     10.10    1124.44      47.72     793.91      33.69          8381.38   355.72     2.11   14586.10     1.46    0.012
350.69      9.83     752.08      31.96     498.12      21.17          8408.20   357.35     2.47   15835.17     1.67    0.017
352.41     10.11    1396.53      59.20     833.47      35.33          9947.26   421.67     2.86   18461.46     1.53    0.022
354.30      8.69    1594.19      69.62     774.35      33.82          9858.25   430.54     2.22   17535.82     1.51    0.016
355.85      8.43    1265.45      56.23     838.33      37.25          7163.72   318.31     1.89   12005.44     1.29    0.007
357.73      9.09    1104.63      47.87     874.91      37.91          6899.62   298.98     2.35   13465.25     1.20    0.003
358.77      8.13     947.97      42.60     685.26      30.79          8791.63   395.07     3.08   16064.24     1.18    0.004
359.27      8.76    1627.40      71.08     885.52      38.68          9770.33   426.73     2.74   14315.90     0.87    0.003
360.31      7.96    1044.76      46.78    1008.59      45.16          8517.43   381.39     2.74   14676.88     0.93    0.003
360.99      8.70    1002.30      44.25    1128.02      49.80          9680.44   427.40     3.18   16038.40     0.88    0.003
363.06      9.31     469.42      48.47     449.56      46.42          7250.52   748.70     2.10   13184.07     1.16    0.002
364.79      8.34     603.60      56.45     547.50      51.21          5424.12   507.31     1.93    9855.18     0.29    0.002
365.61      8.97     373.84      20.00     330.01      17.65          4099.06   219.25     1.73    7465.20     0.50    0.002
370.95     10.24     232.44       4.10     345.80       6.10          6013.68   106.16     1.93   11906.68     0.07    0.001
372.73     10.38     273.87       7.74     467.65      13.21          5488.42   155.03     2.12    9734.01     0.22    0.001
374.70      8.78     135.49       3.76     204.62       5.68          5767.16   160.11     0.93    3837.32     0.17    0.001
378.45      9.32     248.79       5.53     173.78       3.87          2054.47    48.87             4471.80     0.08    0.001
382.88      9.40     129.07       2.90     106.33       2.39          1246.34    26.48     0.61    2687.75     0.16    0.001
384.04      8.65     212.88      13.51     268.26      17.03
385.48      9.40     266.52      16.92     534.30      33.92
386.93     10.13     174.68      11.13     292.14      18.62
388.06     10.14     107.01       2.11     108.71       2.15          1491.86    29.44     0.70    3167.12     0.23    0.001
388.36      9.86     161.09      10.23     194.17      12.33
389.81      9.50     216.77      10.44     156.86       7.55
391.71     10.31     112.98       5.44     112.30       5.41
393.61     10.39     115.00       5.54     132.26       6.37
394.36     11.09      68.87       2.27      76.81       2.53          1770.47    58.29     0.74    3563.15     0.21    0.001
395.51     10.24     106.14       5.11     156.06       7.52
397.41     11.49      83.15       1.68     127.08       2.57
397.89     11.33      64.50       0.62      95.09       0.91          1624.25    16.55     0.75    3384.09     0.22    0.001
401.95     13.33      51.17       0.86     108.24       1.82
407.38     13.93      55.72       1.45     113.27       2.95
410.90     12.93      73.64       1.53     116.63       2.42
411.79     13.42      49.10       0.62      80.23       1.01          1443.35    14.71     0.65    2952.13     0.26    0.001
415.76     12.39      63.17       1.34
419.26     12.16      46.80       0.98      97.39       2.04          1759.42    36.89     0.62    2696.29     0.51    0.002
421.02     11.84      50.34       1.98      75.05       2.95          1841.79              0.69    3118.97     0.43    0.001
422.77      8.92     264.72      13.50     247.30      12.61          2613.05   133.23     0.92    3979.32     0.99    0.003
424.21     10.20      87.74       4.41     146.79       7.38          3606.42   163.01     1.04    3968.70     2.00    0.006
424.39     11.16      73.04       2.02     108.99       3.01
425.65     11.32     233.33       8.98
427.02     10.26     705.87      12.24     488.53       8.47          5592.01    96.99     1.61    7102.82     2.92    0.005
429.88      7.44    2006.49      33.71     807.67      13.57          6784.86   114.01     2.22   10191.78     4.20    0.035
432.74      6.93    2691.90      44.20    1496.44      24.57          8292.10   169.67     2.43   13227.40     3.40    0.027
435.59      7.08    1260.97      33.01     897.45      23.50
437.32      5.10    2492.59      62.80    1808.12      45.55         10639.80   268.06     3.11   17390.17     3.59    0.037
439.04      6.02    1891.28      66.85    1393.89      49.27         12030.38   425.21     3.80   21509.90     3.95    0.032
440.55      7.45    1426.07      40.54    1318.51      37.48
440.22      7.43    1605.88      55.94    1267.60      44.15         14509.04   505.16     4.30   24256.59     3.61    0.017
441.41      8.69    1422.08      49.23    1512.67      52.37
442.59      8.86     780.72      26.93    1150.43      39.68         16403.06   565.74     4.40   26189.33     2.78    0.030
443.77      8.83     525.57      18.39     840.04      29.40         17575.30   615.12     4.84   28783.64     3.44    0.033
444.96      8.61    1688.36      62.06    1725.82      63.44         12448.94   458.95     3.91   21803.61     3.10    0.033
446.15      8.38     896.84      34.50    1172.74      45.11
447.24      9.39     805.89      16.09     699.63      13.97
447.33      8.79     498.60      19.75     728.13      28.85          7210.35   285.67     2.66   13579.76     2.99    0.017
448.51      8.22     334.23      13.64     531.27      21.68          7205.89   294.04     2.37   11051.92     2.61    0.006
449.70      7.90     530.15      21.99     725.16      30.08          9044.31   332.34     2.51   13459.48     2.33    0.006
450.88      6.04    1078.68      35.44     923.90      30.35
452.37      7.11    1239.50      40.62     773.65      25.35          9779.77   320.50     2.73   13979.11     2.36    0.007
453.85      7.80     830.18      27.15     751.87      24.59         11151.23   364.66     3.46   16991.07     2.41    0.022
454.29      8.35    1544.05      43.03     714.38      19.91
455.33      6.25    1395.28      43.69     838.25      26.25         11933.07   319.54     3.79   18115.84     2.61    0.035
456.81      4.41     850.76      19.56
458.80      5.22    2022.30      46.98    1284.57      29.84         13386.41   310.95     4.57   22318.70     2.22    0.014
459.92      5.80    1847.91      33.92    1264.68      23.21
460.78      4.27    1310.24      31.00    1112.91      26.33         13035.54   308.45     4.21   20959.47     2.30    0.043
462.77      6.08     946.78      22.88     921.07      22.26         10561.71   255.16     3.73   16973.28     2.53    0.011
464.75      4.07     766.56      18.10
468.72      5.48     803.82      21.33     659.89      17.51         10595.91   281.49     4.19   18315.43     2.08    0.019
470.71      8.04     328.83       8.85     350.28       9.42
472.68      7.48     313.88       8.49
474.67      6.84     346.51       9.49     350.99       9.62          3518.16    96.61     1.31    5508.22     0.94    0.003
476.59      8.37     238.55       2.55     274.41       2.94
476.66      7.82     298.78       8.31     300.41       8.35
478.64      7.98     244.12       6.81     300.96       8.39          3375.83    94.30     1.28    6090.99     0.25    0.002
480.63      8.30     181.30       5.13
482.61      7.81     200.55       5.78     205.55       5.93
484.59      9.44     120.42       3.43     147.33       4.19          1760.99    34.49     0.78    3404.07     0.06    0.001
486.58      8.96     151.47       4.35     162.63       4.67
488.56     10.14     115.69       1.76
492.05      9.43     141.04       2.72     117.60       2.26
496.14      9.13     122.69       1.76     184.69       2.65          3340.13    47.81     1.24    5632.71     0.12    0.001
499.91      9.31     127.77       1.80     232.24       3.27
503.70     10.24      92.09       1.30
507.50      9.58     104.53       1.49     234.04       3.35          3444.88    70.06     1.23    5814.98     0.09    0.001
511.27      8.64     103.35       3.65     270.29       9.56
512.73      8.97     141.77       5.28     256.82       9.56          3737.77   139.07     1.43    6318.38     0.09    0.001
514.20      9.27     129.92       4.92
515.66      9.90     112.67       4.26     244.52       9.23
517.12      9.39     134.57       4.96     281.79      10.39          4319.59   159.28     1.65    6818.52     0.13    0.001
518.58      9.09     132.58       4.92     239.62       8.89
520.04      9.37     115.35       4.31
521.51     10.04     138.02       5.10     200.87       7.42          3363.39   149.62     1.06    4441.52     0.21    0.001
522.97      8.73     100.51       5.55     203.45      11.24
523.94      8.16      91.55       3.51     213.55       8.18          3621.28   138.62     1.23    5709.30     0.39    0.002
525.77      7.65      91.34       3.41     276.84      10.32
526.69      7.21     106.74       3.92     329.48      12.12          4712.37   173.34     1.81    7773.03     0.85    0.003
527.61      8.37     203.63       7.42     453.64      16.53
528.52      8.39     200.32       7.22
529.44      7.65     234.43       8.43     462.51      16.63          7245.94   181.43     2.62   11682.92     1.19    0.005
530.36      8.02     313.22       6.01     575.64      11.04
532.07      6.21     937.81      17.90     864.97      16.51         10984.83   209.72     2.83   13144.18     1.44    0.006
533.79      6.82    1267.14      23.78
535.51      7.25    1164.45      11.22     705.53       6.80          9788.00    94.31     2.76   13782.76     2.49    0.034
538.79      7.44    1294.39      12.42     816.15       7.83          9308.95    89.30     2.48   11569.50     3.01    0.032
542.08      7.31    1249.49      12.00     748.57       7.19          7737.00   116.79     2.55   12014.75     3.85    0.048
545.37      6.28     970.23      34.11
546.26      7.42    1014.58      35.07     682.70      23.60          8222.94   284.22     2.64   13067.41     4.40    0.054
547.16      7.14     893.67      30.39     707.55      24.06          7563.16   257.23     2.65   13610.79     3.82    0.043
548.05      7.77    1077.91      36.56     788.14      26.73          8555.08   290.18     2.73   13304.42     3.33    0.019
548.94      7.29    1441.78      49.09
549.84      8.75    1377.12      47.39     850.61      29.27          9990.31   343.76     3.28   16130.41     3.10    0.031
550.73      8.85    1640.35      57.90     998.51      35.25         10284.97   363.04     3.66   17313.42     3.61    0.036
551.62      9.58    1134.42      41.09    1041.48      37.73         12163.58   440.88     4.07   21267.04     3.03    0.026
552.52      9.50     933.39      33.80
553.41     10.16    1095.02      38.48     977.93      34.36         13184.65   463.28     4.64   21243.74     2.51    0.018
554.30      9.09    1113.02      38.33    1120.94      38.60         11030.09   379.86     3.53   22497.24     1.52    0.005
555.20      9.14     924.59      32.12     896.88      31.16         10636.84   375.86     4.12   18098.66     1.79    0.025
556.09      8.37     636.64      23.09
556.96      8.13     683.53      29.24     748.53      32.02          8436.04   360.86     2.93   17143.88     1.17    0.004
557.89      6.47     910.18      39.96     815.77      35.82          7278.78   319.60     2.95   12906.79     1.22    0.004
558.82      7.10     296.47       2.82     723.57       6.89          6696.15    63.74     2.13   12694.32     0.83    0.002
563.02     10.25     118.15       1.06
567.22     11.21      84.40       0.73     266.91       2.32          4795.31    41.53     1.25    6078.98     0.66    0.002
571.42     10.81      91.30       0.79     313.04       2.69
575.64     10.41      89.43       0.77     298.66       2.58          4674.73    45.77     1.66    8320.30     0.44    0.002
579.84     11.73      55.09       0.62
583.04      9.87      93.81       1.09     381.48       4.44          5442.48    63.29     1.74   10922.22     0.18    0.001
586.24                                                                7182.43    88.80     2.67   12510.82     0.20    0.001
589.45     10.37      95.25       1.16     390.90       4.76          7366.08    89.69     2.15   13304.55     0.12    0.001
595.87     10.76      84.40       0.99     247.22       2.90          5464.09    64.09     2.04    9947.69     0.14    0.001
599.07     10.34      93.33       1.09     277.54       3.23
602.27     10.10      79.70       0.93     296.77       3.46          5656.00    65.98     2.13   10032.99     0.13    0.001
605.47     10.83      81.45       0.89                                7643.97   104.80     2.63   15087.60     0.10    0.001
608.67     11.35      93.32       3.05     433.31      14.18
610.98     11.26      94.72       1.53     377.51       6.08          6666.98   110.84     2.60   12268.49     0.17    0.001
613.30     11.41      82.80       1.34     242.72       3.92
615.61     11.74      72.99       2.33
617.72     11.37      52.66      12.34
617.92     12.07      61.75       0.74     172.51       2.07          3993.97   182.91     1.32    5987.69     0.32    0.001
619.88     11.43      49.28       1.66     232.27       7.80          3951.26   132.28     1.45    6938.90     0.56    0.001
622.02     11.15      60.76       2.07
624.18     11.40      60.48       2.05     227.26       7.71
626.33     11.23     119.75       3.97     348.47      11.55          7042.88   233.49     1.73    9156.84     1.03    0.004
628.49      8.96     569.92      32.98     476.74      27.59          5312.85   333.18     1.29    8714.36     1.45    0.012
629.85      6.85     405.70      27.69
631.25      8.13     490.54      32.08     398.31      26.05          5135.09   336.57     1.48    7968.40     4.38    0.024
632.66      7.98     489.10      32.85     396.25      26.62
634.06      6.88     405.95      27.12     408.30      27.28          4404.41   294.92     1.42    7199.63     4.11    0.021
635.47      7.46     273.17      17.61
636.87      8.34     350.06      24.10     318.44      21.92          3669.30   252.62     1.04    5661.93     2.96    0.010
638.28      8.42     462.03      30.28     400.96      26.28          4828.34   316.48     1.50    7435.84     3.57    0.012
639.68      8.77     957.95      55.82     796.13      46.39          8389.39   490.25     2.04   13668.89     3.07    0.023
641.09      6.28     385.35      21.38
642.49      7.45     906.08      50.16     862.19      47.73          8576.86   474.80     2.72   15605.76     3.63    0.034
643.90      6.98    1106.09      65.98     911.27      54.36          9634.27   574.71     2.46   16855.24     3.24    0.021
645.30      7.37     751.34      44.92     784.13      46.88          9451.92   566.51     2.70   15386.69     3.69    0.024
646.71      6.75     959.00      54.57
648.11      8.40     910.62      51.50     891.48      50.42         11086.11   627.00     3.21   20963.85     4.64    0.036
649.52      9.97     754.59       7.41     687.48       6.76          8027.07    78.88     2.71   14524.41     3.93    0.024
657.70      9.53     929.10       9.13     799.70       7.86          7552.47   123.64     2.06   14015.49     3.35    0.028
665.89      6.05     705.26      34.65
667.53      7.08    1038.17      57.96     804.14      44.90         10349.88   577.87     3.00   15848.00     3.38    0.032
669.16      7.53    1038.30      55.86     702.29      37.78         11495.72   618.50     2.91   17812.68     2.68    0.017
670.80      7.38    1472.27      82.27     933.63      52.17         13635.70   761.98     4.24   21395.01     2.94    0.032
675.71      9.93    1138.54      65.48     894.08      51.42         10635.07   611.68     3.42   20677.54     2.21    0.023
677.36      9.68     754.22      45.91     571.91      34.81          7636.69   463.74     2.91   13633.74     2.01    0.003
678.99      8.18     330.08      19.90
680.63      9.41     269.26      13.04     447.62      21.69          8210.49   397.77     2.77   15058.67     0.97    0.002
682.12      9.32     226.69       8.28     390.77      14.27          6436.99   234.79     2.42   11306.57     0.96    0.002
683.70     10.25     158.00       5.73     272.50       9.88
685.28      9.32     163.31       5.90
686.87      9.98     159.45       5.93     215.17       8.00          4056.61   150.82     1.55    7523.29     0.36    0.002
688.44     10.01     129.31       5.09     151.03       5.95
690.02     10.20     134.77       5.51     168.62       6.90          3389.73   123.47     1.17    5620.61     0.22    0.002
691.61     10.35      97.84       4.02
693.19     10.77     118.49       3.35     144.55       4.08
695.37     11.07     110.83       3.04     158.61       4.35          3553.79    65.78     1.09    6108.51     0.32    0.001
697.55     11.07     100.53       1.80     209.64       3.76
699.84     10.22     116.70       0.92
701.84     10.22     118.10       0.77     373.54       2.42          6236.23    40.31     2.04   10858.39     0.47    0.002
703.83     10.53     117.36       0.75     355.73       2.27
705.84      9.86     132.93       0.84     357.86       2.26          6659.02    42.10     2.28   11770.23     0.58    0.002
707.84      9.87      92.76       0.58
709.84      9.35     135.40       0.84     402.73       2.50
711.85      9.79     129.88       0.97     444.31       3.31          8840.36    65.78     2.90   15378.04     0.59    0.002
713.84      8.25     178.91       1.30     501.83       3.64          9182.07    66.68     2.59   17240.05     0.53    0.001
715.84      8.06     132.08       0.94
717.84      9.20     176.17       2.86     499.85       8.11         10503.56   170.52     3.28   17928.08     0.65    0.002
720.00      9.31     736.99      16.65     599.00      13.53         10828.66   244.67     2.92   19485.15     0.56    0.003
722.09      8.97    1337.85      29.52     926.05      20.44         14903.08   329.83     4.21   24104.24     0.70    0.011
724.18      8.65     814.83      17.94
726.26     10.83     745.49      16.97     599.92      13.65          9445.95   214.97     2.45   16230.20     0.97    0.022
728.35      9.96     436.41      10.89     552.47      13.79          7630.54   190.40     2.61   13876.56     2.43    0.018
730.44     11.06     245.74       6.61     427.01      11.49          4843.37   130.28     1.66    9994.82     3.06    0.015
732.53     10.80     194.10       5.27
734.62      9.92     131.10       3.43     359.71       9.40          5900.19   154.24     2.14   10714.79     3.38    0.026
736.71      9.87     141.76       3.51     402.40       9.97          7955.59   197.18     2.36   13785.19     2.11    0.025
738.80      8.17     203.68       3.85     529.83      10.03         12293.62   232.66     3.50   18011.00     1.92    0.016
741.43      4.77    1314.58      25.04
744.07      5.24    3136.17      59.88    1468.23      28.03         18097.09   345.51     4.94   34607.97     1.90    0.081
746.70      4.44    3217.19      60.73    1596.32      30.13         16067.31   303.28     5.26   27564.01     2.94    0.118
749.33      5.83    1837.80      35.70    1062.63      20.64         12626.82   245.34     3.58   22915.04     3.16    0.064
751.97      6.37     913.48      18.07
754.60      9.63     674.87      13.32     745.19      14.71          8655.98   170.91     3.17   15282.65     3.46    0.020
757.22     10.49     690.70      18.56     701.97      18.86          9589.28   257.67     2.67   17123.40     2.82    0.012
759.05     10.12     671.80      18.80     608.71      17.03          8458.55   236.65     2.62   13438.87     2.90    0.026
760.89     10.33     340.39      10.31
762.72      9.47     575.35      19.04     678.87      22.46          5676.39   187.83     2.08   12181.84     2.23    0.007
764.56      9.54     307.27      10.02     404.38      13.19          5846.29   190.70     2.42   10682.08     1.92    0.004
766.39      8.05     300.61       9.36     427.84      13.32
768.23      9.17     436.06      12.67
770.06      8.14     336.82      10.23     436.90      13.27          7455.30   226.50     3.17   14305.57     0.86    0.004
771.89      8.13     441.64      14.02     491.27      15.60          6673.63   211.92     2.33   12874.78     0.66    0.003
775.56      7.56     323.11      11.01
777.40      8.95     280.76       9.70     203.79       7.04          2476.70    85.59     0.99    4491.13     0.38    0.002
779.23      9.26     167.05       5.84     160.92       5.62
781.06      9.04     198.70       7.07     147.27       5.24          1520.02    62.43     0.69    3216.20     0.48    0.002
782.89      8.97      97.98       3.49
784.72      9.92     130.41       6.65     108.67       5.54
786.71     10.35     167.62      12.52     134.45      10.04          1980.16   147.37     0.68    3540.95     0.68    0.002
788.57      9.45     320.32      20.84     179.83      11.70
790.44      8.77     770.14      46.96
792.32      9.19     901.77      54.22     409.79      24.64          5371.01   322.95     1.53    8603.15     2.34    0.007
794.19      8.05     915.83      57.64     598.32      37.66          9291.28   549.79     2.80   18223.02     3.01    0.014
796.06      6.89    1446.19      85.80     727.41      43.16
797.92      5.54    1478.21      90.37
799.79      6.39    2402.51     153.53    1037.63      66.31         14228.77   819.07     4.08   25634.86     2.87    0.017
800.50      5.68    1637.81      76.72    1299.91      60.90         12267.93   574.70     3.39   21549.28     3.19    0.034
802.58      5.55     447.20      21.46    1105.05      53.02         11876.51   569.80     3.00   19407.47     3.03    0.013
804.66      5.30     955.02      49.68     603.90      31.41
806.73      7.29    1174.81      65.86     640.10      35.89          8326.47   466.81     2.25   12389.42     1.97    0.005
808.81      6.74     814.34      48.95     596.35      35.84
810.89      6.72     253.40       6.94     276.53       7.57          4204.97    93.66     1.39    7945.60     0.60    0.002
812.84      8.06     184.56       3.29
814.88      7.43     266.85       4.84     261.34       4.74          3897.03    70.69     1.23    6866.14     0.31    0.002
816.92      7.57     180.86       3.33     202.23       3.73
818.97      8.09     161.19       2.89     200.35       3.59          3283.40    58.87     1.21    6569.26     0.18    0.001
821.01      8.33     123.18       2.15
823.05      9.07     172.92       2.94     334.19       5.67          6243.96   106.02     2.02   10902.06     0.11    0.001
825.09     10.09     174.83       2.90     405.49       6.72
827.13      9.34     135.58       2.19     376.17       6.09          7312.69   118.32     2.37   13774.21     0.10    0.001
829.18      8.03     156.86       2.57
831.22      8.42     176.73       2.93     230.19       3.81          5197.37    86.13     1.77    9241.69     0.09    0.001
833.26      9.52     173.84       2.93     265.03       4.47
835.30     10.71     212.41       3.66     430.60       7.41          9163.28   157.70     3.09   17566.91     0.10    0.001
837.34      8.62     134.77       2.37
839.39      8.23     172.20       2.99     297.03       5.15          5327.46    92.44     1.93   10326.50     0.08    0.001
841.43      7.61     285.25       4.89     405.72       6.95
843.47      8.81     153.71       2.63     337.70       5.77          4666.63    79.73     1.78    9808.57     0.10    0.001
845.51      7.65     112.58       1.94
847.55      9.09     146.88       2.55     263.76       4.57          4007.52    69.47     1.53    8272.77     0.12    0.001
849.60      9.30     165.93       2.88     226.16       3.93
851.64      9.68     123.67       2.16     237.84       4.15          4745.87    82.72     1.82    9481.90     0.14    0.001
853.68     10.23     161.54       2.82
855.72      9.46     254.12       4.44     287.04       5.02          4957.22    86.64     1.92    9990.91     0.18    0.001
859.81     10.28     191.60       3.25     219.09       3.71          4593.24    77.83     1.68    9136.73     0.36    0.002
861.85     10.38     135.60       2.22
863.89     10.87     104.95       3.04     162.50       4.71          4576.82   119.10     1.25    7140.17     0.74    0.002
866.16     10.90      85.28       1.90     205.04       4.56
868.00     10.30      88.23       2.04     193.77       4.48          3796.21    87.81     1.26    7311.02     1.51    0.003
869.83     11.81      67.97       1.63
871.67     10.58     122.52       2.99     263.37       6.43          5341.48   130.33     1.53    7936.28     2.47    0.004
873.50      8.44     270.89       6.72     461.57      11.44
875.34      8.03     659.03      14.45     659.62      14.47         11002.79   241.33     2.57   14127.09     2.06    0.006
877.17      7.31    1292.53      24.65
879.01      9.36    2393.12      45.32    1228.19      23.26         11305.00   214.07     3.19   19089.58     3.46    0.049
880.84      9.64    1964.91      36.94     896.60      16.86
882.68     10.02    2305.86      47.37     976.58      20.06         11352.68   233.23     3.21   19721.14     4.19    0.061
884.51      9.48    1274.61      28.41
886.35      8.27    2857.03      64.84    1134.93      25.76         11826.00   268.41     3.49   20997.60     3.86    0.069
888.18      7.07    2477.41      57.24    1322.16      30.55
890.02      8.26    1741.93      39.73    1346.19      30.70         11983.89   273.30     3.69   23583.80     3.56    0.026
893.69      9.27    1504.20      33.79    1393.85      31.31         12785.71   287.23     3.74   22419.34     3.47    0.036
895.52      7.46    2072.64      46.48    1520.14      34.09
897.36      7.51    2947.02      64.28    1406.79      30.68         16418.21   358.09     4.69   29717.04     3.11    0.074
899.19      6.08    1523.62      32.30
901.03      8.04    2108.29      44.69    1134.07      24.04         12787.28   271.06     3.73   22172.43     3.68    0.018
902.86     10.12     499.51      10.59     600.79      12.74
904.70      9.43     208.69       4.57     441.53       9.67          8068.55   176.64     2.27   12158.28     3.69    0.006
906.53      8.48     162.38       3.67
908.37      9.09     494.25       9.37     817.10      15.48         13725.81   260.10     3.61   21803.86     2.98    0.007
910.20      8.40    1944.38      29.77    1419.01      21.73         19031.75   291.42     5.28   33893.42     2.75    0.012
912.04      6.92    2125.76      35.13
915.71      7.03    6019.61     108.00    2902.02      52.07         30067.98   539.47     7.48   53964.27     2.13    0.034
917.54      7.37    4556.97      82.69    2496.89      45.31         27437.86   497.89     7.03   50852.16     1.99    0.035
919.38      7.47    3954.54      76.07    2380.31      45.79         27839.31   535.52     7.67   49266.75     1.90    0.034
921.21      7.10    1697.46      34.50
923.05      9.72    1581.72      34.33    1335.85      28.99         21025.31   456.29     5.72   34942.96     1.81    0.014
924.88     10.02    1407.85      32.49    1048.83      24.20
926.72      8.04     758.33      17.38     890.25      20.40         15758.74   361.10     4.97   28025.78     1.59    0.006
928.55      8.34     523.96      11.92
930.39      8.24     822.41      19.17     713.28      16.63         10669.89   248.71     3.53   19017.92     1.74    0.004
932.22      8.24     620.54      14.81     678.31      16.19
934.06     10.34     192.60       4.78     310.48       7.71          8424.02   209.21     2.92   15641.51     1.33    0.003
935.89      8.97     347.15       8.96
937.73     10.94     128.94       3.23     207.75       5.20          6545.07   163.89     2.19   11569.66     1.01    0.002
939.56     11.64      74.10       1.80     165.35       4.01
941.40     14.13      33.18       0.79     116.47       2.79          4826.81   115.60     1.56    7581.01     0.76    0.002
943.23      9.81      50.64       1.20
945.07     11.95       8.15       0.19      61.64       1.45          2957.62    69.67     0.66    3099.49     0.27    0.001
947.27     12.73      34.75       0.82      95.96       2.27
948.74     12.95      14.59       0.36      83.90       2.05          2131.86    52.07     0.66    2523.62     0.97    0.001
950.57     13.53      28.82       0.71
952.41     13.80      28.02       0.68      67.85       1.65          4789.55   116.14     0.88    4407.65     0.27    0.000
954.25     13.51     124.30       2.95     159.38       3.78
956.08     11.89     147.51       3.42     189.07       4.38          4804.60   111.27     1.46    7772.69     0.45    0.001
957.92     11.44      83.80       1.95
959.75     15.03      96.16       2.32     149.21       3.61          5155.45   124.60     1.41    7252.87     0.97    0.001
961.59     13.51     206.56       5.04     206.86       5.05
963.42     11.62     285.45       6.73     338.08       7.97          6250.43   147.36     2.13   10253.18     0.72    0.001
965.26     11.60    1113.40      25.55
967.09      8.14    1554.95      35.17     845.60      19.13         16898.43   382.24     4.63   24528.56     0.54    0.004
968.93      7.11    1447.53      33.30     625.66      14.39
970.76      6.49     980.32      23.96     482.65      11.80          9656.33   236.05     2.82   14292.36     0.91    0.006
972.60      8.93     278.12       7.09
974.43     11.43     162.27       4.20     427.31      11.06          8054.04   208.47     2.26   11675.07     1.47    0.004
976.27      9.77     101.41       2.66     364.06       9.55
978.10      9.94      88.65       2.35     271.62       7.20          4241.13   112.44     1.38    6975.86     1.49    0.002
979.94     10.70     138.01       3.67
981.77     10.48     113.97       3.01     254.45       6.71          3902.96   102.99     1.41    6694.15     0.85    0.003
983.61     11.08     154.54       4.01     283.81       7.36
985.44     12.20     170.50       2.60     324.18       4.94          7067.48   153.08     2.18   10399.54     0.38    0.002
987.26     12.93     246.74       6.65
989.28     11.82     309.89       8.23     473.59      12.57          7645.13   202.99     2.79   12781.74     0.24    0.002
991.30     10.88     233.49       6.16     404.40      10.66
993.31     10.33     191.63       5.10     317.52       8.45          6087.30   161.92     2.06   10037.53     0.22    0.001
995.33      9.51     170.14       4.60
997.35     10.49      93.95       2.58     220.34       6.06          5122.37   140.91     1.27    5846.32     0.30    0.001
999.37     12.29      93.11       2.49     153.75       4.11
1001.38    11.96      98.88       2.59     170.16       4.46          3980.14   104.38     1.28    5858.19     0.43    0.001
1003.40    10.55     237.69       6.21
1005.42     9.64     103.61       2.60     369.12       9.26          5512.46   138.33     2.02    8788.26     0.52    0.002
1007.44     8.32     603.84      14.26     537.21      12.69
1009.45     6.75    1174.96      27.62     626.10      14.72          8741.50   205.48     2.80   12909.15     0.47    0.004
1011.47     7.48    1098.92      26.47
1013.49     8.61     692.29      18.04     455.84      11.88          7731.29   201.42     2.45   10741.25     0.87    0.005
1015.51     9.28     632.31      16.95     489.69      13.13
1017.52    10.94     150.55       4.06     271.72       7.33          5576.42   150.42     1.64    7166.01     1.51    0.003
1019.54    11.23     189.31       5.24
1021.56    10.86     186.81       5.23     360.90      10.10          5788.76   162.07     2.20    9761.43     1.03    0.003
1023.58    11.22     109.06       2.99     255.49       7.00
1025.59    11.53      83.00       2.22     211.62       5.66          3125.05    83.63     1.19    5624.08     1.06    0.004
1027.61    11.88      62.92       1.64
1029.63    12.26      66.01       1.82     197.75       5.46          4011.84   110.79     1.43    6498.02     1.21    0.002
1031.65    11.56      65.33       1.85     195.28       5.53
1033.66    10.69      78.15       2.14     233.21       6.39          4119.89   112.80     1.53    6631.58     1.34    0.002
1035.68    10.14     181.51       4.82
1037.70     7.46     692.24      17.85     471.39      12.15         12153.32   313.37     4.02   16175.58     1.85    0.027
1039.72     6.51    1276.89      31.83     521.65      13.00
1041.73     5.94    1615.52      39.19     623.47      15.12          6008.79   145.75     2.23    9207.67     1.37    0.003
1043.75     6.09    1623.13      38.88
1045.77     6.59    1289.63      31.40     549.92      13.39          8925.13   271.81     3.70   14623.37     2.90    0.024
1047.79     6.57    1277.70      48.16     769.81      29.01
1049.80     7.23    1195.68      59.94     897.77      45.01         12123.21   607.77     4.30   18580.48     2.30    0.013
1051.79     8.86     678.35      35.75
1053.78    10.17     922.12      49.25     917.10      48.98         12663.26   676.31     4.96   20347.87     1.27    0.004
1055.77    11.98     108.32       5.99     219.61      12.15
1057.76    10.80     136.79       7.54     205.41      11.33          3025.64   166.84     1.31    5604.40     0.95    0.002
1059.75    11.39      53.81       2.95
1061.74    11.50     145.96       6.27     219.26       9.41          3148.43    91.67     1.23    5057.66     0.31    0.001
1063.43    11.47     127.78       2.33     142.49       2.60
1065.48    12.30     118.99       2.19     120.21       2.22          2172.08    40.05     0.95    3775.76     0.21    0.001
1067.52    12.46     111.26       2.07
1069.57    12.20     157.36       2.94     133.80       2.50          2604.03    48.60     0.89    3785.87     0.18    0.001
1071.62    12.23     124.32       2.29     125.43       2.31
1073.66    12.09     118.38       2.15     123.85       2.25          2698.67    49.01     1.10    4277.86     0.24    0.001
1075.71    11.52     114.50       2.04
1077.76    11.49     148.60       2.70     169.12       3.07          3639.96    66.11     1.43    5390.19     0.38    0.001
1079.80    11.07     169.02       3.12     181.18       3.35
1081.85    11.22     146.37       2.75     143.19       2.69          4056.51    76.15     1.39    5953.82     0.57    0.002
1083.90     9.70      84.32       1.61
1085.94     9.12     281.11       5.37     270.53       5.17          4597.76   143.01     1.26    6810.42     0.59    0.002

