# NOAA Paleoclimatology Program - Paleocean Site Data
# md2-2575-tab.txt
# Complete Data
# File Created: 16-Jul-2009
#
#*********************************************************************************
# Please cite the contributor and the original publications when using these data
#*********************************************************************************
#
# Missing Values indicated by '-999'
#
# PI:             Dirk Nuernberg
# Core/Site:      MD02-2575
# Latitude:       29.00.06N	( 29.00167)
# Longitude:      87.07.08W	( -87.11889)
# Water Depth(m): 847
#
# Publications:
#   Nuernberg, D., M. Ziegler, C. Karas, R. Tiedemann, and M. Schmidt. 2008. Interacting
#     Loop Current variability and Mississippi River discharge over the past 400 kyr.
#     Earth and Planetary Science Letters, 272(1-2), 278-289.
#------------------
#
# Description & Notes:
#   DeSoto Canyon MD02-2575 400KYr Oxygen Isotope and Geochemical Data
#   
#
# Variables:
#             depth         Depth (cm)
#             calyrBP       calendar years B.P. (B.P. = 1950)
#             susc          Magnetic Susceptibility
#             carb-coar%    Coarse Calcium Carbonate percent
#             d18Og.rub-w   delta O18 PDB (Globigerinoides ruber (white))
#             d18Ou.pereg   delta O18 PDB (Uvigerina peregrina)
#             Mg/Ca-g.rub-w Magnesium/Calcium ratio (Globigerinoides ruber, white) (mmol/mol)
#             sst-mg/ca     Sea surface temperature from Mg/Ca (C)
#             d18Og.crass   delta O18 PDB (Globorotalia crassaformis)
#
# CORE: MD02-2575
depth	calyrBP 	susc	carb-coar%	d18Og.rub-w	d18Ou.pereg	Mg/Ca-g.rub-w	sst-mg/ca	d18Og.crass	
0	1051	-999	-999	-999	-999	-999	-999	-999	
2	-999	0	-999	-999	-999	-999	-999	-999	
2	1126	-999	-999	-999	-999	-999	-999	-999	
4	-999	5	-999	-999	-999	-999	-999	-999	
4	1201	-999	-999	-999	-999	-999	-999	-999	
5	1239	-999	23.005	-1.27	3.041	3.857	25.75	-999	
6	1277	4	-999	-999	-999	-999	-999	-999	
8	1352	5	-999	-999	-999	-999	-999	-999	
10	1427	4	22.268	-1.228	2.967	3.439	24.48	-999	
12	1502	4	-999	-999	-999	-999	-999	-999	
14	1577	5	-999	-999	-999	-999	-999	-999	
15	1615	-999	26.442	-0.778	3.024	3.675	25.21	-999	
16	1653	5	-999	-999	-999	-999	-999	-999	
18	1728	6	-999	-999	-999	-999	-999	-999	
20	1803	5	21.095	-1.353	2.972	3.98	26.1	-999	
22	1878	6	-999	-999	-999	-999	-999	-999	
24	1953	4	-999	-999	-999	-999	-999	-999	
25	1991	-999	41.634	-1.105	3.008	3.758	25.46	-999	
26	2022	7	-999	-999	-999	-999	-999	-999	
28	2083	6	-999	-999	-999	-999	-999	-999	
30	2144	6	16.881	-1.143	3.137	3.39	24.32	-999	
32	2205	4	-999	-999	-999	-999	-999	-999	
34	2267	5	-999	-999	-999	-999	-999	-999	
35	2297	-999	22.176	-0.977	3.039	3.734	25.39	-999	
36	2328	6	-999	-999	-999	-999	-999	-999	
38	2389	4	-999	-999	-999	-999	-999	-999	
40	2450	4	23.84	-1.206	-999	3.819	25.64	-999	
42	2512	5	-999	-999	-999	-999	-999	-999	
44	2573	6	-999	-999	-999	-999	-999	-999	
45	2604	-999	31.048	-0.846	2.954	4.087	26.39	-999	
46	2634	5	-999	-999	-999	-999	-999	-999	
48	2695	5	-999	-999	-999	-999	-999	-999	
50	2757	5	26.679	-0.924	2.911	4.03	26.24	-999	
52	2818	5	-999	-999	-999	-999	-999	-999	
54	2879	4	-999	-999	-999	-999	-999	-999	
55	2910	-999	24.921	-0.912	3.02	3.863	25.77	-999	
56	2940	4	-999	-999	-999	-999	-999	-999	
58	3002	4	-999	-999	-999	-999	-999	-999	
60	3063	5	23.173	-1.254	2.85	3.815	25.63	-999	
62	3186	5	-999	-999	-999	-999	-999	-999	
64	3308	5	-999	-999	-999	-999	-999	-999	
65	3370	-999	24.863	-1.178	2.952	4.434	27.3	-999	
66	3431	5	-999	-999	-999	-999	-999	-999	
68	3554	5	-999	-999	-999	-999	-999	-999	
70	3677	3	33.164	-1.238	2.952	4.387	27.18	-999	
72	3799	4	-999	-999	-999	-999	-999	-999	
74	3922	4	-999	-999	-999	-999	-999	-999	
75	3983	-999	31.504	-1.59	2.996	4.149	26.56	-999	
76	4045	6	-999	-999	-999	-999	-999	-999	
78	4167	5	-999	-999	-999	-999	-999	-999	
80	4290	4	25.358	-1.062	2.877	3.846	25.72	-999	
82	4413	5	-999	-999	-999	-999	-999	-999	
84	4536	6	-999	-999	-999	-999	-999	-999	
85	4597	-999	23.444	-0.884	2.917	4.129	26.51	-999	
86	4658	5	-999	-999	-999	-999	-999	-999	
88	4781	4	-999	-999	-999	-999	-999	-999	
90	4904	5	22.672	-1.476	2.834	4.268	26.87	-999	
92	5027	5	-999	-999	-999	-999	-999	-999	
94	5149	6	-999	-999	-999	-999	-999	-999	
95	5211	-999	24.754	-1.262	2.857	4.095	26.42	-999	
96	5272	4	-999	-999	-999	-999	-999	-999	
98	5395	6	-999	-999	-999	-999	-999	-999	
100	5517	5	27.293	-0.771	2.967	4.182	26.65	-999	
102	5640	5	-999	-999	-999	-999	-999	-999	
104	5763	4	-999	-999	-999	-999	-999	-999	
105	5824	-999	24.214	-0.898	2.898	3.837	25.69	-999	
106	5886	3	-999	-999	-999	-999	-999	-999	
108	6008	4	-999	-999	-999	-999	-999	-999	
110	6131	5	35.253	-0.848	2.821	4.427	27.28	-999	
112	6198	5	-999	-999	-999	-999	-999	-999	
114	6265	4	-999	-999	-999	-999	-999	-999	
115	6298	-999	20.906	-1.062	2.922	4.272	26.89	-999	
116	6332	6	-999	-999	-999	-999	-999	-999	
118	6399	5	-999	-999	-999	-999	-999	-999	
120	6465	0	22.573	-0.833	2.996	4.036	26.25	-999	
122	6532	5	-999	-999	-999	-999	-999	-999	
124	6599	5	-999	-999	-999	-999	-999	-999	
125	6633	-999	26.36	-0.949	2.967	4.256	26.84	-999	
126	6666	5	-999	-999	-999	-999	-999	-999	
128	6733	4	-999	-999	-999	-999	-999	-999	
130	6800	0	24.457	-1.07	2.91	4.305	26.97	-999	
132	6867	0	-999	-999	-999	-999	-999	-999	
134	6934	0	-999	-999	-999	-999	-999	-999	
135	6967	-999	28.87	-0.984	2.894	4.267	26.87	-999	
136	7000	0	-999	-999	-999	-999	-999	-999	
138	7067	-1	-999	-999	-999	-999	-999	-999	
140	7134	-2	28.519	-0.965	3.155	4.322	27.01	1.225	
142	7200.8	0	-999	-999	-999	-999	-999	1.452	
143	7234.2	-999	-999	-999	-999	-999	-999	1.466	
144	7267.6	0	-999	-999	-999	-999	-999	1.47	
145	7301	-999	30.41	-0.901	2.953	4.409	27.24	1.381	
146	7335	0	-999	-999	-999	-999	-999	-999	
148	7402	0	-999	-999	-999	-999	-999	-999	
150	7469	0	-999	-999	-999	-999	-999	-999	
152	7535	0	-999	-999	-999	-999	-999	-999	
153	7569	-999	-999	-999	-999	-999	-999	1.587	
154	7602	1	-999	-999	-999	-999	-999	-999	
155	7636	-999	26.465	-0.912	2.986	4.354	27.1	1.299	
156	7669	1	-999	-999	-999	-999	-999	1.295	
157	7702.8	-999	-999	-999	-999	-999	-999	1.395	
158	7736	0	-999	-999	-999	-999	-999	1.749	
159	7769.6	-999	-999	-999	-999	-999	-999	1.31	
160	7803	0	31.323	-1.012	2.919	4.141	26.54	1.2	
161	7868.8	-999	-999	-999	-999	-999	-999	1.187	
162	7934.6	0	-999	-999	-999	-999	-999	1.698	
163	8000.4	-999	-999	-999	-999	-999	-999	1.319	
164	8066	1	-999	-999	-999	-999	-999	1.552	
165	8132	-999	-999	-1.105	2.956	4.416	27.25	1.051	
166	8197.8	-1	-999	-999	-999	-999	-999	1.286	
167	8263.6	-999	-999	-999	-999	-999	-999	1.447	
168	8329	-1	-999	-999	-999	-999	-999	1.319	
169	8395.2	-999	-999	-999	-999	-999	-999	1.166	
170	8461	0	29.579	-0.911	3.005	4.374	27.15	1.63	
171	8526.6	-999	-999	-999	-999	-999	-999	1.474	
172	8592	1	-999	-999	-999	-999	-999	1.184	
173	8657.8	-999	-999	-999	-999	-999	-999	1.399	
174	8723.4	0	-999	-999	-999	-999	-999	1.495	
175	8789	-999	26.126	-1.326	2.92	4.631	27.78	0.951	
176	8854.8	0	-999	-999	-999	-999	-999	1.648	
177	8920.6	-999	-999	-999	-999	-999	-999	1.211	
178	8986.4	1	-999	-999	-999	-999	-999	1.36	
179	9052.2	-999	-999	-999	-999	-999	-999	1.547	
180	9118	0	30.253	-0.72	3.06	4.11	26.46	1.149	
181	9183.8	-999	-999	-999	-999	-999	-999	1.357	
182	9249.6	0	-999	-999	-999	-999	-999	1.193	
183	9315.4	-999	-999	-999	-999	-999	-999	1.366	
184	9381	0	-999	-999	-999	-999	-999	-999	
185	9447	-999	38.353	-1.112	2.988	4.332	27.04	1.221	
186	9515	1	-999	-999	-999	-999	-999	-999	
187	9583	-999	-999	-999	-999	-999	-999	1.283	
188	9651	0	-999	-999	-999	-999	-999	1.617	
189	9719	-999	-999	-999	-999	-999	-999	1.631	
190	9787	2	35.204	-0.884	3.552	4.075	26.36	1.311	
192	9923	2	-999	-999	-999	-999	-999	-999	
194	10059	3	-999	-999	-999	-999	-999	-999	
195	10126	-999	35.78	-0.804	3.198	4.322	27.01	-999	
196	10194	3	-999	-999	-999	-999	-999	-999	
198	10330	3	-999	-999	-999	-999	-999	-999	
200	10466	4	23.609	-0.984	3.282	4.09	26.4	1.283	
202	10602	4	-999	-999	-999	-999	-999	-999	
204	10738	3	-999	-999	-999	-999	-999	-999	
205	10806	-999	20.1	-0.539	3.58	3.943	25.99	2.147	
206	10874	5	-999	-999	-999	-999	-999	-999	
208	11010	4	-999	-999	-999	-999	-999	-999	
210	11146	3	21.884	-0.859	3.806	3.965	26.06	1.745	
212	11282	3	-999	-999	-999	-999	-999	-999	
214	11418	3	-999	-999	-999	-999	-999	-999	
215	11485	-999	19.434	-0.519	3.698	3.869	25.78	1.881	
216	11553	2	-999	-999	-999	-999	-999	-999	
218	11689	5	-999	-999	-999	-999	-999	-999	
220	11825	-1	-999	-1.182	3.64	3.837	25.69	1.909	
222	11961	4	-999	-999	-999	-999	-999	-999	
224	12097	8	-999	-999	-999	-999	-999	-999	
225	12165	-999	17.758	-0.833	3.761	3.734	25.39	1.726	
226	12233	7	-999	-999	-999	-999	-999	-999	
228	12369	5	-999	-999	-999	-999	-999	-999	
230	12505	3	21.721	-0.749	3.807	3.951	26.02	1.829	
232	12641	3	-999	-999	-999	-999	-999	-999	
234	12776	2	-999	-999	-999	-999	-999	-999	
235	12844	-999	16.423	-0.43	3.513	3.697	25.28	1.554	
236	12912	3	-999	-999	-999	-999	-999	-999	
238	13048	9	-999	-999	-999	-999	-999	-999	
240	13184	8	25.919	-0.636	3.385	3.943	25.99	1.946	
242	13320	6	-999	-999	-999	-999	-999	-999	
244	13456	7	-999	-999	-999	-999	-999	-999	
245	13524	-999	17.062	-1.162	3.803	3.461	24.55	1.948	
246	13592	8	-999	-999	-999	-999	-999	2.509	
247	13660	-999	-999	-999	-999	-999	-999	1.995	
248	13728	9	-999	-999	-999	-999	-999	1.958	
250	13864	8	11.09	0.043	3.618	3.628	25.07	1.964	
252	13999.6	9	-999	-999	-999	-999	-999	2.131	
253	14067.4	-999	-999	-999	-999	-999	-999	2.032	
254	14135	9	-999	-999	-999	-999	-999	-999	
255	14203	-999	13.908	-0.443	3.276	3.73	25.38	1.876	
256	14271	7	-999	-999	-999	-999	-999	-999	
257	14339	-999	-999	-999	-999	-999	-999	2.285	
258	14407	4	-999	-999	-999	-999	-999	2.655	
260	14543	8	16.196	-0.012	3.908	3.605	25	2.318	
262	14679	9	-999	-999	-999	-999	-999	2.392	
263	14747	-999	-999	-999	-999	-999	-999	2.377	
264	14815	9	-999	-999	-999	-999	-999	-999	
265	14883	-999	10.783	-0.413	3.864	3.529	24.76	2.161	
266	14951	9	-999	-999	-999	-999	-999	-999	
267	15019	-999	-999	-999	-999	-999	-999	2.729	
268	15087	4	-999	-999	-999	-999	-999	2.423	
270	15223	2	10.87	0.23	3.914	3.302	24.02	2.316	
272	15358.6	9	-999	-999	-999	-999	-999	2.75	
273	15426.4	-999	-999	-999	-999	-999	-999	2.474	
274	15494	10	-999	-999	-999	-999	-999	-999	
275	15562	-999	12.654	0.191	4.033	3.481	24.61	2.307	
276	15630	9	-999	-999	-999	-999	-999	-999	
277	15698	-999	-999	-999	-999	-999	-999	2.612	
278	15766	7	-999	-999	-999	-999	-999	1.96	
280	15902	11	10.431	-0.066	4.326	3.306	24.04	2.712	
282	16038	10	-999	-999	-999	-999	-999	2.708	
283	16106	-999	-999	-999	-999	-999	-999	2.602	
284	16174	11	-999	-999	-999	-999	-999	-999	
285	16242	-999	10.137	-0.513	4.44	3.354	24.2	2.869	
286	16310	9	-999	-999	-999	-999	-999	-999	
287	16378	-999	-999	-999	-999	-999	-999	2.449	
288	16446	10	-999	-999	-999	-999	-999	2.456	
290	16582	9	6.706	0.522	4.407	3.503	24.68	2.416	
292	16717	10	-999	-999	-999	-999	-999	2.833	
293	16785.4	-999	-999	-999	-999	-999	-999	2.869	
294	16853	11	-999	-999	-999	-999	-999	-999	
295	16921	-999	11.742	0.292	4.209	3.319	24.08	2.714	
296	16989	12	-999	-999	-999	-999	-999	-999	
298	17125	0	-999	-999	-999	-999	-999	-999	
300	17261	11	-999	-999	-999	-999	-999	-999	
302	17397	11	11.931	0.242	4.297	3.073	23.22	2.478	
304	17533	12	-999	-999	-999	-999	-999	-999	
305	17601	-999	7.732	0.229	-999	3.264	23.89	2.793	
306	17669	13	-999	-999	-999	-999	-999	-999	
308	17805	13	-999	-999	-999	-999	-999	-999	
310	17941	11	10.688	0.595	-999	3.374	24.26	2.631	
312	18076	9	-999	-999	-999	-999	-999	-999	
314	18212	10	-999	-999	-999	-999	-999	-999	
315	18280	-999	11.405	0.091	4.292	3.22	23.74	2.493	
316	18348	11	-999	-999	-999	-999	-999	-999	
318	18484	13	-999	-999	-999	-999	-999	-999	
320	18620	13	6.962	0.256	4.386	3.141	23.47	2.612	
322	18756	13	-999	-999	-999	-999	-999	-999	
324	18892	12	-999	-999	-999	-999	-999	-999	
325	18960	-999	7.956	0.31	4.333	2.855	22.41	2.444	
326	19028	12	-999	-999	-999	-999	-999	-999	
328	19164	13	-999	-999	-999	-999	-999	-999	
330	19300	13	9.329	0.044	4.3	3.029	23.06	2.737	
332	19435	13	-999	-999	-999	-999	-999	-999	
334	19571	12	-999	-999	-999	-999	-999	-999	
335	19639	-999	9.596	-0.373	4.448	3.246	23.83	2.528	
336	19707	13	-999	-999	-999	-999	-999	-999	
338	19843	13	-999	-999	-999	-999	-999	-999	
340	19979	13	11.649	0.244	4.221	3.23	23.78	2.796	
342	20039	14	-999	-999	-999	-999	-999	-999	
344	20100	15	-999	-999	-999	-999	-999	-999	
345	20130	-999	5.568	0.103	4.446	2.782	22.12	2.915	
346	20160	14	-999	-999	-999	-999	-999	-999	
348	20220	12	-999	-999	-999	-999	-999	-999	
350	20280	13	8.649	-0.084	4.387	2.691	21.75	2.977	
352	20341	11	-999	-999	-999	-999	-999	-999	
354	20401	11	-999	-999	-999	-999	-999	-999	
355	20431	-999	6.606	-999	4.425	2.674	21.68	2.826	
356	20461	11	-999	-999	-999	-999	-999	-999	
358	20521	11	-999	-999	-999	-999	-999	-999	
360	20582	13	4.259	0.332	4.384	2.655	21.6	2.629	
362	20642	12	-999	-999	-999	-999	-999	-999	
364	20702	12	-999	-999	-999	-999	-999	-999	
365	20732	-999	6.753	0.021	4.342	2.855	22.41	2.544	
366	20763	13	-999	-999	-999	-999	-999	-999	
368	20823	11	-999	-999	-999	-999	-999	-999	
370	20883	6	1.839	-0.976	3.166	-999	-999	2.299	
372	20943	11	-999	-999	-999	-999	-999	-999	
374	21004	10	-999	-999	-999	-999	-999	-999	
375	21034	-999	0.754	0.678	4.412	2.524	21.04	3.414	
376	21064	11	-999	-999	-999	-999	-999	-999	
378	21124	12	-999	-999	-999	-999	-999	-999	
380	21184	14	7.994	-0.086	4.156	2.527	21.05	2.811	
382	21245	12	-999	-999	-999	-999	-999	-999	
384	21305	12	-999	-999	-999	-999	-999	-999	
385	21335	-999	12.641	0.043	4.434	2.795	22.17	1.935	
386	21365	12	-999	-999	-999	-999	-999	-999	
388	21425	8	-999	-999	-999	-999	-999	-999	
390	21486	14	0.198	0.783	4.395	2.668	21.65	-999	
392	21546	14	-999	-999	-999	-999	-999	-999	
394	21606	14	-999	-999	-999	-999	-999	-999	
395	21636	-999	8.512	0.061	4.192	2.501	20.94	2.978	
396	21667	12	-999	-999	-999	-999	-999	-999	
398	21727	14	-999	-999	-999	-999	-999	-999	
400	21787	14	2.152	0.601	4.795	3.335	24.13	2.802	
402	21847	15	-999	-999	-999	-999	-999	-999	
404	21908	12	-999	-999	-999	-999	-999	-999	
405	21938	-999	1.101	0.559	-999	3.098	23.31	3.749	
406	21968	14	-999	-999	-999	-999	-999	-999	
408	22028	12	-999	-999	-999	-999	-999	-999	
410	22088	12	4.597	-0.347	3.947	3.282	23.96	2.443	
412	22149	14	-999	-999	-999	-999	-999	-999	
414	22209	11	-999	-999	-999	-999	-999	-999	
415	22239	-999	1.887	0.342	4.581	3.631	25.08	2.198	
416	22269	11	-999	-999	-999	-999	-999	-999	
418	22330	20	-999	-999	-999	-999	-999	-999	
420	22390	20	0.389	0.131	4.481	3.463	24.55	-999	
422	22450	10	-999	-999	-999	-999	-999	-999	
424	22510	11	-999	-999	-999	-999	-999	-999	
425	22540	-999	2.108	-0.334	4.687	2.779	22.11	-999	
426	22571	11	-999	-999	-999	-999	-999	-999	
428	22631	11	-999	-999	-999	-999	-999	-999	
430	22691	13	5.501	-0.24	4.361	2.895	22.56	-999	
432	22751	19	-999	-999	-999	-999	-999	-999	
434	22812	18	-999	-999	-999	-999	-999	-999	
435	22842	-999	5.307	-0.019	4.25	2.857	22.42	-999	
436	22872	14	-999	-999	-999	-999	-999	-999	
438	22932	15	-999	-999	-999	-999	-999	-999	
440	22992	15	8.545	0.368	4.269	2.892	22.55	-999	
442	23053	16	-999	-999	-999	-999	-999	-999	
444	23113	16	-999	-999	-999	-999	-999	-999	
445	23143	-999	8.218	-0.076	4.235	3.287	23.97	-999	
446	23173	11	-999	-999	-999	-999	-999	-999	
448	23234	9	10.332	0.006	4.261	2.823	22.28	-999	
450	23294	12	-999	-999	-999	-999	-999	-999	
452	23354	14	0.916	0.65	4.671	3.429	24.44	-999	
454	23414	12	-999	-999	-999	-999	-999	-999	
455	23444	-999	-999	-0.081	4.244	3.262	23.89	-999	
456	23475	12	-999	-999	-999	-999	-999	-999	
458	23535	14	-999	-999	-999	-999	-999	-999	
460	23595	13	0.904	1.007	4.036	3.135	23.45	-999	
462	23655	14	-999	-999	-999	-999	-999	-999	
464	23716	13	-999	-999	-999	-999	-999	-999	
465	23746	-999	-999	0.27	3.905	3.432	24.45	-999	
466	23776	14	-999	-999	-999	-999	-999	-999	
468	23836	15	-999	-999	-999	-999	-999	-999	
470	23897	19	4.018	0.903	3.939	2.883	22.52	-999	
472	23957	17	-999	-999	-999	-999	-999	-999	
474	24017	16	-999	-999	-999	-999	-999	-999	
475	24047	-999	3.222	0.5	4.014	3.02	23.03	-999	
476	24077	15	-999	-999	-999	-999	-999	-999	
478	24138	19	-999	-999	-999	-999	-999	-999	
480	24198	20	0.955	0.745	3.93	2.942	22.74	-999	
482	24258	21	-999	-999	-999	-999	-999	-999	
484	24318	24	-999	-999	-999	-999	-999	-999	
485	24349	-999	1.093	0.033	4.185	3.208	23.7	-999	
486	24379	15	-999	-999	-999	-999	-999	-999	
488	24439	13	-999	-999	-999	-999	-999	-999	
490	24499	14	1.625	-0.166	3.873	3.212	23.72	-999	
492	24559	17	-999	-999	-999	-999	-999	-999	
494	24620	17	-999	-999	-999	-999	-999	-999	
495	24650	-999	1.151	0.099	4.071	2.961	22.81	-999	
496	24680	17	-999	-999	-999	-999	-999	-999	
498	24740	18	-999	-999	-999	-999	-999	-999	
500	24801	15	3.63	0.412	4.29	3.305	24.03	-999	
502	24861	16	-999	-999	-999	-999	-999	-999	
504	24921	20	-999	-999	-999	-999	-999	-999	
505	24951	-999	4.704	0.753	4.278	2.953	22.78	-999	
506	24981	19	-999	-999	-999	-999	-999	-999	
508	25042	23	-999	-999	-999	-999	-999	-999	
510	25102	20	2.445	0.283	4.24	3.163	23.55	-999	
512	25162	24	-999	-999	-999	-999	-999	-999	
514	25222	21	-999	-999	-999	-999	-999	-999	
515	25253	-999	0.368	-999	3.999	3.075	23.23	-999	
516	25283	18	-999	-999	-999	-999	-999	-999	
518	25343	14	-999	-999	-999	-999	-999	-999	
520	25403	20	1.407	-0.115	4.472	2.87	22.47	-999	
522	25464	21	-999	-999	-999	-999	-999	-999	
524	25524	24	-999	-999	-999	-999	-999	-999	
525	25554	-999	0.169	0.383	4.215	2.973	22.86	-999	
526	25584	16	-999	-999	-999	-999	-999	-999	
528	25644	18	-999	-999	-999	-999	-999	-999	
530	25705	24	5.914	0.47	4.047	3.48	24.61	-999	
532	25765	19	-999	-999	-999	-999	-999	-999	
534	25825	22	-999	-999	-999	-999	-999	-999	
535	25855	-999	3.283	0.441	4.303	2.929	22.69	-999	
536	25885	26	-999	-999	-999	-999	-999	-999	
538	25946	20	-999	-999	-999	-999	-999	-999	
540	26006	20	1.033	-0.028	4.317	3.062	23.19	-999	
542	26066	24	-999	-999	-999	-999	-999	-999	
544	26126	24	-999	-999	-999	-999	-999	-999	
545	26157	-999	0.338	-999	4.21	3.631	25.08	-999	
546	26187	17	-999	-999	-999	-999	-999	-999	
548	26247	20	-999	-999	-999	-999	-999	-999	
550	26307	21	7.293	0.364	4.082	3.231	23.78	-999	
552	26368	26	-999	-999	-999	-999	-999	-999	
554	26428	22	-999	-999	-999	-999	-999	-999	
555	26458	-999	2.953	-0.539	3.877	3.266	23.9	-999	
556	26488	25	-999	-999	-999	-999	-999	-999	
558	26548	25	-999	-999	-999	-999	-999	-999	
560	26609	22	1.717	0.685	4.043	3.171	23.57	-999	
562	26669	27	-999	-999	-999	-999	-999	-999	
564	26729	24	-999	-999	-999	-999	-999	-999	
565	26759	-999	-999	0.593	3.991	3.016	23.02	-999	
566	26789	24	-999	-999	-999	-999	-999	-999	
568	26850	24	-999	-999	-999	-999	-999	-999	
570	26910	24	2.111	0.708	4.168	2.711	21.83	-999	
572	26970	22	-999	-999	-999	-999	-999	-999	
574	27031	30	-999	-999	-999	-999	-999	-999	
575	27061	-999	0.252	0.75	4.566	3.071	23.22	-999	
576	27091	25	-999	-999	-999	-999	-999	-999	
578	27151	22	-999	-999	-999	-999	-999	-999	
580	27211	19	2.253	0.893	4.123	2.866	22.45	-999	
582	27272	20	-999	-999	-999	-999	-999	-999	
584	27332	22	-999	-999	-999	-999	-999	-999	
585	27362	-999	3.034	0.596	4.182	2.915	22.64	-999	
586	27389	23	-999	-999	-999	-999	-999	-999	
588	27444	22	-999	-999	-999	-999	-999	-999	
590	27498	20	0.203	0.765	4.385	2.714	21.84	-999	
592	27553	23	-999	-999	-999	-999	-999	-999	
594	27608	17	-999	-999	-999	-999	-999	-999	
595	27635	-999	8.158	0.583	4.154	2.82	22.27	-999	
596	27662	21	-999	-999	-999	-999	-999	-999	
598	27717	20	2.644	0.427	4.297	2.939	22.73	-999	
600	27771	26	-999	-999	-999	-999	-999	-999	
602	27826	22	-999	-999	-999	-999	-999	-999	
603	27853	-999	2.19	0.366	4.323	3.185	23.62	-999	
604	27881	23	-999	-999	-999	-999	-999	-999	
605	27908	-999	1.917	0.385	4.214	2.904	22.6	-999	
606	27935	23	-999	-999	-999	-999	-999	-999	
608	27990	20	-999	-999	-999	-999	-999	-999	
610	28044	21	1.717	0.24	-999	2.72	21.87	-999	
612	28099	22	-999	-999	-999	-999	-999	-999	
614	28154	21	-999	-999	-999	-999	-999	-999	
615	28181	-999	-999	0.143	4.435	3.057	23.17	-999	
616	28208	16	-999	-999	-999	-999	-999	-999	
618	28263	19	-999	-999	-999	-999	-999	-999	
620	28317	20	2.492	0.945	4.24	2.687	21.73	-999	
622	28372	22	-999	-999	-999	-999	-999	-999	
624	28427	28	-999	-999	-999	-999	-999	-999	
625	28454	-999	3.468	0.319	4.124	2.686	21.73	-999	
626	28481	28	-999	-999	-999	-999	-999	-999	
628	28536	32	-999	-999	-999	-999	-999	-999	
630	28590	27	0.795	-999	4.374	2.806	22.21	-999	
632	28645	32	-999	-999	-999	-999	-999	-999	
634	28700	37	-999	-999	-999	-999	-999	-999	
635	28727	-999	0.473	-999	4.402	-999	-999	-999	
636	28754	29	-999	-999	-999	-999	-999	-999	
638	28809	29	-999	-999	-999	-999	-999	-999	
640	28863	28	0.768	0.32	4.214	2.994	22.94	-999	
642	28918	28	-999	-999	-999	-999	-999	-999	
644	28973	26	-999	-999	-999	-999	-999	-999	
645	29000	-999	2.996	0.087	4.194	2.646	21.56	-999	
646	29027	24	-999	-999	-999	-999	-999	-999	
648	29082	25	-999	-999	-999	-999	-999	-999	
650	29136	26	2.58	0.344	4.342	2.881	22.51	-999	
652	29191	30	-999	-999	-999	-999	-999	-999	
654	29246	30	-999	-999	-999	-999	-999	-999	
655	29273	-999	4.357	0.072	4.266	3.024	23.05	-999	
656	29300	29	-999	-999	-999	-999	-999	-999	
658	29355	28	-999	-999	-999	-999	-999	-999	
660	29409	32	3.841	-0.417	4.126	3.128	23.42	-999	
662	29464	33	-999	-999	-999	-999	-999	-999	
664	29519	28	-999	-999	-999	-999	-999	-999	
665	29546	-999	-999	-0.079	4.205	2.537	21.1	-999	
666	29573	27	-999	-999	-999	-999	-999	-999	
668	29628	27	-999	-999	-999	-999	-999	-999	
670	29682	36	2.672	0.385	4.174	2.711	21.83	-999	
672	29737	30	-999	-999	-999	-999	-999	-999	
674	29792	31	-999	-999	-999	-999	-999	-999	
675	29819	-999	0.736	0.432	4.23	2.674	21.68	-999	
676	29846	28	-999	-999	-999	-999	-999	-999	
678	29901	25	-999	-999	-999	-999	-999	-999	
680	29955	25	5.997	0	4.213	2.782	22.12	-999	
682	30010	26	-999	-999	-999	-999	-999	-999	
684	30065	27	-999	-999	-999	-999	-999	-999	
685	30092	-999	6.003	0.363	4.128	2.854	22.4	-999	
686	30119	28	-999	-999	-999	-999	-999	-999	
688	30174	31	-999	-999	-999	-999	-999	-999	
690	30228	32	-999	0.261	4.011	2.672	21.67	-999	
692	30283	32	-999	-999	-999	-999	-999	-999	
694	30338	28	-999	-999	-999	-999	-999	-999	
695	30365	-999	3.324	0.225	4.371	2.74	21.95	-999	
696	30392	28	-999	-999	-999	-999	-999	-999	
698	30447	28	-999	-999	-999	-999	-999	-999	
700	30501	27	8.612	0.023	4.459	3.323	24.09	-999	
702	30556	29	-999	-999	-999	-999	-999	-999	
704	30610	30	-999	-999	-999	-999	-999	-999	
705	30638	-999	4.979	-0.17	4.384	3.187	23.63	-999	
706	30665	33	-999	-999	-999	-999	-999	-999	
708	30720	27	-999	-999	-999	-999	-999	-999	
710	30774	32	5.248	0.173	4.3	3.201	23.68	-999	
712	30829	31	-999	-999	-999	-999	-999	-999	
714	30883	32	-999	-999	-999	-999	-999	-999	
715	30911	-999	3.114	0.162	4.109	2.88	22.5	-999	
716	30938	26	-999	-999	-999	-999	-999	-999	
718	30993	29	-999	-999	-999	-999	-999	-999	
720	31047	25	3.688	0.136	3.799	3.081	23.25	-999	
722	31102	28	-999	-999	-999	-999	-999	-999	
724	31156	34	-999	-999	-999	-999	-999	-999	
725	31184	-999	2.495	0.196	3.944	3.092	23.29	-999	
726	31211	38	-999	-999	-999	-999	-999	-999	
728	31266	33	-999	-999	-999	-999	-999	-999	
730	31320	25	3.608	0.935	4.007	3.024	23.05	-999	
732	31375	28	-999	-999	-999	-999	-999	-999	
734	31429	30	-999	-999	-999	-999	-999	-999	
735	31457	-999	3.33	0.317	4.086	3.107	23.35	-999	
736	31484	30	-999	-999	-999	-999	-999	-999	
738	31539	32	-999	-999	-999	-999	-999	-999	
740	31593	32	2.167	0.159	4.063	2.932	22.7	-999	
742	31648	31	-999	-999	-999	-999	-999	-999	
744	31702	29	-999	-999	-999	-999	-999	-999	
745	31730	-999	2.087	0.64	4.332	2.876	22.49	-999	
746	31757	24	-999	-999	-999	-999	-999	-999	
748	31812	-999	3.697	0.679	4.512	2.838	22.34	-999	
750	31866	22	-999	-999	-999	-999	-999	-999	
752	31921	16	3.497	-0.108	4.415	2.911	22.62	-999	
754	31975	12	-999	-999	-999	-999	-999	-999	
755	32003	-999	2.921	0.051	4.33	3.205	23.69	-999	
756	32030	10	-999	-999	-999	-999	-999	-999	
758	32085	10	-999	-999	-999	-999	-999	-999	
760	32139	15	-999	0.118	4.118	3.176	23.59	-999	
762	32194	15	-999	-999	-999	-999	-999	-999	
764	32248	18	-999	-999	-999	-999	-999	-999	
765	32276	-999	1.951	0.193	3.951	3.463	24.55	-999	
766	32303	21	-999	-999	-999	-999	-999	-999	
768	32358	25	-999	-999	-999	-999	-999	-999	
770	32412	23	1.474	0.129	3.888	3.076	23.24	-999	
772	32467	19	-999	-999	-999	-999	-999	-999	
774	32521	25	-999	-999	-999	-999	-999	-999	
775	32549	-999	0.774	-0.271	3.741	3.793	25.56	-999	
776	32576	21	-999	-999	-999	-999	-999	-999	
778	32631	26	-999	-999	-999	-999	-999	-999	
780	32685	31	1.004	0.033	-999	3.178	23.6	-999	
782	32740	32	-999	-999	-999	-999	-999	-999	
784	32794	25	-999	-999	-999	-999	-999	-999	
785	32822	-999	0.965	-0.028	3.778	3.212	23.72	-999	
786	32849	31	-999	-999	-999	-999	-999	-999	
788	32904	30	-999	-999	-999	-999	-999	-999	
790	32958	31	1.543	-0.001	3.805	3.458	24.54	-999	
792	33013	40	-999	-999	-999	-999	-999	-999	
794	33067	34	-999	-999	-999	-999	-999	-999	
795	33095	-999	0.186	-999	4.128	-999	-999	-999	
796	33122	34	-999	-999	-999	-999	-999	-999	
798	33177	31	-999	-999	-999	-999	-999	-999	
800	33231	40	0.98	0.571	3.862	3.137	23.45	-999	
802	33286	33	-999	-999	-999	-999	-999	-999	
804	33340	33	-999	-999	-999	-999	-999	-999	
805	33368	-999	0.364	0.489	3.727	3.307	24.04	-999	
806	33395	33	-999	-999	-999	-999	-999	-999	
808	33450	32	-999	-999	-999	-999	-999	-999	
810	33504	34	4.4	0.478	3.758	3.139	23.46	-999	
812	33559	34	-999	-999	-999	-999	-999	-999	
814	33613	36	-999	-999	-999	-999	-999	-999	
815	33641	-999	-999	0.575	3.764	3.454	24.52	-999	
816	33668	41	-999	-999	-999	-999	-999	-999	
818	33723	37	-999	-999	-999	-999	-999	-999	
820	33777	30	1.409	-0.295	3.895	3.493	24.65	-999	
822	33832	36	-999	-999	-999	-999	-999	-999	
824	33886	28	-999	-999	-999	-999	-999	-999	
825	33914	-999	2.96	0.688	3.637	3.528	24.76	-999	
826	33941	35	-999	-999	-999	-999	-999	-999	
828	33995	32	-999	-999	-999	-999	-999	-999	
830	34050	32	2.506	0.438	3.844	3.458	24.54	-999	
832	34105	33	-999	-999	-999	-999	-999	-999	
834	34159	33	-999	-999	-999	-999	-999	-999	
835	34187	-999	-999	0.429	3.677	2.926	22.68	-999	
836	34214	26	-999	-999	-999	-999	-999	-999	
838	34268	24	-999	-999	-999	-999	-999	-999	
840	34323	23	5.035	0.103	4	3.397	24.34	-999	
842	34378	21	-999	-999	-999	-999	-999	-999	
844	34432	21	-999	-999	-999	-999	-999	-999	
845	34460	-999	13.144	0.095	4.049	3.281	23.95	-999	
846	34487	21	-999	-999	-999	-999	-999	-999	
848	34541	22	-999	-999	-999	-999	-999	-999	
850	34596	21	11.304	-0.59	4.117	3.478	24.6	-999	
852	34651	24	-999	-999	-999	-999	-999	-999	
854	34705	20	-999	-999	-999	-999	-999	-999	
855	34733	-999	10.682	-0.634	4.003	3.436	24.47	-999	
856	34760	17	-999	-999	-999	-999	-999	-999	
858	34814	16	-999	-999	-999	-999	-999	-999	
860	34869	15	16.925	-0.289	3.685	3.454	24.52	-999	
862	34924	14	-999	-999	-999	-999	-999	-999	
864	34978	14	-999	-999	-999	-999	-999	-999	
865	35006	-999	15.947	-0.181	4.136	3.374	24.26	-999	
866	35033	13	-999	-999	-999	-999	-999	-999	
868	35087	10	-999	-999	-999	-999	-999	-999	
870	35142	14	13.308	-0.158	4.17	3.428	24.44	-999	
872	35197	16	-999	-999	-999	-999	-999	-999	
874	35251	16	-999	-999	-999	-999	-999	-999	
875	35279	-999	18.568	-0.102	4.21	3.583	24.93	-999	
876	35306	14	-999	-999	-999	-999	-999	-999	
878	35360	14	-999	-999	-999	-999	-999	-999	
880	35415	17	24.969	-0.19	3.936	3.769	25.49	-999	
882	35560	22	-999	-999	-999	-999	-999	-999	
884	35705	22	-999	-999	-999	-999	-999	-999	
885	35777	-999	16.874	-0.414	4.132	3.436	24.47	-999	
886	35849	24	-999	-999	-999	-999	-999	-999	
888	35994	26	-999	-999	-999	-999	-999	-999	
890	36139	24	16.999	0.128	4.043	3.792	25.56	-999	
892	36284	27	-999	-999	-999	-999	-999	-999	
894	36429	15	-999	-999	-999	-999	-999	-999	
895	36501	-999	-999	-0.086	3.942	3.533	24.77	-999	
896	36574	12	-999	-999	-999	-999	-999	-999	
898	36718	0	12.685	-0.936	3.893	3.404	24.36	-999	
900	36863	2	-999	-999	-999	-999	-999	-999	
902	37008	2	13.078	0.178	3.58	3.749	25.43	-999	
904	37153	3	-999	-999	-999	-999	-999	-999	
905	37225	-999	14.263	-0.379	4.038	3.34	24.15	-999	
906	37298	3	-999	-999	-999	-999	-999	-999	
908	37442	4	-999	-999	-999	-999	-999	-999	
910	37587	3	12.593	0.009	3.69	4.191	26.67	-999	
912	37732	4	-999	-999	-999	-999	-999	-999	
914	37877	4	-999	-999	-999	-999	-999	-999	
915	37949	-999	11.195	-0.035	3.701	3.526	24.75	-999	
916	38022	3	-999	-999	-999	-999	-999	-999	
918	38166	4	-999	-999	-999	-999	-999	-999	
920	38311	5	10.513	0.006	-999	3.339	24.15	-999	
922	38456	4	-999	-999	-999	-999	-999	-999	
924	38601	4	-999	-999	-999	-999	-999	-999	
925	38673	-999	16.488	0.21	4.011	3.849	25.73	-999	
926	38746	4	-999	-999	-999	-999	-999	-999	
928	38891	4	-999	-999	-999	-999	-999	-999	
930	39035	4	12.922	0.144	3.899	3.507	24.69	-999	
932	39180	5	-999	-999	-999	-999	-999	-999	
934	39325	4	-999	-999	-999	-999	-999	-999	
935	39397	-999	22.198	-0.588	4.044	3.556	24.85	-999	
936	39470	5	-999	-999	-999	-999	-999	-999	
938	39615	4	-999	-999	-999	-999	-999	-999	
940	39759	5	18.619	-0.149	9.309	3.176	23.59	-999	
942	39904	5	-999	-999	-999	-999	-999	-999	
944	40049	7	-999	-999	-999	-999	-999	-999	
945	40121	-999	16.948	-0.229	4.142	3.236	23.8	-999	
946	40194	9	-999	-999	-999	-999	-999	-999	
948	40339	7	-999	-999	-999	-999	-999	-999	
950	40483	5	14.235	-0.157	3.903	3.518	24.73	-999	
952	40628	5	-999	-999	-999	-999	-999	-999	
954	40773	5	-999	-999	-999	-999	-999	-999	
955	40845	-999	-999	-0.865	4.01	3.428	24.44	-999	
956	40918	4	-999	-999	-999	-999	-999	-999	
958	41063	6	-999	-999	-999	-999	-999	-999	
960	41208	5	20.59	0.032	4.018	3.321	24.09	-999	
962	41352	4	-999	-999	-999	-999	-999	-999	
964	41497	5	-999	-999	-999	-999	-999	-999	
965	41570	-999	14.076	-0.027	4.125	3.617	25.04	-999	
966	41642	13	-999	-999	-999	-999	-999	-999	
968	41787	17	-999	-999	-999	-999	-999	-999	
970	41932	17	21.556	-0.119	4.076	3.039	23.1	-999	
972	42076	18	-999	-999	-999	-999	-999	-999	
974	42221	15	-999	-999	-999	-999	-999	-999	
975	42294	-999	14.024	-0.593	4.033	3.248	23.84	-999	
976	42366	17	-999	-999	-999	-999	-999	-999	
978	42511	20	-999	-999	-999	-999	-999	-999	
980	42656	20	9.168	-0.041	3.385	2.893	22.55	-999	
982	42800	23	-999	-999	-999	-999	-999	-999	
984	42945	18	-999	-999	-999	-999	-999	-999	
985	43018	-999	6.873	-0.153	3.45	3.709	25.31	-999	
986	43090	23	-999	-999	-999	-999	-999	-999	
988	43235	27	-999	-999	-999	-999	-999	-999	
990	43380	24	5.711	-0.04	3.868	2.918	22.65	-999	
992	43525	22	-999	-999	-999	-999	-999	-999	
994	43669	22	-999	-999	-999	-999	-999	-999	
995	43742	-999	8.504	-0.089	3.947	2.924	22.67	-999	
996	43814	22	-999	-999	-999	-999	-999	-999	
998	43959	21	-999	-999	-999	-999	-999	-999	
1000	44104	20	13.942	0.399	4.034	2.779	22.11	-999	
1002	44249	25	-999	-999	-999	-999	-999	-999	
1004	44393	21	-999	-999	-999	-999	-999	-999	
1005	44466	-999	9.903	-0.093	4.082	2.859	22.42	-999	
1006	44538	18	-999	-999	-999	-999	-999	-999	
1008	44683	17	-999	-999	-999	-999	-999	-999	
1010	44828	12	23.402	-0.028	4.157	3.001	22.96	-999	
1012	44973	12	-999	-999	-999	-999	-999	-999	
1014	45117	12	-999	-999	-999	-999	-999	-999	
1015	45190	-999	23.296	-0.023	3.893	3.153	23.51	-999	
1016	45262	12	-999	-999	-999	-999	-999	-999	
1018	45407	12	-999	-999	-999	-999	-999	-999	
1020	45552	12	29.667	-0.557	-999	3.425	24.43	-999	
1022	45697	13	-999	-999	-999	-999	-999	-999	
1024	45842	12	-999	-999	-999	-999	-999	-999	
1025	45914	-999	30.133	-0.918	4.087	4.174	26.63	-999	
1026	45986	13	-999	-999	-999	-999	-999	-999	
1028	46131	13	-999	-999	-999	-999	-999	-999	
1030	46276	14	23.693	-1.237	3.847	3.465	24.56	-999	
1032	46421	14	-999	-999	-999	-999	-999	-999	
1034	46566	15	-999	-999	-999	-999	-999	-999	
1035	46638	-999	28.716	-0.889	4.048	3.72	25.35	-999	
1036	46710	15	-999	-999	-999	-999	-999	-999	
1038	46855	15	-999	-999	-999	-999	-999	-999	
1040	47000	12	24.48	-0.338	4.009	3.794	25.57	-999	
1042	47222	14	-999	-999	-999	-999	-999	-999	
1044	47444	13	-999	-999	-999	-999	-999	-999	
1045	47556	-999	30.365	0.166	3.999	3.547	24.82	-999	
1046	47667	12	-999	-999	-999	-999	-999	-999	
1048	47889	-999	31.301	-0.267	4.001	3.103	23.33	-999	
1050	48111	7	-999	-999	-999	-999	-999	-999	
1052	48333	9	-999	-0.57	4.083	3.421	24.42	-999	
1054	48556	17	-999	-999	-999	-999	-999	-999	
1055	48667	-999	24.308	-0.06	3.951	3.672	25.2	-999	
1056	48778	18	-999	-999	-999	-999	-999	-999	
1058	49000	15	-999	-999	-999	-999	-999	-999	
1060	49222	19	28.915	-0.174	3.769	3.457	24.53	-999	
1062	49444	20	-999	-999	-999	-999	-999	-999	
1064	49667	19	-999	-999	-999	-999	-999	-999	
1065	49778	-999	22.423	0.019	3.943	3.318	24.08	-999	
1066	49889	25	-999	-999	-999	-999	-999	-999	
1068	50111	21	-999	-999	-999	-999	-999	-999	
1070	50333	16	6.373	-0.052	2.57	3.573	24.9	-999	
1072	50556	16	-999	-999	-999	-999	-999	-999	
1074	50778	14	-999	-999	-999	-999	-999	-999	
1075	50889	-999	17.715	-0.7	3.73	3.548	24.82	-999	
1076	51000	16	-999	-999	-999	-999	-999	-999	
1078	51222	15	-999	-999	-999	-999	-999	-999	
1080	51444	15	21.749	-0.486	3.315	3.798	25.58	-999	
1082	51667	14	-999	-999	-999	-999	-999	-999	
1084	51889	14	-999	-999	-999	-999	-999	-999	
1085	52000	-999	14.597	-0.316	3.274	3.889	25.84	-999	
1086	52111	15	-999	-999	-999	-999	-999	-999	
1088	52333	16	-999	-999	-999	-999	-999	-999	
1090	52556	16	11.688	-0.712	3.405	3.802	25.59	-999	
1092	52778	17	-999	-999	-999	-999	-999	-999	
1094	53000	15	-999	-999	-999	-999	-999	-999	
1095	53111	-999	-999	0.267	3.437	3.484	24.62	-999	
1096	53222	15	-999	-999	-999	-999	-999	-999	
1098	53444	17	-999	-999	-999	-999	-999	-999	
1100	53667	16	15.488	0.529	3.613	3.508	24.7	-999	
1102	53889	16	-999	-999	-999	-999	-999	-999	
1104	54111	17	-999	-999	-999	-999	-999	-999	
1105	54222	-999	-999	-0.037	3.626	3.565	24.87	-999	
1106	54333	16	-999	-999	-999	-999	-999	-999	
1108	54556	14	-999	-999	-999	-999	-999	-999	
1110	54778	13	22.367	0.586	3.597	4.288	26.93	-999	
1112	55000	15	-999	-999	-999	-999	-999	-999	
1114	55222	14	-999	-999	-999	-999	-999	-999	
1115	55333	-999	16.466	0.766	3.773	3.679	25.22	-999	
1116	55444	15	-999	-999	-999	-999	-999	-999	
1118	55667	11	-999	-999	-999	-999	-999	-999	
1120	55889	15	15.198	-0.129	3.764	3.381	24.29	-999	
1122	56111	15	-999	-999	-999	-999	-999	-999	
1124	56333	15	-999	-999	-999	-999	-999	-999	
1125	56444	-999	22.129	0.091	3.83	3.459	24.54	-999	
1126	56556	19	-999	-999	-999	-999	-999	-999	
1128	56778	19	-999	-999	-999	-999	-999	-999	
1130	57000	20	14.322	0.531	4.027	3.415	24.4	-999	
1132	57222	25	-999	-999	-999	-999	-999	-999	
1134	57444	40	-999	-999	-999	-999	-999	-999	
1135	57556	-999	10.278	-0.131	4.19	3.315	24.07	-999	
1138	57889	18	-999	-999	-999	-999	-999	-999	
1140	58111	23	11.284	0.068	3.803	3.984	26.11	-999	
1142	58333	30	-999	-999	-999	-999	-999	-999	
1144	58556	37	-999	-999	-999	-999	-999	-999	
1145	58667	-999	5.701	0.251	4.071	3.482	24.61	-999	
1146	58778	32	-999	-999	-999	-999	-999	-999	
1148	59000	20	-999	-999	-999	-999	-999	-999	
1150	59222	15	8.895	0.548	4.001	3.619	25.04	-999	
1152	59444	26	-999	-999	-999	-999	-999	-999	
1154	59667	26	-999	-999	-999	-999	-999	-999	
1155	59778	-999	7.388	0.683	3.943	3.467	24.57	-999	
1156	59889	24	-999	-999	-999	-999	-999	-999	
1158	60111	22	-999	-999	-999	-999	-999	-999	
1160	60333	21	12.103	0.224	3.776	3.312	24.06	-999	
1162	60556	25	-999	-999	-999	-999	-999	-999	
1164	60778	22	-999	-999	-999	-999	-999	-999	
1165	60889	-999	11.537	-0.114	3.973	3.8	25.58	-999	
1166	61000	22	-999	-999	-999	-999	-999	-999	
1168	61222	13	-999	-999	-999	-999	-999	-999	
1170	61444	10	13.938	0.576	3.945	3.63	25.08	-999	
1172	61667	13	-999	-999	-999	-999	-999	-999	
1174	61889	11	-999	-999	-999	-999	-999	-999	
1175	62000	-999	13.416	0.533	3.958	3.428	24.44	-999	
1176	62111	10	-999	-999	-999	-999	-999	-999	
1178	62333	10	-999	-999	-999	-999	-999	-999	
1180	62556	10	16.503	0.533	3.957	3.373	24.26	-999	
1182	62778	11	-999	-999	-999	-999	-999	-999	
1184	63000	10	-999	-999	-999	-999	-999	-999	
1185	63111	-999	16.843	0.391	3.734	3.603	24.99	-999	
1186	63222	9	-999	-999	-999	-999	-999	-999	
1188	63444	9	-999	-999	-999	-999	-999	-999	
1190	63667	10	17.492	0.301	4.083	3.277	23.94	-999	
1192	63889	11	-999	-999	-999	-999	-999	-999	
1194	64111	11	-999	-999	-999	-999	-999	-999	
1195	64222	-999	18.118	0.311	4.192	3.229	23.78	-999	
1196	64333	10	-999	-999	-999	-999	-999	-999	
1198	64556	11	18.365	0.195	4.055	3.354	24.2	-999	
1200	64778	10	-999	-999	-999	-999	-999	-999	
1202	65000	10	17.994	-0.171	4.294	2.683	21.72	-999	
1204	65530	12	-999	-999	-999	-999	-999	-999	
1205	65795	-999	22.673	0.064	4.225	2.997	22.95	-999	
1206	66060	11	-999	-999	-999	-999	-999	-999	
1208	66590	11	-999	-999	-999	-999	-999	-999	
1210	67120	13	17.323	-0.17	4.2	3.041	23.11	-999	
1212	67651	13	-999	-999	-999	-999	-999	-999	
1214	68181	11	-999	-999	-999	-999	-999	-999	
1215	68446	-999	18.948	-0.015	4.149	3.25	23.85	-999	
1216	68711	11	-999	-999	-999	-999	-999	-999	
1218	69241	11	-999	-999	-999	-999	-999	-999	
1220	69771	8	13.691	0.133	3.252	3.258	23.87	-999	
1222	70301	9	-999	-999	-999	-999	-999	-999	
1224	70831	8	-999	-999	-999	-999	-999	-999	
1225	71096	-999	23.531	-0.001	3.988	3.471	24.58	-999	
1226	71361	6	-999	-999	-999	-999	-999	-999	
1228	71892	7	-999	-999	-999	-999	-999	-999	
1230	72422	6	22.13	-0.313	3.907	3.378	24.28	-999	
1232	72952	6	-999	-999	-999	-999	-999	-999	
1234	73482	6	-999	-999	-999	-999	-999	-999	
1235	73747	-999	22.638	-0.017	3.927	3.487	24.63	-999	
1236	74012	6	-999	-999	-999	-999	-999	-999	
1238	74542	6	-999	-999	-999	-999	-999	-999	
1240	75072	5	18.259	0.204	3.609	3.641	25.11	-999	
1242	75602	5	-999	-999	-999	-999	-999	-999	
1244	76133	4	-999	-999	-999	-999	-999	-999	
1245	76398	-999	19.628	0.359	3.853	3.711	25.32	-999	
1246	76663	5	-999	-999	-999	-999	-999	-999	
1248	77193	3	-999	-999	-999	-999	-999	-999	
1250	77723	2	27.154	-0.3	3.778	3.773	25.51	-999	
1252	78253	3	-999	-999	-999	-999	-999	-999	
1254	78783	3	-999	-999	-999	-999	-999	-999	
1255	79048	-999	21.998	-0.075	3.416	3.414	24.39	-999	
1256	79313	3	-999	-999	-999	-999	-999	-999	
1258	79843	2	-999	-999	-999	-999	-999	-999	
1260	80373	2	24.595	-0.85	3.349	3.548	24.82	-999	
1262	80904	3	-999	-999	-999	-999	-999	-999	
1264	81434	4	-999	-999	-999	-999	-999	-999	
1265	81699	-999	29.723	-1.268	3.414	3.692	25.26	-999	
1266	81964	4	-999	-999	-999	-999	-999	-999	
1268	82494	3	-999	-999	-999	-999	-999	-999	
1270	83024	6	30.809	-0.775	3.426	3.896	25.86	-999	
1272	83554	8	-999	-999	-999	-999	-999	-999	
1274	84084	4	-999	-999	-999	-999	-999	-999	
1275	84349	-999	21.433	-1.071	3.286	3.734	25.39	-999	
1276	84614	5	-999	-999	-999	-999	-999	-999	
1278	85145	6	-999	-999	-999	-999	-999	-999	
1280	85675	6	18.038	-1.484	3.595	3.951	26.02	-999	
1282	86205	7	-999	-999	-999	-999	-999	-999	
1284	86735	7	-999	-999	-999	-999	-999	-999	
1285	87000	-999	16.004	-0.756	3.636	3.78	25.53	-999	
1286	87210	5	-999	-999	-999	-999	-999	-999	
1288	87629	4	-999	-999	-999	-999	-999	-999	
1290	88048	6	21.788	-0.498	3.952	3.488	24.63	-999	
1292	88467	4	-999	-999	-999	-999	-999	-999	
1294	88886	4	-999	-999	-999	-999	-999	-999	
1295	89095	-999	25.059	-0.003	3.849	3.303	24.03	-999	
1296	89305	3	-999	-999	-999	-999	-999	-999	
1298	89724	3	-999	-999	-999	-999	-999	-999	
1300	90143	3	28.287	-0.786	3.919	3.74	25.41	-999	
1302	90562	3	-999	-999	-999	-999	-999	-999	
1304	90981	3	-999	-999	-999	-999	-999	-999	
1305	91190	-999	24.17	-0.361	3.725	3.586	24.94	-999	
1306	91400	3	-999	-999	-999	-999	-999	-999	
1308	91819	3	-999	-999	-999	-999	-999	-999	
1310	92238	4	26.276	-0.438	3.546	3.722	25.35	-999	
1312	92657	2	-999	-999	-999	-999	-999	-999	
1314	93076	2	-999	-999	-999	-999	-999	-999	
1315	93286	-999	25.498	-0.818	3.729	3.747	25.43	-999	
1316	93495	1	-999	-999	-999	-999	-999	-999	
1318	93914	4	-999	-999	-999	-999	-999	-999	
1320	94333	1	22.97	-0.774	3.603	3.346	24.17	-999	
1322	94752	2	-999	-999	-999	-999	-999	-999	
1324	95171	2	-999	-999	-999	-999	-999	-999	
1325	95381	-999	22.144	-0.29	3.541	3.78	25.53	-999	
1326	95590	3	-999	-999	-999	-999	-999	-999	
1328	96010	1	-999	-999	-999	-999	-999	-999	
1330	96429	2	22.52	-0.532	3.462	4.256	26.84	-999	
1332	96848	1	-999	-999	-999	-999	-999	-999	
1334	97267	0	-999	-999	-999	-999	-999	-999	
1335	97476	-999	26.226	-0.703	3.536	4.245	26.81	-999	
1336	97686	2	-999	-999	-999	-999	-999	-999	
1338	98105	1	-999	-999	-999	-999	-999	-999	
1340	98524	2	21.239	-1.158	3.219	4.451	27.34	-999	
1342	98943	2	-999	-999	-999	-999	-999	-999	
1344	99362	2	-999	-999	-999	-999	-999	-999	
1345	99571	-999	25.412	-0.998	3.333	4.271	26.88	-999	
1346	99781	3	-999	-999	-999	-999	-999	-999	
1348	100200	0	23.772	-0.747	3.177	4.33	27.04	-999	
1350	100619	2	-999	-999	-999	-999	-999	-999	
1352	101038	4	24.785	-0.602	3.223	4.609	27.73	-999	
1354	101457	3	-999	-999	-999	-999	-999	-999	
1355	101667	-999	24.569	-0.57	3.502	4.451	27.34	-999	
1356	101876	3	-999	-999	-999	-999	-999	-999	
1358	102295	3	-999	-999	-999	-999	-999	-999	
1360	102714	4	26.058	-0.429	3.562	4.407	27.23	-999	
1362	103133	3	-999	-999	-999	-999	-999	-999	
1364	103552	4	-999	-999	-999	-999	-999	-999	
1365	103762	-999	32.156	-0.474	3.4	4.724	28	-999	
1366	103971	2	-999	-999	-999	-999	-999	-999	
1368	104390	2	-999	-999	-999	-999	-999	-999	
1370	104810	4	34.691	-0.367	3.53	4.13	26.51	-999	
1372	105229	4	-999	-999	-999	-999	-999	-999	
1374	105648	4	-999	-999	-999	-999	-999	-999	
1375	105857	-999	18.469	-0.733	3.543	3.781	25.53	-999	
1376	106067	5	-999	-999	-999	-999	-999	-999	
1378	106486	5	-999	-999	-999	-999	-999	-999	
1380	106905	5	26.707	-0.492	3.403	4.052	26.3	-999	
1382	107324	4	-999	-999	-999	-999	-999	-999	
1384	107743	3	-999	-999	-999	-999	-999	-999	
1385	107952	-999	38.913	-0.666	3.667	3.716	25.34	-999	
1386	108162	2	-999	-999	-999	-999	-999	-999	
1388	108581	1	-999	-999	-999	-999	-999	-999	
1390	109000	1	39.532	-0.727	3.844	3.82	25.64	-999	
1392	109667	2	-999	-999	-999	-999	-999	-999	
1394	110333	2	-999	-999	-999	-999	-999	-999	
1395	110667	-999	30.532	-0.696	3.368	3.967	26.06	-999	
1396	111000	3	-999	-999	-999	-999	-999	-999	
1398	111667	3	-999	-999	-999	-999	-999	-999	
1400	112333	4	39.915	-0.167	2.955	3.698	25.28	-999	
1402	113000	4	-999	-999	-999	-999	-999	-999	
1404	113667	4	-999	-999	-999	-999	-999	-999	
1405	114000	-999	32.977	-0.747	3.533	4.266	26.87	-999	
1406	114333	4	-999	-999	-999	-999	-999	-999	
1408	115000	5	-999	-999	-999	-999	-999	-999	
1410	115667	6	39.265	-0.469	3.421	4.108	26.45	-999	
1412	116333	8	-999	-999	-999	-999	-999	-999	
1414	117000	8	-999	-999	-999	-999	-999	-999	
1415	117333	-999	29.791	-1.614	2.985	4.397	27.21	-999	
1416	117667	8	-999	-999	-999	-999	-999	-999	
1420	119000	7	35.711	-1.32	2.737	4.116	26.47	-999	
1422	119291	9	-999	-999	-999	-999	-999	-999	
1424	119582	9	-999	-999	-999	-999	-999	-999	
1425	119727	-999	26.983	-1.474	2.989	4.675	27.89	-999	
1426	119873	10	-999	-999	-999	-999	-999	-999	
1428	120164	9	-999	-999	-999	-999	-999	-999	
1430	120455	11	15.828	-1.369	2.668	5.19	29.05	-999	
1432	120745	9	-999	-999	-999	-999	-999	-999	
1434	121036	10	-999	-999	-999	-999	-999	-999	
1435	121182	-999	24.127	-1.926	2.689	5.6	29.89	-999	
1436	121327	9	-999	-999	-999	-999	-999	-999	
1438	121618	10	-999	-999	-999	-999	-999	-999	
1440	121909	10	27.302	-1.652	2.641	5.02	28.68	-999	
1442	122200	10	-999	-999	-999	-999	-999	-999	
1444	122491	9	-999	-999	-999	-999	-999	-999	
1445	122636	-999	26.832	-1.684	2.602	5.09	28.83	-999	
1446	122782	8	-999	-999	-999	-999	-999	-999	
1448	123073	10	-999	-999	-999	-999	-999	-999	
1450	123364	10	25.972	-1.638	2.519	4.969	28.56	-999	
1452	123655	9	-999	-999	-999	-999	-999	-999	
1454	123945	11	-999	-999	-999	-999	-999	-999	
1455	124091	-999	24.651	-1.539	2.677	4.813	28.21	-999	
1456	124236	10	-999	-999	-999	-999	-999	-999	
1458	124527	8	-999	-999	-999	-999	-999	-999	
1460	124818	11	24.035	-1.807	2.594	4.934	28.49	-999	
1462	125109	11	-999	-999	-999	-999	-999	-999	
1464	125400	7	-999	-999	-999	-999	-999	-999	
1465	125545	-999	25.589	-1.942	2.653	4.938	28.49	-999	
1466	125691	10	-999	-999	-999	-999	-999	-999	
1468	125982	10	-999	-999	-999	-999	-999	-999	
1470	126273	11	20.376	-1.756	2.707	4.593	27.69	-999	
1472	126564	12	-999	-999	-999	-999	-999	-999	
1474	126855	12	-999	-999	-999	-999	-999	-999	
1475	127000	-999	13.564	-1.838	2.68	4.299	26.96	-999	
1476	127145	12	-999	-999	-999	-999	-999	-999	
1478	127436	11	-999	-999	-999	-999	-999	-999	
1480	127727	11	16.119	-1.877	2.692	4.59	27.68	-999	
1482	128018	11	-999	-999	-999	-999	-999	-999	
1484	128309	11	-999	-999	-999	-999	-999	-999	
1485	128455	-999	17.11	-0.864	2.81	3.857	25.75	-999	
1486	128600	12	-999	-999	-999	-999	-999	-999	
1488	128891	10	-999	-999	-999	-999	-999	-999	
1490	129182	12	18.12	-0.888	3.082	4.022	26.22	-999	
1492	129473	11	-999	-999	-999	-999	-999	-999	
1494	129764	11	-999	-999	-999	-999	-999	-999	
1495	129909	-999	26.739	-0.459	3.475	4.217	26.74	-999	
1496	130055	13	-999	-999	-999	-999	-999	-999	
1498	130345	9	17.56	-0.98	3.23	4.084	26.39	-999	
1500	130636	9	-999	-999	-999	-999	-999	-999	
1502	130927	11	14.204	0.7	3.663	4.208	26.72	-999	
1504	131218	11	-999	-999	-999	-999	-999	-999	
1505	131364	-999	11.936	0.206	4.073	4.091	26.4	-999	
1506	131509	12	-999	-999	-999	-999	-999	-999	
1508	131800	13	-999	-999	-999	-999	-999	-999	
1510	132091	13	15.21	0.709	3.361	3.875	25.8	-999	
1512	132382	13	-999	-999	-999	-999	-999	-999	
1514	132673	12	-999	-999	-999	-999	-999	-999	
1515	132818	-999	15.575	0.538	4.29	3.59	24.95	-999	
1516	132964	11	-999	-999	-999	-999	-999	-999	
1518	133255	12	-999	-999	-999	-999	-999	-999	
1520	133545	11	19.578	-0.358	3.759	3.99	26.13	-999	
1522	133836	11	-999	-999	-999	-999	-999	-999	
1524	134127	12	-999	-999	-999	-999	-999	-999	
1525	134273	-999	19.193	0.717	4.228	3.694	25.27	-999	
1526	134418	11	-999	-999	-999	-999	-999	-999	
1528	134709	11	-999	-999	-999	-999	-999	-999	
1530	135000	10	23.259	1.188	4.304	3.464	24.56	-999	
1532	135261	12	-999	-999	-999	-999	-999	-999	
1534	135522	13	-999	-999	-999	-999	-999	-999	
1535	135652	-999	18.944	0.605	4.319	3.705	25.3	-999	
1536	135783	11	-999	-999	-999	-999	-999	-999	
1538	136043	12	-999	-999	-999	-999	-999	-999	
1540	136304	13	17.534	0.311	4.288	3.632	25.08	-999	
1542	136565	11	-999	-999	-999	-999	-999	-999	
1544	136826	12	-999	-999	-999	-999	-999	-999	
1545	136957	-999	16.2	0.858	4.179	3.642	25.11	-999	
1546	137087	11	-999	-999	-999	-999	-999	-999	
1548	137348	11	-999	-999	-999	-999	-999	-999	
1550	137609	11	16.783	0.944	4.245	3.473	24.58	-999	
1552	137870	12	-999	-999	-999	-999	-999	-999	
1554	138130	13	-999	-999	-999	-999	-999	-999	
1555	138261	-999	15.503	0.921	4.266	3.649	25.13	-999	
1556	138391	11	-999	-999	-999	-999	-999	-999	
1558	138652	12	-999	-999	-999	-999	-999	-999	
1560	138913	13	-999	0.339	4.104	3.581	24.92	-999	
1562	139174	13	-999	-999	-999	-999	-999	-999	
1564	139435	11	-999	-999	-999	-999	-999	-999	
1565	139565	-999	16.09	0.643	4.372	3.861	25.76	-999	
1566	139696	8	-999	-999	-999	-999	-999	-999	
1568	139957	11	-999	-999	-999	-999	-999	-999	
1570	140217	13	16.421	0.732	4.147	3.722	25.35	-999	
1572	140478	12	-999	-999	-999	-999	-999	-999	
1574	140739	12	-999	-999	-999	-999	-999	-999	
1575	140870	-999	15.111	0.603	4.222	3.871	25.79	-999	
1576	141000	13	-999	-999	-999	-999	-999	-999	
1578	141261	13	-999	-999	-999	-999	-999	-999	
1580	141522	15	15.312	0.664	4.081	3.723	25.36	-999	
1582	141783	15	-999	-999	-999	-999	-999	-999	
1584	142043	12	-999	-999	-999	-999	-999	-999	
1585	142174	-999	16.351	0.884	-999	3.676	25.22	-999	
1586	142304	15	-999	-999	-999	-999	-999	-999	
1588	142565	15	-999	-999	-999	-999	-999	-999	
1590	142826	14	-999	0.557	4.368	3.79	25.56	-999	
1592	143087	16	-999	-999	-999	-999	-999	-999	
1594	143348	16	-999	-999	-999	-999	-999	-999	
1595	143478	-999	14.216	0.049	4.14	3.493	24.65	-999	
1596	143609	15	-999	-999	-999	-999	-999	-999	
1598	143870	15	-999	-999	-999	-999	-999	-999	
1600	144130	14	14.183	0.784	4.421	3.34	24.15	-999	
1602	144391	13	-999	-999	-999	-999	-999	-999	
1604	144652	13	-999	-999	-999	-999	-999	-999	
1605	144783	-999	15.408	0.517	4.147	3.839	25.7	-999	
1606	144913	14	-999	-999	-999	-999	-999	-999	
1608	145174	12	-999	-999	-999	-999	-999	-999	
1610	145435	14	12.301	0.334	4.288	3.411	24.38	-999	
1612	145696	13	-999	-999	-999	-999	-999	-999	
1614	145957	13	-999	-999	-999	-999	-999	-999	
1615	146087	-999	16.537	-0.015	4.152	3.644	25.12	-999	
1616	146217	15	-999	-999	-999	-999	-999	-999	
1618	146478	14	-999	-999	-999	-999	-999	-999	
1620	146739	13	18.749	0.411	4.143	3.758	25.46	-999	
1622	147000	14	-999	-999	-999	-999	-999	-999	
1624	147261	14	-999	-999	-999	-999	-999	-999	
1625	147391	-999	15.867	0.355	4.087	3.454	24.52	-999	
1626	147522	15	-999	-999	-999	-999	-999	-999	
1628	147783	14	-999	-999	-999	-999	-999	-999	
1630	148043	15	-999	0.254	3.984	3.414	24.39	-999	
1632	148304	16	-999	-999	-999	-999	-999	-999	
1634	148565	16	-999	-999	-999	-999	-999	-999	
1635	148696	-999	15.28	0.19	4.164	3.478	24.6	-999	
1636	148826	12	-999	-999	-999	-999	-999	-999	
1638	149087	16	-999	-999	-999	-999	-999	-999	
1640	149348	16	17.25	0.5	4.012	4.045	26.28	-999	
1642	149609	15	-999	-999	-999	-999	-999	-999	
1644	149870	15	-999	-999	-999	-999	-999	-999	
1645	150000	-999	18.871	0.767	4.061	3.405	24.36	-999	
1648	150391	16	16.178	0.475	3.937	3.69	25.26	-999	
1650	150652	17	-999	-999	-999	-999	-999	-999	
1652	150913	17	13.243	0.401	4.016	3.955	26.03	-999	
1654	151174	16	-999	-999	-999	-999	-999	-999	
1655	151304	-999	-999	0.664	4.149	4.216	26.74	-999	
1656	151435	16	-999	-999	-999	-999	-999	-999	
1658	151696	16	-999	-999	-999	-999	-999	-999	
1660	151957	15	17.352	0.611	4.213	3.919	25.93	-999	
1662	152217	16	-999	-999	-999	-999	-999	-999	
1664	152478	16	-999	-999	-999	-999	-999	-999	
1665	152609	-999	-999	0.757	3.914	3.695	25.27	-999	
1666	152739	15	-999	-999	-999	-999	-999	-999	
1668	153000	15	-999	-999	-999	-999	-999	-999	
1670	153261	15	15.389	0.773	4.241	4.044	26.28	-999	
1672	153522	14	-999	-999	-999	-999	-999	-999	
1674	153783	14	-999	-999	-999	-999	-999	-999	
1675	153913	-999	-999	1.061	4.19	3.545	24.81	-999	
1676	154043	16	-999	-999	-999	-999	-999	-999	
1678	154304	15	-999	-999	-999	-999	-999	-999	
1680	154565	16	16.139	1.12	3.726	3.804	25.6	-999	
1682	154826	16	-999	-999	-999	-999	-999	-999	
1684	155087	14	-999	-999	-999	-999	-999	-999	
1685	155217	-999	-999	1.156	4.259	3.804	25.6	-999	
1686	155348	15	-999	-999	-999	-999	-999	-999	
1688	155609	13	-999	-999	-999	-999	-999	-999	
1690	155870	14	15.725	0.671	4.124	3.74	25.41	-999	
1692	156130	15	-999	-999	-999	-999	-999	-999	
1694	156391	16	-999	-999	-999	-999	-999	-999	
1695	156522	-999	-999	0.648	4.493	3.748	25.43	-999	
1696	156652	14	-999	-999	-999	-999	-999	-999	
1698	156913	13	-999	-999	-999	-999	-999	-999	
1700	157174	12	16.786	0.469	4.294	3.555	24.84	-999	
1702	157435	12	-999	-999	-999	-999	-999	-999	
1704	157696	14	-999	-999	-999	-999	-999	-999	
1705	157826	-999	-999	0.564	4.421	3.821	25.65	-999	
1706	157957	13	-999	-999	-999	-999	-999	-999	
1708	158217	12	-999	-999	-999	-999	-999	-999	
1710	158478	13	20.579	0.169	4.228	4.051	26.29	-999	
1712	158739	12	-999	-999	-999	-999	-999	-999	
1714	159000	11	-999	-999	-999	-999	-999	-999	
1715	159130	-999	-999	0.344	4.213	3.491	24.64	-999	
1716	159261	10	-999	-999	-999	-999	-999	-999	
1718	159522	11	-999	-999	-999	-999	-999	-999	
1720	159783	12	17.817	0.045	4.362	3.998	26.15	-999	
1722	160043	13	-999	-999	-999	-999	-999	-999	
1724	160304	14	-999	-999	-999	-999	-999	-999	
1725	160435	-999	-999	0.514	4.052	4.145	26.55	-999	
1726	160565	11	-999	-999	-999	-999	-999	-999	
1728	160826	12	-999	-999	-999	-999	-999	-999	
1730	161087	12	17.639	0.632	4.259	3.86	25.76	-999	
1732	161348	11	-999	-999	-999	-999	-999	-999	
1734	161609	11	-999	-999	-999	-999	-999	-999	
1735	161739	-999	-999	0.236	4.119	3.936	25.97	-999	
1736	161870	12	-999	-999	-999	-999	-999	-999	
1738	162130	11	-999	-999	-999	-999	-999	-999	
1740	162391	11	18.704	-0.209	4.331	3.856	25.75	-999	
1742	162652	10	-999	-999	-999	-999	-999	-999	
1744	162913	10	-999	-999	-999	-999	-999	-999	
1745	163043	-999	-999	-0.284	4.067	3.899	25.87	-999	
1746	163174	9	-999	-999	-999	-999	-999	-999	
1748	163435	11	-999	-999	-999	-999	-999	-999	
1750	163696	10	25.422	-0.039	4.188	3.759	25.46	-999	
1752	163957	11	-999	-999	-999	-999	-999	-999	
1754	164217	10	-999	-999	-999	-999	-999	-999	
1755	164348	-999	-999	-0.284	4.217	4.196	26.69	-999	
1756	164478	10	-999	-999	-999	-999	-999	-999	
1758	164739	10	-999	-999	-999	-999	-999	-999	
1760	165000	10	27.011	-0.493	4.208	3.695	25.27	-999	
1762	165341	10	-999	-999	-999	-999	-999	-999	
1764	165681	11	-999	-999	-999	-999	-999	-999	
1765	165852	-999	-999	-0.11	4.128	4.03	26.24	-999	
1766	166022	12	-999	-999	-999	-999	-999	-999	
1768	166363	12	-999	-999	-999	-999	-999	-999	
1770	166704	11	31.837	-0.756	4.068	3.919	25.93	-999	
1772	167044	10	-999	-999	-999	-999	-999	-999	
1774	167385	12	-999	-999	-999	-999	-999	-999	
1775	167556	-999	-999	-0.919	3.9	3.751	25.44	-999	
1776	167726	12	-999	-999	-999	-999	-999	-999	
1778	168067	11	-999	-999	-999	-999	-999	-999	
1780	168407	12	31.263	-0.458	3.663	4.038	26.26	-999	
1782	168748	11	-999	-999	-999	-999	-999	-999	
1784	169089	12	-999	-999	-999	-999	-999	-999	
1785	169259	-999	-999	-1.469	3.826	3.921	25.93	-999	
1786	169430	11	-999	-999	-999	-999	-999	-999	
1788	169770	11	-999	-999	-999	-999	-999	-999	
1790	170111	11	26.908	-0.502	3.752	4.03	26.24	-999	
1792	170452	11	-999	-999	-999	-999	-999	-999	
1794	170793	10	-999	-999	-999	-999	-999	-999	
1795	170963	-999	-999	-1.157	4.005	3.569	24.89	-999	
1796	171133	9	-999	-999	-999	-999	-999	-999	
1798	171474	11	20.241	-0.369	4.023	3.722	25.35	-999	
1800	171815	10	-999	-999	-999	-999	-999	-999	
1802	172156	9	-999	-0.198	3.939	3.776	25.51	-999	
1804	172496	10	-999	-999	-999	-999	-999	-999	
1805	172667	-999	19.875	-0.281	3.778	4.218	26.74	-999	
1806	172837	9	-999	-999	-999	-999	-999	-999	
1808	173178	9	-999	-999	-999	-999	-999	-999	
1810	173519	8	-999	-0.281	3.527	3.738	25.4	-999	
1812	173859	8	-999	-999	-999	-999	-999	-999	
1814	174200	9	-999	-999	-999	-999	-999	-999	
1815	174370	-999	31.223	0.03	4.254	3.898	25.87	-999	
1816	174541	8	-999	-999	-999	-999	-999	-999	
1818	174881	9	-999	-999	-999	-999	-999	-999	
1820	175222	7	-999	0	3.93	3.651	25.14	-999	
1822	175563	9	-999	-999	-999	-999	-999	-999	
1824	175904	9	-999	-999	-999	-999	-999	-999	
1825	176074	-999	22.198	0.59	4.051	3.903	25.88	-999	
1826	176244	9	-999	-999	-999	-999	-999	-999	
1828	176585	9	-999	-999	-999	-999	-999	-999	
1830	176926	9	-999	0.305	4.001	3.632	25.08	-999	
1832	177267	10	-999	-999	-999	-999	-999	-999	
1834	177607	10	-999	-999	-999	-999	-999	-999	
1835	177778	-999	18.367	-0.009	4.062	3.462	24.55	-999	
1836	177948	9	-999	-999	-999	-999	-999	-999	
1838	178289	11	-999	-999	-999	-999	-999	-999	
1840	178630	11	-999	-0.114	3.84	3.572	24.9	-999	
1842	178970	11	-999	-999	-999	-999	-999	-999	
1844	179311	10	-999	-999	-999	-999	-999	-999	
1845	179481	-999	19.498	-0.026	3.952	3.617	25.04	-999	
1846	179652	11	-999	-999	-999	-999	-999	-999	
1848	179993	10	-999	-999	-999	-999	-999	-999	
1850	180333	9	-999	-0.295	4.17	3.383	24.29	-999	
1852	180674	11	-999	-999	-999	-999	-999	-999	
1854	181015	10	-999	-999	-999	-999	-999	-999	
1855	181185	-999	23.224	-0.528	3.983	3.228	23.77	-999	
1856	181356	9	-999	-999	-999	-999	-999	-999	
1858	181696	10	-999	-999	-999	-999	-999	-999	
1860	182037	11	-999	-0.623	4.048	3.6	24.98	-999	
1862	182378	11	-999	-999	-999	-999	-999	-999	
1864	182719	11	-999	-999	-999	-999	-999	-999	
1865	182889	-999	23.919	-0.62	3.978	3.351	24.19	-999	
1866	183059	11	-999	-999	-999	-999	-999	-999	
1868	183400	9	-999	-999	-999	-999	-999	-999	
1870	183741	12	-999	-0.303	3.816	3.613	25.02	-999	
1872	184081	12	-999	-999	-999	-999	-999	-999	
1874	184422	12	-999	-999	-999	-999	-999	-999	
1875	184593	-999	21.155	-0.528	3.825	3.378	24.28	-999	
1876	184763	12	-999	-999	-999	-999	-999	-999	
1878	185104	12	-999	-999	-999	-999	-999	-999	
1880	185444	11	-999	-0.609	3.826	4.082	26.38	-999	
1882	185785	12	-999	-999	-999	-999	-999	-999	
1884	186126	13	-999	-999	-999	-999	-999	-999	
1885	186296	-999	19.842	-0.481	3.971	3.908	25.9	-999	
1886	186467	12	-999	-999	-999	-999	-999	-999	
1888	186807	11	-999	-999	-999	-999	-999	-999	
1890	187148	13	-999	-0.614	3.72	3.734	25.39	-999	
1892	187489	13	-999	-999	-999	-999	-999	-999	
1894	187830	13	-999	-999	-999	-999	-999	-999	
1895	188000	-999	20.798	-0.469	4.089	4.107	26.45	-999	
1896	188232	13	-999	-999	-999	-999	-999	-999	
1898	188696	14	-999	-999	-999	-999	-999	-999	
1900	189160	13	-999	-0.474	3.795	4.312	26.99	-999	
1902	189624	12	-999	-999	-999	-999	-999	-999	
1904	190088	11	-999	-999	-999	-999	-999	-999	
1905	190320	-999	18.491	-0.72	3.574	4.1	26.43	-999	
1906	190552	11	-999	-999	-999	-999	-999	-999	
1908	191016	12	-999	-999	-999	-999	-999	-999	
1910	191480	10	-999	-1.017	3.286	4.042	26.27	-999	
1912	191944	11	-999	-999	-999	-999	-999	-999	
1914	192408	9	-999	-999	-999	-999	-999	-999	
1915	192640	-999	18.881	-0.625	2.914	3.858	25.75	-999	
1916	192872	9	-999	-999	-999	-999	-999	-999	
1918	193336	9	-999	-999	-999	-999	-999	-999	
1920	193800	9	-999	-1.033	2.856	4.427	27.28	-999	
1922	194264	7	-999	-999	-999	-999	-999	-999	
1924	194728	8	-999	-999	-999	-999	-999	-999	
1925	194960	-999	21.776	-0.928	3.556	4.437	27.31	-999	
1926	195192	7	-999	-999	-999	-999	-999	-999	
1928	195656	7	-999	-999	-999	-999	-999	-999	
1930	196120	6	-999	-0.856	3.212	5.01	28.66	-999	
1932	196584	8	-999	-999	-999	-999	-999	-999	
1934	197048	14	-999	-999	-999	-999	-999	-999	
1935	197280	-999	24.415	-0.899	2.878	4.678	27.89	-999	
1936	197512	7	-999	-999	-999	-999	-999	-999	
1938	197976	8	-999	-999	-999	-999	-999	-999	
1940	198440	7	-999	-1.127	3.374	5.05	28.74	-999	
1942	198904	6	-999	-999	-999	-999	-999	-999	
1944	199368	5	-999	-999	-999	-999	-999	-999	
1945	199600	-999	21.532	-0.523	3.456	4.048	26.29	-999	
1948	200296	6	-999	-0.536	3.571	4.328	27.03	-999	
1950	200760	5	-999	-999	-999	-999	-999	-999	
1952	201224	7	21.945	-0.462	3.394	3.76	25.47	-999	
1954	201688	6	-999	-999	-999	-999	-999	-999	
1955	201920	-999	-999	-0.528	3.294	3.766	25.48	-999	
1956	202152	5	-999	-999	-999	-999	-999	-999	
1958	202616	6	-999	-999	-999	-999	-999	-999	
1960	203080	7	21.484	-0.348	3.397	3.859	25.76	-999	
1962	203544	4	-999	-999	-999	-999	-999	-999	
1964	204008	7	-999	-999	-999	-999	-999	-999	
1965	204240	-999	-999	-0.429	3.506	3.594	24.96	-999	
1966	204472	8	-999	-999	-999	-999	-999	-999	
1968	204936	8	-999	-999	-999	-999	-999	-999	
1970	205400	8	22.825	-0.416	3.142	3.705	25.3	-999	
1972	205864	9	-999	-999	-999	-999	-999	-999	
1974	206328	7	-999	-999	-999	-999	-999	-999	
1975	206560	-999	-999	-0.761	3.29	3.645	25.12	-999	
1976	206792	9	-999	-999	-999	-999	-999	-999	
1978	207256	10	-999	-999	-999	-999	-999	-999	
1980	207720	10	20.259	-1.07	3.235	3.856	25.75	-999	
1982	208184	12	-999	-999	-999	-999	-999	-999	
1984	208648	9	-999	-999	-999	-999	-999	-999	
1985	208880	-999	-999	-1.008	3.191	3.533	24.77	-999	
1986	209112	12	-999	-999	-999	-999	-999	-999	
1988	209576	12	-999	-999	-999	-999	-999	-999	
1990	210040	13	26.562	-0.828	3.022	4.117	26.47	-999	
1992	210504	14	-999	-999	-999	-999	-999	-999	
1994	210968	13	-999	-999	-999	-999	-999	-999	
1995	211200	-999	-999	-0.709	3.04	4.344	27.07	-999	
1996	211432	12	-999	-999	-999	-999	-999	-999	
1998	211896	14	-999	-999	-999	-999	-999	-999	
2000	212360	13	15.094	-0.938	2.769	4.332	27.04	-999	
2002	212824	14	-999	-999	-999	-999	-999	-999	
2004	213288	12	-999	-999	-999	-999	-999	-999	
2005	213520	-999	-999	-1.069	2.731	4.143	26.54	-999	
2006	213752	14	-999	-999	-999	-999	-999	-999	
2008	214216	13	-999	-999	-999	-999	-999	-999	
2010	214680	12	19.6	-1.225	2.623	4.092	26.41	-999	
2012	215144	12	-999	-999	-999	-999	-999	-999	
2014	215608	12	-999	-999	-999	-999	-999	-999	
2015	215840	-999	-999	-1.344	2.617	4.665	27.86	-999	
2016	216072	12	-999	-999	-999	-999	-999	-999	
2018	216536	12	-999	-999	-999	-999	-999	-999	
2020	217000	13	13.644	-1.982	2.546	4.579	27.66	-999	
2022	217800	12	-999	-999	-999	-999	-999	-999	
2024	218600	13	-999	-999	-999	-999	-999	-999	
2025	219000	-999	-999	-0.611	2.985	4.145	26.55	-999	
2026	219400	12	-999	-999	-999	-999	-999	-999	
2028	220200	13	-999	-999	-999	-999	-999	-999	
2030	221000	13	16.137	-0.97	3.56	4.413	27.25	-999	
2032	221800	12	-999	-999	-999	-999	-999	-999	
2034	222600	12	-999	-999	-999	-999	-999	-999	
2035	223000	-999	-999	-1.095	4.281	4.229	26.77	-999	
2036	223119	11	-999	-999	-999	-999	-999	-999	
2038	223356	13	-999	-999	-999	-999	-999	-999	
2040	223593	14	19.17	-1.375	4.272	4.742	28.04	-999	
2042	223830	13	-999	-999	-999	-999	-999	-999	
2044	224067	12	-999	-999	-999	-999	-999	-999	
2045	224185	-999	-999	-0.663	4.135	4.439	27.31	-999	
2046	224304	13	-999	-999	-999	-999	-999	-999	
2048	224541	11	-999	-999	-999	-999	-999	-999	
2050	224778	11	19.32	-0.569	4.227	4.032	26.24	-999	
2052	225015	11	-999	-999	-999	-999	-999	-999	
2054	225252	11	-999	-999	-999	-999	-999	-999	
2055	225370	-999	-999	-0.58	3.304	3.857	25.75	-999	
2056	225489	11	-999	-999	-999	-999	-999	-999	
2058	225726	11	-999	-999	-999	-999	-999	-999	
2060	225963	12	20.206	-0.733	3.573	3.77	25.5	-999	
2062	226200	12	-999	-999	-999	-999	-999	-999	
2064	226437	11	-999	-999	-999	-999	-999	-999	
2065	226556	-999	-999	-0.972	4.09	4.039	26.26	-999	
2066	226674	12	-999	-999	-999	-999	-999	-999	
2068	226911	11	-999	-999	-999	-999	-999	-999	
2070	227148	11	24.631	-0.428	4.132	4.068	26.34	-999	
2072	227385	12	-999	-999	-999	-999	-999	-999	
2074	227622	11	-999	-999	-999	-999	-999	-999	
2075	227741	-999	-999	-0.755	-999	3.943	25.99	-999	
2076	227859	12	-999	-999	-999	-999	-999	-999	
2078	228096	12	-999	-999	-999	-999	-999	-999	
2080	228333	11	22.056	-0.488	4.151	4.389	27.19	-999	
2082	228570	11	-999	-999	-999	-999	-999	-999	
2084	228807	12	-999	-999	-999	-999	-999	-999	
2085	228926	-999	-999	-0.687	4.064	3.841	25.7	-999	
2086	229044	10	-999	-999	-999	-999	-999	-999	
2088	229281	8	-999	-999	-999	-999	-999	-999	
2090	229519	6	16.745	-0.319	4.2	4.202	26.7	-999	
2092	229756	9	-999	-999	-999	-999	-999	-999	
2094	229993	12	-999	-999	-999	-999	-999	-999	
2095	230111	-999	-999	-0.735	4.088	3.435	24.46	-999	
2096	230230	10	-999	-999	-999	-999	-999	-999	
2098	230467	13	17.867	-0.17	4.006	3.663	25.18	-999	
2100	230704	12	-999	-999	-999	-999	-999	-999	
2102	230941	11	-999	-0.784	3.976	3.797	25.58	-999	
2104	231178	10	-999	-999	-999	-999	-999	-999	
2105	231296	-999	22.242	-0.918	4.072	3.874	25.8	-999	
2106	231415	10	-999	-999	-999	-999	-999	-999	
2108	231652	12	-999	-999	-999	-999	-999	-999	
2110	231889	12	-999	-0.735	3.944	5.56	29.81	-999	
2112	232126	10	-999	-999	-999	-999	-999	-999	
2114	232363	9	-999	-999	-999	-999	-999	-999	
2115	232481	-999	19.41	-0.362	3.846	3.787	25.55	-999	
2116	232600	8	-999	-999	-999	-999	-999	-999	
2118	232837	8	-999	-999	-999	-999	-999	-999	
2120	233074	7	-999	-0.702	3.931	3.772	25.5	-999	
2122	233311	9	-999	-999	-999	-999	-999	-999	
2124	233548	7	-999	-999	-999	-999	-999	-999	
2125	233667	-999	25.89	-0.707	3.866	4.153	26.57	-999	
2126	233785	8	-999	-999	-999	-999	-999	-999	
2128	234022	7	-999	-999	-999	-999	-999	-999	
2130	234259	5	-999	-0.866	3.588	4.236	26.79	-999	
2132	234496	7	-999	-999	-999	-999	-999	-999	
2134	234733	7	-999	-999	-999	-999	-999	-999	
2135	234852	-999	28.903	-0.859	4.002	4.011	26.18	-999	
2136	234970	8	-999	-999	-999	-999	-999	-999	
2138	235207	9	-999	-999	-999	-999	-999	-999	
2140	235444	8	-999	-0.807	3.933	4.222	26.75	-999	
2142	235681	8	-999	-999	-999	-999	-999	-999	
2144	235919	8	-999	-999	-999	-999	-999	-999	
2145	236037	-999	28.468	-1.264	3.777	4.479	27.41	-999	
2146	236156	9	-999	-999	-999	-999	-999	-999	
2148	236393	10	-999	-999	-999	-999	-999	-999	
2150	236630	10	-999	-1.194	3.822	4.428	27.28	-999	
2152	236867	10	-999	-999	-999	-999	-999	-999	
2154	237104	9	-999	-999	-999	-999	-999	-999	
2155	237222	-999	25.985	-1.603	3.139	4.516	27.5	-999	
2156	237341	9	-999	-999	-999	-999	-999	-999	
2158	237578	12	-999	-999	-999	-999	-999	-999	
2160	237815	10	-999	-1.099	2.7	5.08	28.81	-999	
2162	238052	10	-999	-999	-999	-999	-999	-999	
2164	238289	11	-999	-999	-999	-999	-999	-999	
2165	238407	-999	18.657	-1.812	3.004	5.81	30.3	-999	
2166	238526	8	-999	-999	-999	-999	-999	-999	
2168	238763	11	-999	-999	-999	-999	-999	-999	
2170	239000	10	-999	-1.431	2.894	5.65	29.99	-999	
2172	239236	11	-999	-999	-999	-999	-999	-999	
2174	239473	11	-999	-999	-999	-999	-999	-999	
2175	239591	-999	19.85	-1.116	3.022	4.902	28.41	-999	
2176	239709	12	-999	-999	-999	-999	-999	-999	
2178	239945	12	-999	-999	-999	-999	-999	-999	
2180	240182	12	-999	-0.074	3.232	4.248	26.82	-999	
2182	240418	12	-999	-999	-999	-999	-999	-999	
2184	240655	12	-999	-999	-999	-999	-999	-999	
2185	240773	-999	22.807	-0.433	3.159	4.21	26.72	-999	
2186	240891	12	-999	-999	-999	-999	-999	-999	
2188	241127	11	-999	-999	-999	-999	-999	-999	
2190	241364	14	-999	-0.414	2.948	4.052	26.3	-999	
2192	241600	15	-999	-999	-999	-999	-999	-999	
2194	241836	16	-999	-999	-999	-999	-999	-999	
2195	241955	-999	18.594	-0.418	3.383	3.823	25.65	-999	
2196	242073	17	-999	-999	-999	-999	-999	-999	
2198	242309	18	-999	-999	-999	-999	-999	-999	
2200	242545	17	-999	-0.124	3.199	4.159	26.59	-999	
2202	242782	17	-999	-999	-999	-999	-999	-999	
2204	243018	18	-999	-999	-999	-999	-999	-999	
2205	243136	-999	16.549	-0.524	3.286	3.899	25.87	-999	
2206	243255	18	-999	-999	-999	-999	-999	-999	
2208	243491	19	-999	-999	-999	-999	-999	-999	
2210	243727	19	-999	-0.383	3.208	3.888	25.84	-999	
2212	243964	19	-999	-999	-999	-999	-999	-999	
2214	244200	23	-999	-999	-999	-999	-999	-999	
2215	244318	-999	12.738	-0.981	3.49	4.073	26.36	-999	
2216	244436	23	-999	-999	-999	-999	-999	-999	
2218	244673	24	-999	-999	-999	-999	-999	-999	
2220	244909	24	-999	-0.591	-999	5.97	30.6	-999	
2222	245145	23	-999	-999	-999	-999	-999	-999	
2224	245382	25	-999	-999	-999	-999	-999	-999	
2225	245500	-999	4.52	-0.168	-999	5.3	29.28	-999	
2226	245618	35	-999	-999	-999	-999	-999	-999	
2228	245855	28	-999	-999	-999	-999	-999	-999	
2230	246091	24	-999	0.08	-999	4.419	27.26	-999	
2232	246327	30	-999	-999	-999	-999	-999	-999	
2234	246564	27	-999	-999	-999	-999	-999	-999	
2235	246682	-999	4.109	-0.782	3.77	3.694	25.27	-999	
2236	246800	30	-999	-999	-999	-999	-999	-999	
2238	247036	26	-999	-999	-999	-999	-999	-999	
2240	247273	27	-999	-0.922	-999	-999	-999	-999	
2242	247509	28	-999	-999	-999	-999	-999	-999	
2244	247745	22	-999	-999	-999	-999	-999	-999	
2245	247864	-999	5.118	-0.762	-999	-999	-999	-999	
2246	247982	23	-999	-999	-999	-999	-999	-999	
2248	248218	15	-999	-0.638	-999	-999	-999	-999	
2250	248455	23	-999	-999	-999	-999	-999	-999	
2252	248691	24	3.427	-0.917	-999	-999	-999	-999	
2254	248927	26	-999	-999	-999	-999	-999	-999	
2255	249045	-999	-999	-0.556	-999	-999	-999	-999	
2256	249164	30	-999	-999	-999	-999	-999	-999	
2258	249400	32	-999	-999	-999	-999	-999	-999	
2260	249636	35	2.982	-0.236	-999	-999	-999	-999	
2262	249873	30	-999	-999	-999	-999	-999	-999	
2264	250109	30	-999	-999	-999	-999	-999	-999	
2265	250227	-999	-999	0.131	-999	-999	-999	-999	
2266	250345	32	-999	-999	-999	-999	-999	-999	
2268	250582	33	-999	-999	-999	-999	-999	-999	
2270	250818	31	2.243	-0.091	-999	-999	-999	-999	
2272	251055	35	-999	-999	-999	-999	-999	-999	
2274	251291	34	-999	-999	-999	-999	-999	-999	
2275	251409	-999	-999	0.265	-999	-999	-999	-999	
2276	251527	34	-999	-999	-999	-999	-999	-999	
2278	251764	32	-999	-999	-999	-999	-999	-999	
2280	252000	36	0.743	-0.885	4.242	3.73	25.38	-999	
2282	252138	36	-999	-999	-999	-999	-999	-999	
2284	252277	34	-999	-999	-999	-999	-999	-999	
2285	252346	-999	2.253	-1.339	4.116	3.84	25.7	-999	
2286	252415	34	-999	-999	-999	-999	-999	-999	
2288	252553	32	-999	-999	-999	-999	-999	-999	
2290	252691	37	3.751	-1.159	3.938	3.847	25.72	-999	
2292	252830	35	-999	-999	-999	-999	-999	-999	
2294	252968	46	-999	-999	-999	-999	-999	-999	
2295	253037	-999	-999	-1.355	3.914	4.442	27.32	-999	
2296	253106	40	-999	-999	-999	-999	-999	-999	
2298	253244	40	-999	-999	-999	-999	-999	-999	
2300	253383	43	-999	-1.214	3.838	4.214	26.73	-999	
2302	253521	43	-999	-999	-999	-999	-999	-999	
2304	253659	39	-999	-999	-999	-999	-999	-999	
2305	253728	-999	1.978	-1.197	3.884	4.398	27.21	-999	
2306	253798	42	-999	-999	-999	-999	-999	-999	
2308	253936	41	-999	-999	-999	-999	-999	-999	
2310	254074	47	-999	-1.116	3.911	4.414	27.25	-999	
2312	254212	45	-999	-999	-999	-999	-999	-999	
2314	254351	45	-999	-999	-999	-999	-999	-999	
2315	254420	-999	0.527	-1.174	3.913	4.516	27.5	-999	
2316	254489	35	-999	-999	-999	-999	-999	-999	
2318	254627	35	-999	-999	-999	-999	-999	-999	
2320	254765	45	3.794	-0.847	3.94	4.26	26.85	-999	
2322	254904	33	-999	-999	-999	-999	-999	-999	
2324	255042	41	-999	-999	-999	-999	-999	-999	
2325	255111	-999	-999	-0.953	-999	4.222	26.75	-999	
2326	255180	39	-999	-999	-999	-999	-999	-999	
2328	255319	27	-999	-999	-999	-999	-999	-999	
2330	255457	25	1.301	-1.063	-999	4.836	28.26	-999	
2332	255595	27	-999	-999	-999	-999	-999	-999	
2334	255733	25	-999	-999	-999	-999	-999	-999	
2335	255802	-999	-999	-0.51	3.918	4.89	28.39	-999	
2336	255872	26	-999	-999	-999	-999	-999	-999	
2338	256010	26	-999	-999	-999	-999	-999	-999	
2340	256148	27	6.983	-1.013	4.034	4.821	28.23	-999	
2342	256286	28	-999	-999	-999	-999	-999	-999	
2344	256425	29	-999	-999	-999	-999	-999	-999	
2345	256494	-999	-999	-1.269	3.606	5.11	28.88	-999	
2346	256563	28	-999	-999	-999	-999	-999	-999	
2348	256701	27	-999	-999	-999	-999	-999	-999	
2350	256840	25	10.447	-0.917	3.498	4.329	27.03	-999	
2352	256978	24	-999	-999	-999	-999	-999	-999	
2354	257116	26	-999	-999	-999	-999	-999	-999	
2355	257185	-999	-999	-1.19	3.951	4.704	27.96	-999	
2356	257254	27	-999	-999	-999	-999	-999	-999	
2358	257393	28	-999	-999	-999	-999	-999	-999	
2360	257531	26	-999	-0.75	3.811	5.31	29.3	-999	
2362	257669	28	-999	-999	-999	-999	-999	-999	
2364	257807	31	-999	-999	-999	-999	-999	-999	
2365	257877	-999	7.501	-0.592	3.931	3.879	25.81	-999	
2366	257946	32	-999	-999	-999	-999	-999	-999	
2368	258084	30	-999	-999	-999	-999	-999	-999	
2370	258222	31	8.606	-0.51	3.978	4.291	26.93	-999	
2372	258360	37	-999	-999	-999	-999	-999	-999	
2374	258499	29	-999	-999	-999	-999	-999	-999	
2375	258568	-999	-999	-0.836	4.03	4.318	27	-999	
2376	258637	36	-999	-999	-999	-999	-999	-999	
2378	258775	34	-999	-999	-999	-999	-999	-999	
2380	258914	27	5.739	-0.559	3.846	4.567	27.63	-999	
2382	259052	29	-999	-999	-999	-999	-999	-999	
2384	259190	29	-999	-999	-999	-999	-999	-999	
2385	259259	-999	-999	-0.46	3.93	3.968	26.06	-999	
2386	259328	37	-999	-999	-999	-999	-999	-999	
2388	259467	29	-999	-999	-999	-999	-999	-999	
2390	259605	25	8.959	-0.348	3.89	3.621	25.05	-999	
2392	259743	17	-999	-999	-999	-999	-999	-999	
2394	259881	20	-999	-999	-999	-999	-999	-999	
2395	259951	-999	-999	-0.549	3.887	3.717	25.34	-999	
2396	260020	14	-999	-999	-999	-999	-999	-999	
2398	260158	16	22.444	-0.787	3.933	3.652	25.14	-999	
2400	260296	17	-999	-999	-999	-999	-999	-999	
2402	260435	14	-999	-0.245	3.848	4.028	26.23	-999	
2404	260573	15	-999	-999	-999	-999	-999	-999	
2405	260642	-999	24.057	-0.631	3.86	3.7	25.29	-999	
2406	260711	16	-999	-999	-999	-999	-999	-999	
2408	260849	14	-999	-999	-999	-999	-999	-999	
2410	260988	16	-999	-0.839	3.8	4.069	26.34	-999	
2412	261126	16	-999	-999	-999	-999	-999	-999	
2414	261264	14	-999	-999	-999	-999	-999	-999	
2415	261333	-999	26.7	-0.412	3.569	4.098	26.42	-999	
2416	261402	16	-999	-999	-999	-999	-999	-999	
2418	261541	16	-999	-999	-999	-999	-999	-999	
2420	261679	17	-999	-0.226	3.86	3.953	26.02	-999	
2422	261817	19	-999	-999	-999	-999	-999	-999	
2424	261956	16	-999	-999	-999	-999	-999	-999	
2425	262025	-999	-999	-0.336	3.626	3.994	26.14	-999	
2426	262094	17	-999	-999	-999	-999	-999	-999	
2428	262232	19	-999	-999	-999	-999	-999	-999	
2430	262370	23	-999	-0.42	3.804	3.599	24.98	-999	
2432	262509	21	-999	-999	-999	-999	-999	-999	
2434	262647	25	-999	-999	-999	-999	-999	-999	
2435	262716	-999	15.995	-0.277	3.855	3.739	25.4	-999	
2436	262785	21	-999	-999	-999	-999	-999	-999	
2438	262923	25	-999	-999	-999	-999	-999	-999	
2440	263062	23	-999	-0.437	3.852	3.909	25.9	-999	
2442	263200	22	-999	-999	-999	-999	-999	-999	
2444	263338	17	-999	-999	-999	-999	-999	-999	
2445	263407	-999	17.708	-0.774	3.722	3.937	25.98	-999	
2446	263477	15	-999	-999	-999	-999	-999	-999	
2448	263615	16	-999	-999	-999	-999	-999	-999	
2450	263753	15	-999	-0.509	3.714	4.481	27.42	-999	
2452	263891	15	-999	-999	-999	-999	-999	-999	
2454	264030	15	-999	-999	-999	-999	-999	-999	
2455	264099	-999	21.785	-0.495	3.961	3.653	25.15	-999	
2456	264168	14	-999	-999	-999	-999	-999	-999	
2458	264306	14	-999	-999	-999	-999	-999	-999	
2460	264444	17	-999	-0.548	3.914	3.696	25.28	-999	
2462	264583	17	-999	-999	-999	-999	-999	-999	
2464	264721	22	-999	-999	-999	-999	-999	-999	
2465	264790	-999	17.631	-1.392	3.999	3.838	25.69	-999	
2466	264859	22	-999	-999	-999	-999	-999	-999	
2468	264998	24	-999	-999	-999	-999	-999	-999	
2470	265136	24	-999	-1.084	3.758	4.235	26.79	-999	
2472	265274	23	-999	-999	-999	-999	-999	-999	
2474	265412	25	-999	-999	-999	-999	-999	-999	
2475	265481	-999	11.193	-0.633	3.671	4.228	26.77	-999	
2476	265551	25	-999	-999	-999	-999	-999	-999	
2478	265689	25	-999	-999	-999	-999	-999	-999	
2480	265827	27	-999	-0.737	3.684	4.369	27.13	-999	
2482	265965	32	-999	-999	-999	-999	-999	-999	
2484	266104	33	-999	-999	-999	-999	-999	-999	
2485	266173	-999	9.901	-0.881	3.511	3.812	25.62	-999	
2486	266242	29	-999	-999	-999	-999	-999	-999	
2488	266380	30	-999	-999	-999	-999	-999	-999	
2490	266519	27	-999	-0.374	3.312	3.776	25.51	-999	
2492	266657	27	-999	-999	-999	-999	-999	-999	
2494	266795	24	-999	-999	-999	-999	-999	-999	
2495	266864	-999	11.482	-0.775	3.43	4.004	26.17	-999	
2496	266933	24	-999	-999	-999	-999	-999	-999	
2498	267072	24	-999	-999	-999	-999	-999	-999	
2500	267210	26	-999	-0.707	3.418	3.601	24.99	-999	
2502	267348	24	-999	-999	-999	-999	-999	-999	
2504	267486	22	-999	-999	-999	-999	-999	-999	
2505	267556	-999	9.94	-0.667	3.561	3.598	24.98	-999	
2506	267625	24	-999	-999	-999	-999	-999	-999	
2508	267763	25	-999	-999	-999	-999	-999	-999	
2510	267901	30	-999	-0.276	3.549	3.763	25.48	-999	
2512	268040	32	-999	-999	-999	-999	-999	-999	
2514	268178	32	-999	-999	-999	-999	-999	-999	
2515	268247	-999	8.744	-0.782	3.738	3.352	24.19	-999	
2516	268316	25	-999	-999	-999	-999	-999	-999	
2518	268454	26	-999	-999	-999	-999	-999	-999	
2520	268593	22	-999	-0.637	3.725	3.269	23.91	-999	
2522	268731	22	-999	-999	-999	-999	-999	-999	
2524	268869	24	-999	-999	-999	-999	-999	-999	
2525	268938	-999	9.842	-0.957	3.594	3.46	24.54	-999	
2526	269007	27	-999	-999	-999	-999	-999	-999	
2530	269284	30	-999	-0.23	3.712	3.556	24.85	-999	
2532	269422	26	-999	-999	-999	-999	-999	-999	
2534	269560	25	-999	-999	-999	-999	-999	-999	
2535	269630	-999	7.186	-0.492	3.756	3.636	25.09	-999	
2536	269699	22	-999	-999	-999	-999	-999	-999	
2538	269837	19	-999	-999	-999	-999	-999	-999	
2540	269975	18	-999	-0.266	3.89	3.562	24.87	-999	
2542	270114	21	-999	-999	-999	-999	-999	-999	
2544	270252	19	-999	-999	-999	-999	-999	-999	
2545	270321	-999	8.224	-0.294	3.703	3.556	24.85	-999	
2546	270390	15	-999	-999	-999	-999	-999	-999	
2548	270528	14	-999	-0.693	3.769	3.504	24.68	-999	
2550	270667	15	-999	-999	-999	-999	-999	-999	
2552	270805	13	10.133	-0.715	3.627	-999	-999	-999	
2554	270943	13	-999	-999	-999	-999	-999	-999	
2555	271012	-999	-999	-0.436	3.835	3.429	24.44	-999	
2556	271081	18	-999	-999	-999	-999	-999	-999	
2558	271220	13	-999	-999	-999	-999	-999	-999	
2560	271358	16	12.238	-0.113	3.91	3.424	24.43	-999	
2562	271496	16	-999	-999	-999	-999	-999	-999	
2564	271635	18	-999	-999	-999	-999	-999	-999	
2565	271704	-999	-999	-0.679	3.844	3.77	25.5	-999	
2566	271773	22	-999	-999	-999	-999	-999	-999	
2568	271911	22	-999	-999	-999	-999	-999	-999	
2570	272049	23	5.133	-0.235	4.005	3.127	23.42	-999	
2572	272188	24	-999	-999	-999	-999	-999	-999	
2574	272326	29	-999	-999	-999	-999	-999	-999	
2575	272395	-999	-999	-0.076	4.15	3.414	24.39	-999	
2576	272464	24	-999	-999	-999	-999	-999	-999	
2578	272602	24	-999	-999	-999	-999	-999	-999	
2580	272741	25	2.269	-0.01	3.752	3.283	23.96	-999	
2582	272879	24	-999	-999	-999	-999	-999	-999	
2584	273017	28	-999	-999	-999	-999	-999	-999	
2585	273086	-999	-999	-0.235	3.956	3.453	24.52	-999	
2586	273156	27	-999	-999	-999	-999	-999	-999	
2588	273294	28	-999	-999	-999	-999	-999	-999	
2590	273432	29	1.11	-0.564	3.911	3.889	25.84	-999	
2592	273570	29	-999	-999	-999	-999	-999	-999	
2594	273709	28	-999	-999	-999	-999	-999	-999	
2595	273778	-999	-999	-1.19	3.861	3.99	26.13	-999	
2596	273847	30	-999	-999	-999	-999	-999	-999	
2598	273985	24	-999	-999	-999	-999	-999	-999	
2600	274123	21	20.771	-1.21	4.065	3.344	24.16	-999	
2602	274262	16	-999	-999	-999	-999	-999	-999	
2604	274400	16	-999	-999	-999	-999	-999	-999	
2605	274469	-999	-999	-0.377	3.966	3.509	24.7	-999	
2606	274538	16	-999	-999	-999	-999	-999	-999	
2608	274677	14	-999	-999	-999	-999	-999	-999	
2610	274815	14	8.287	-999	-999	3.126	23.41	-999	
2612	274953	15	-999	-999	-999	-999	-999	-999	
2614	275091	14	-999	-999	-999	-999	-999	-999	
2615	275160	-999	-999	-0.434	4.091	3.304	24.03	-999	
2616	275230	15	-999	-999	-999	-999	-999	-999	
2618	275368	15	-999	-999	-999	-999	-999	-999	
2620	275506	15	9.436	-0.398	3.915	3.239	23.81	-999	
2622	275644	16	-999	-999	-999	-999	-999	-999	
2624	275783	17	-999	-999	-999	-999	-999	-999	
2625	275852	-999	-999	-0.148	3.823	3.37	24.25	-999	
2626	275921	16	-999	-999	-999	-999	-999	-999	
2628	276059	17	-999	-999	-999	-999	-999	-999	
2630	276198	17	8.809	-0.505	4.133	3.399	24.35	-999	
2632	276336	16	-999	-999	-999	-999	-999	-999	
2634	276474	17	-999	-999	-999	-999	-999	-999	
2635	276543	-999	-999	-0.134	3.816	3.967	26.06	-999	
2636	276612	17	-999	-999	-999	-999	-999	-999	
2638	276751	18	-999	-999	-999	-999	-999	-999	
2640	276889	17	6.545	-0.191	3.723	3.454	24.52	-999	
2642	277027	16	-999	-999	-999	-999	-999	-999	
2644	277165	16	-999	-999	-999	-999	-999	-999	
2645	277235	-999	-999	-0.26	3.973	3.262	23.89	-999	
2646	277304	16	-999	-999	-999	-999	-999	-999	
2648	277442	16	-999	-999	-999	-999	-999	-999	
2650	277580	16	9.551	-0.823	3.772	3.256	23.87	-999	
2652	277719	14	-999	-999	-999	-999	-999	-999	
2654	277857	15	-999	-999	-999	-999	-999	-999	
2655	277926	-999	-999	-0.28	4.079	3.19	23.64	-999	
2656	277995	15	-999	-999	-999	-999	-999	-999	
2658	278133	15	-999	-999	-999	-999	-999	-999	
2660	278272	14	8.434	-0.847	4.184	3.24	23.81	-999	
2662	278410	13	-999	-999	-999	-999	-999	-999	
2664	278548	14	-999	-999	-999	-999	-999	-999	
2665	278617	-999	-999	-0.511	4.072	3.408	24.37	-999	
2666	278686	13	-999	-999	-999	-999	-999	-999	
2668	278825	13	-999	-999	-999	-999	-999	-999	
2670	278963	13	11.105	-0.712	4.236	3.396	24.34	-999	
2672	279101	13	-999	-999	-999	-999	-999	-999	
2674	279240	14	-999	-999	-999	-999	-999	-999	
2675	279309	-999	-999	-0.906	4.016	3.72	25.35	-999	
2676	279378	13	-999	-999	-999	-999	-999	-999	
2678	279516	13	-999	-999	-999	-999	-999	-999	
2680	279654	14	11.984	-0.354	3.664	3.562	24.87	-999	
2682	279793	14	-999	-999	-999	-999	-999	-999	
2684	279931	11	-999	-999	-999	-999	-999	-999	
2685	280000	-999	-999	-0.29	3.465	3.611	25.02	-999	
2686	280133	9	-999	-999	-999	-999	-999	-999	
2688	280400	9	-999	-999	-999	-999	-999	-999	
2690	280667	8	19.023	-0.972	3.516	4.077	26.37	-999	
2692	280933	7	-999	-999	-999	-999	-999	-999	
2694	281200	6	-999	-999	-999	-999	-999	-999	
2695	281333	-999	-999	-0.606	3.591	3.824	25.65	-999	
2696	281467	4	-999	-999	-999	-999	-999	-999	
2698	281733	6	18.983	-0.623	3.354	3.937	25.98	-999	
2700	282000	6	-999	-999	-999	-999	-999	-999	
2702	282267	8	-999	-0.457	3.23	4.442	27.32	-999	
2704	282533	7	-999	-999	-999	-999	-999	-999	
2705	282667	-999	23.027	-1.075	3.313	3.864	25.77	-999	
2706	282800	7	-999	-999	-999	-999	-999	-999	
2708	283067	7	-999	-999	-999	-999	-999	-999	
2710	283333	8	-999	-1.123	3.219	4.057	26.31	-999	
2712	283600	7	-999	-999	-999	-999	-999	-999	
2714	283867	7	-999	-999	-999	-999	-999	-999	
2715	284000	-999	19.37	-1.886	3.229	4.505	27.48	-999	
2716	284133	7	-999	-999	-999	-999	-999	-999	
2718	284400	8	-999	-999	-999	-999	-999	-999	
2720	284667	8	-999	-1.37	3.271	4.434	27.3	-999	
2722	284933	9	-999	-999	-999	-999	-999	-999	
2724	285200	10	-999	-999	-999	-999	-999	-999	
2725	285333	-999	19.697	-1.111	3.21	4.397	27.21	-999	
2726	285467	8	-999	-999	-999	-999	-999	-999	
2728	285733	10	-999	-999	-999	-999	-999	-999	
2730	286000	7	-999	-1.86	3.422	4.592	27.69	-999	
2732	286267	7	-999	-999	-999	-999	-999	-999	
2734	286533	5	-999	-999	-999	-999	-999	-999	
2735	286667	-999	20.464	-1.395	3.458	4.498	27.46	-999	
2736	286800	6	-999	-999	-999	-999	-999	-999	
2738	287067	6	-999	-999	-999	-999	-999	-999	
2740	287333	5	-999	-1.495	3.372	4.545	27.57	-999	
2742	287600	6	-999	-999	-999	-999	-999	-999	
2744	287867	5	-999	-999	-999	-999	-999	-999	
2745	288000	-999	16.077	-1.243	3.435	4.155	26.58	-999	
2746	288133	5	-999	-999	-999	-999	-999	-999	
2748	288400	4	-999	-999	-999	-999	-999	-999	
2750	288667	4	-999	-0.637	3.729	4.971	28.57	-999	
2752	288933	4	-999	-999	-999	-999	-999	-999	
2754	289200	4	-999	-999	-999	-999	-999	-999	
2755	289333	-999	12.247	-0.461	3.724	4.698	27.94	-999	
2756	289467	5	-999	-999	-999	-999	-999	-999	
2758	289733	4	-999	-999	-999	-999	-999	-999	
2760	290000	4	-999	-0.455	3.536	4.386	27.18	-999	
2762	290267	2	-999	-999	-999	-999	-999	-999	
2764	290533	3	-999	-999	-999	-999	-999	-999	
2765	290667	-999	15.401	-0.404	3.682	4.118	26.48	-999	
2766	290800	3	-999	-999	-999	-999	-999	-999	
2768	291067	4	-999	-999	-999	-999	-999	-999	
2770	291333	2	-999	-0.325	3.73	4.317	27	-999	
2772	291600	3	-999	-999	-999	-999	-999	-999	
2774	291867	3	-999	-999	-999	-999	-999	-999	
2775	292000	-999	12.533	-0.505	3.885	4.235	26.79	-999	
2776	292237	3	-999	-999	-999	-999	-999	-999	
2778	292711	2	-999	-999	-999	-999	-999	-999	
2780	293185	4	-999	-0.361	3.706	4.168	26.61	-999	
2782	293659	2	-999	-999	-999	-999	-999	-999	
2784	294133	3	-999	-999	-999	-999	-999	-999	
2785	294370	-999	17.509	-0.774	4.015	3.887	25.84	-999	
2786	294607	2	-999	-999	-999	-999	-999	-999	
2788	295081	3	-999	-999	-999	-999	-999	-999	
2790	295556	2	-999	-0.398	3.845	5.06	28.77	-999	
2792	296030	2	-999	-999	-999	-999	-999	-999	
2794	296504	1	-999	-999	-999	-999	-999	-999	
2795	296741	-999	17.894	-0.731	3.704	4.051	26.29	-999	
2796	296978	2	-999	-999	-999	-999	-999	-999	
2798	297452	2	-999	-999	-999	-999	-999	-999	
2800	297926	2	-999	-0.639	3.608	4.079	26.37	-999	
2802	298400	2	-999	-999	-999	-999	-999	-999	
2804	298874	3	-999	-999	-999	-999	-999	-999	
2805	299111	-999	16.771	-0.416	3.593	4.181	26.65	-999	
2806	299348	3	-999	-999	-999	-999	-999	-999	
2808	299822	2	-999	-999	-999	-999	-999	-999	
2810	300296	2	-999	-0.41	3.783	4.284	26.92	-999	
2812	300770	3	-999	-999	-999	-999	-999	-999	
2814	301244	3	-999	-999	-999	-999	-999	-999	
2815	301481	-999	16.652	-0.48	3.732	4.902	28.41	-999	
2816	301719	3	-999	-999	-999	-999	-999	-999	
2818	302193	2	-999	-999	-999	-999	-999	-999	
2820	302667	2	-999	-0.638	3.493	5.01	28.66	-999	
2822	303141	3	-999	-999	-999	-999	-999	-999	
2824	303615	2	-999	-999	-999	-999	-999	-999	
2825	303852	-999	16.993	-0.946	3.79	4.876	28.35	-999	
2826	304089	3	-999	-999	-999	-999	-999	-999	
2828	304563	4	-999	-999	-999	-999	-999	-999	
2830	305037	4	-999	-0.656	3.522	4.542	27.57	-999	
2832	305511	3	-999	-999	-999	-999	-999	-999	
2834	305985	4	-999	-999	-999	-999	-999	-999	
2835	306222	-999	17.224	-0.632	3.247	4.818	28.22	-999	
2836	306459	5	-999	-999	-999	-999	-999	-999	
2838	306933	5	-999	-999	-999	-999	-999	-999	
2840	307407	6	-999	-0.261	3.378	4.572	27.64	-999	
2842	307881	6	-999	-999	-999	-999	-999	-999	
2844	308356	5	-999	-999	-999	-999	-999	-999	
2845	308593	-999	12.797	-0.767	2.878	5.16	28.98	-999	
2846	308830	6	-999	-999	-999	-999	-999	-999	
2848	309304	4	-999	-1.029	3.754	4.85	28.3	-999	
2850	309778	7	-999	-999	-999	-999	-999	-999	
2852	310252	7	13.119	-1.111	2.854	5.14	28.94	-999	
2854	310726	3	-999	-999	-999	-999	-999	-999	
2855	310963	-999	-999	-0.788	3.491	4.99	28.61	-999	
2856	311200	8	-999	-999	-999	-999	-999	-999	
2858	311674	6	-999	-999	-999	-999	-999	-999	
2860	312148	8	11.135	-1.067	3.58	4.284	26.92	-999	
2862	312622	5	-999	-999	-999	-999	-999	-999	
2864	313096	4	-999	-999	-999	-999	-999	-999	
2865	313333	-999	-999	-0.867	3.641	5.33	29.34	-999	
2866	313570	4	-999	-999	-999	-999	-999	-999	
2868	314044	6	-999	-999	-999	-999	-999	-999	
2870	314519	4	-999	-1.164	3.226	4.136	26.53	-999	
2872	314993	4	-999	-999	-999	-999	-999	-999	
2874	315467	5	-999	-999	-999	-999	-999	-999	
2875	315704	-999	7.147	-0.397	3.304	3.916	25.92	-999	
2876	315941	5	-999	-999	-999	-999	-999	-999	
2878	316415	3	-999	-999	-999	-999	-999	-999	
2880	316889	4	8.854	-0.904	-999	4.261	26.86	-999	
2882	317363	5	-999	-999	-999	-999	-999	-999	
2884	317837	4	-999	-999	-999	-999	-999	-999	
2885	318074	-999	-999	-0.564	3.248	4.172	26.62	-999	
2886	318311	5	-999	-999	-999	-999	-999	-999	
2888	318785	5	-999	-999	-999	-999	-999	-999	
2890	319259	5	10.042	-1.236	3.035	4.668	27.87	-999	
2892	319733	5	-999	-999	-999	-999	-999	-999	
2894	320207	4	-999	-999	-999	-999	-999	-999	
2895	320444	-999	-999	-0.726	2.942	5.5	29.69	-999	
2896	320681	4	-999	-999	-999	-999	-999	-999	
2898	321156	5	-999	-999	-999	-999	-999	-999	
2900	321630	6	10.438	-0.787	-999	5.11	28.88	-999	
2902	322104	5	-999	-999	-999	-999	-999	-999	
2904	322578	5	-999	-999	-999	-999	-999	-999	
2905	322815	-999	-999	-0.927	3.477	4.277	26.9	-999	
2906	323052	7	-999	-999	-999	-999	-999	-999	
2908	323526	6	-999	-999	-999	-999	-999	-999	
2910	324000	5	11.583	-0.489	2.848	4.473	27.4	-999	
2912	324280	7	-999	-999	-999	-999	-999	-999	
2914	324560	6	-999	-999	-999	-999	-999	-999	
2915	324700	-999	-999	-0.72	2.72	4.3	26.96	-999	
2916	324840	6	-999	-999	-999	-999	-999	-999	
2918	325120	3	-999	-999	-999	-999	-999	-999	
2920	325400	6	14.377	-0.725	2.758	4.571	27.64	-999	
2922	325680	7	-999	-999	-999	-999	-999	-999	
2924	325960	6	-999	-999	-999	-999	-999	-999	
2925	326100	-999	-999	-1.084	2.653	5.88	30.43	-999	
2926	326240	8	-999	-999	-999	-999	-999	-999	
2928	326520	7	-999	-999	-999	-999	-999	-999	
2930	326800	8	14.323	-1.025	2.876	5.02	28.68	-999	
2932	327080	9	-999	-999	-999	-999	-999	-999	
2934	327360	9	-999	-999	-999	-999	-999	-999	
2935	327500	-999	-999	-1.172	2.763	6.32	31.24	-999	
2936	327640	7	-999	-999	-999	-999	-999	-999	
2938	327920	8	-999	-999	-999	-999	-999	-999	
2940	328200	9	13.737	-1.702	2.573	4.563	27.62	-999	
2942	328480	9	-999	-999	-999	-999	-999	-999	
2944	328760	7	-999	-999	-999	-999	-999	-999	
2945	328900	-999	-999	-1.095	2.722	5.69	30.07	-999	
2946	329040	9	-999	-999	-999	-999	-999	-999	
2948	329320	9	-999	-999	-999	-999	-999	-999	
2950	329600	7	16.377	-1.186	2.64	5.32	29.32	-999	
2952	329880	10	-999	-999	-999	-999	-999	-999	
2954	330160	10	-999	-999	-999	-999	-999	-999	
2955	330300	-999	-999	-1.184	-999	5.11	28.88	-999	
2956	330440	9	-999	-999	-999	-999	-999	-999	
2958	330720	8	-999	-999	-999	-999	-999	-999	
2960	331000	9	11.757	-1.341	2.429	4.753	28.07	-999	
2962	331267	9	-999	-999	-999	-999	-999	-999	
2964	331533	10	-999	-999	-999	-999	-999	-999	
2965	331667	-999	-999	-0.896	-999	4.939	28.5	-999	
2966	331800	12	-999	-999	-999	-999	-999	-999	
2968	332067	13	-999	-999	-999	-999	-999	-999	
2970	332333	13	12.617	-1.147	2.917	4.498	27.46	-999	
2972	332600	13	-999	-999	-999	-999	-999	-999	
2975	333000	-999	-999	-1.28	-999	3.95	26.01	-999	
2976	333133	20	-999	-999	-999	-999	-999	-999	
2978	333400	34	-999	-999	-999	-999	-999	-999	
2980	333667	36	8.429	-0.467	3.52	4.414	27.25	-999	
2982	333933	16	-999	-999	-999	-999	-999	-999	
2984	334200	18	-999	-999	-999	-999	-999	-999	
2985	334333	-999	-999	-0.948	2.89	4.631	27.78	-999	
2986	334467	19	-999	-999	-999	-999	-999	-999	
2988	334733	21	-999	-999	-999	-999	-999	-999	
2990	335000	16	7.997	-0.104	3.722	3.954	26.03	-999	
2992	335267	25	-999	-999	-999	-999	-999	-999	
2994	335533	27	-999	-999	-999	-999	-999	-999	
2995	335667	-999	-999	-0.892	2.85	4.541	27.56	-999	
2998	336067	15	3.063	0.078	3.26	5.08	28.81	-999	
3000	336333	20	-999	-999	-999	-999	-999	-999	
3002	336600	13	-999	-0.051	3.242	3.874	25.8	-999	
3004	336867	22	-999	-999	-999	-999	-999	-999	
3005	337000	-999	3.368	-0.155	3.067	5.3	29.28	-999	
3006	337133	25	-999	-999	-999	-999	-999	-999	
3008	337400	21	-999	-999	-999	-999	-999	-999	
3010	337667	24	-999	-0.578	3.072	-999	-999	-999	
3012	337933	18	-999	-999	-999	-999	-999	-999	
3014	338200	19	-999	-999	-999	-999	-999	-999	
3015	338333	-999	5.525	0.163	3.561	5.05	28.74	-999	
3016	338467	21	-999	-999	-999	-999	-999	-999	
3018	338733	25	-999	-999	-999	-999	-999	-999	
3020	339000	17	-999	0.084	3.379	5.01	28.66	-999	
3022	339267	16	-999	-999	-999	-999	-999	-999	
3024	339533	20	-999	-999	-999	-999	-999	-999	
3025	339667	-999	7.791	0.259	3.942	4.611	27.73	-999	
3026	339800	19	-999	-999	-999	-999	-999	-999	
3028	340067	21	-999	-999	-999	-999	-999	-999	
3030	340333	19	-999	0.529	4.161	4.781	28.14	-999	
3032	340600	20	-999	-999	-999	-999	-999	-999	
3034	340867	28	-999	-999	-999	-999	-999	-999	
3035	341000	-999	9.865	0.133	4.382	3.856	25.75	-999	
3036	341135	20	-999	-999	-999	-999	-999	-999	
3038	341406	17	-999	-999	-999	-999	-999	-999	
3040	341677	20	-999	0.353	4.2	5.17	29.01	-999	
3042	341948	18	-999	-999	-999	-999	-999	-999	
3044	342218	23	-999	-999	-999	-999	-999	-999	
3045	342354	-999	8.269	-0.335	4.166	3.879	25.81	-999	
3046	342489	22	-999	-999	-999	-999	-999	-999	
3048	342760	24	-999	-999	-999	-999	-999	-999	
3050	343031	27	-999	0.459	4.128	5.14	28.94	-999	
3052	343302	26	-999	-999	-999	-999	-999	-999	
3054	343572	23	-999	-999	-999	-999	-999	-999	
3055	343708	-999	-999	0.559	4.124	4.745	28.05	-999	
3056	343843	24	-999	-999	-999	-999	-999	-999	
3058	344114	22	-999	-999	-999	-999	-999	-999	
3060	344385	17	1.341	0.169	4.189	4.874	28.35	-999	
3062	344655	13	-999	-999	-999	-999	-999	-999	
3064	344926	16	-999	-999	-999	-999	-999	-999	
3065	345062	-999	9.255	0.37	4.216	4.679	27.9	-999	
3066	345197	18	-999	-999	-999	-999	-999	-999	
3068	345468	17	-999	-999	-999	-999	-999	-999	
3070	345738	23	-999	0.421	4.27	4.351	27.09	-999	
3072	346009	30	-999	-999	-999	-999	-999	-999	
3074	346280	17	-999	-999	-999	-999	-999	-999	
3075	346415	-999	6.561	-0.872	4.212	4.755	28.08	-999	
3076	346551	15	-999	-999	-999	-999	-999	-999	
3078	346822	19	-999	-999	-999	-999	-999	-999	
3080	347092	21	-999	0.423	4.16	4.023	26.22	-999	
3082	347363	23	-999	-999	-999	-999	-999	-999	
3084	347634	23	-999	-999	-999	-999	-999	-999	
3085	347769	-999	7.407	-0.008	4.18	3.122	23.4	-999	
3086	347905	20	-999	-999	-999	-999	-999	-999	
3088	348175	16	-999	-999	-999	-999	-999	-999	
3090	348446	20	-999	0.35	4.199	4.223	26.76	-999	
3092	348717	25	-999	-999	-999	-999	-999	-999	
3094	348988	23	-999	-999	-999	-999	-999	-999	
3095	349123	-999	6.294	0.182	4.106	4.004	26.17	-999	
3096	349258	25	-999	-999	-999	-999	-999	-999	
3098	349529	20	-999	-999	-999	-999	-999	-999	
3100	349800	22	-999	-0.857	3.998	3.285	23.97	-999	
3102	350071	24	-999	-999	-999	-999	-999	-999	
3104	350342	21	-999	-999	-999	-999	-999	-999	
3105	350477	-999	5.324	-0.568	4.178	3.787	25.55	-999	
3106	350612	15	-999	-999	-999	-999	-999	-999	
3108	350883	15	-999	-999	-999	-999	-999	-999	
3110	351154	17	-999	-0.246	4.03	3.419	24.41	-999	
3112	351425	20	-999	-999	-999	-999	-999	-999	
3114	351695	17	-999	-999	-999	-999	-999	-999	
3115	351831	-999	9.606	-0.391	3.978	3.62	25.05	-999	
3116	351966	20	-999	-999	-999	-999	-999	-999	
3118	352237	24	-999	-999	-999	-999	-999	-999	
3120	352508	21	-999	-0.627	4.1	3.43	24.45	-999	
3122	352778	13	-999	-999	-999	-999	-999	-999	
3124	353049	14	-999	-999	-999	-999	-999	-999	
3125	353185	-999	9.888	-0.324	3.957	3.659	25.16	-999	
3126	353320	11	-999	-999	-999	-999	-999	-999	
3128	353591	11	-999	-999	-999	-999	-999	-999	
3130	353862	10	-999	0.038	4.078	3.376	24.27	-999	
3132	354132	9	-999	-999	-999	-999	-999	-999	
3134	354403	10	-999	-999	-999	-999	-999	-999	
3135	354538	-999	11.358	-0.219	3.805	3.324	24.1	-999	
3136	354674	10	-999	-999	-999	-999	-999	-999	
3138	354945	9	-999	-999	-999	-999	-999	-999	
3140	355215	9	-999	-0.501	3.929	3.438	24.47	-999	
3142	355486	11	-999	-999	-999	-999	-999	-999	
3144	355757	14	-999	-999	-999	-999	-999	-999	
3145	355892	-999	11.683	-0.454	3.89	3.489	24.64	-999	
3146	356028	11	-999	-999	-999	-999	-999	-999	
3148	356298	15	-999	-0.41	3.73	3.76	25.47	-999	
3150	356569	15	-999	-999	-999	-999	-999	-999	
3152	356840	18	7.836	-0.961	3.636	3.804	25.6	-999	
3154	357111	19	-999	-999	-999	-999	-999	-999	
3155	357246	-999	-999	-0.565	3.9	3.992	26.13	-999	
3156	357382	20	-999	-999	-999	-999	-999	-999	
3158	357652	26	-999	-999	-999	-999	-999	-999	
3160	357923	-999	5.945	-0.605	3.564	4.016	26.2	-999	
3162	358194	27	-999	-999	-999	-999	-999	-999	
3164	358465	22	-999	-999	-999	-999	-999	-999	
3165	358600	-999	-999	-0.814	3.551	3.479	24.6	-999	
3166	358735	22	-999	-999	-999	-999	-999	-999	
3168	359006	16	-999	-999	-999	-999	-999	-999	
3170	359277	16	7.169	-0.423	3.599	3.715	25.33	-999	
3172	359548	17	-999	-999	-999	-999	-999	-999	
3174	359818	20	-999	-999	-999	-999	-999	-999	
3175	359954	-999	-999	-0.382	3.551	3.761	25.47	-999	
3176	360089	18	-999	-999	-999	-999	-999	-999	
3178	360360	17	-999	-999	-999	-999	-999	-999	
3180	360631	19	8.669	-0.47	3.822	3.8	25.58	-999	
3182	360902	21	-999	-999	-999	-999	-999	-999	
3184	361172	23	-999	-999	-999	-999	-999	-999	
3185	361308	-999	-999	-0.909	3.905	3.532	24.77	-999	
3186	361443	26	-999	-999	-999	-999	-999	-999	
3188	361714	32	-999	-999	-999	-999	-999	-999	
3190	361985	-999	7.403	-0.842	3.849	3.537	24.79	-999	
3192	362255	15	-999	-999	-999	-999	-999	-999	
3194	362526	16	-999	-999	-999	-999	-999	-999	
3195	362662	-999	-999	-0.937	3.631	3.617	25.04	-999	
3196	362797	17	-999	-999	-999	-999	-999	-999	
3198	363068	17	-999	-999	-999	-999	-999	-999	
3200	363338	20	9.214	-0.58	3.574	3.458	24.54	-999	
3202	363609	18	-999	-999	-999	-999	-999	-999	
3204	363880	15	-999	-999	-999	-999	-999	-999	
3205	364015	-999	-999	-0.93	3.756	4.025	26.22	-999	
3206	364151	15	-999	-999	-999	-999	-999	-999	
3208	364422	14	-999	-999	-999	-999	-999	-999	
3210	364692	15	9.658	-0.136	3.725	3.58	24.92	-999	
3212	364963	22	-999	-999	-999	-999	-999	-999	
3214	365234	22	-999	-999	-999	-999	-999	-999	
3215	365369	-999	-999	-0.208	3.882	-999	-999	-999	
3216	365505	13	-999	-999	-999	-999	-999	-999	
3218	365775	9	-999	-999	-999	-999	-999	-999	
3220	366046	12	9.573	0.434	3.894	3.614	25.03	-999	
3222	366317	13	-999	-999	-999	-999	-999	-999	
3224	366588	12	-999	-999	-999	-999	-999	-999	
3225	366723	-999	-999	0.013	4.125	3.458	24.54	-999	
3226	366858	11	-999	-999	-999	-999	-999	-999	
3228	367129	12	-999	-999	-999	-999	-999	-999	
3230	367400	12	15.199	0.479	4.133	3.541	24.8	-999	
3232	367671	12	-999	-999	-999	-999	-999	-999	
3234	367942	11	-999	-999	-999	-999	-999	-999	
3235	368077	-999	-999	0.444	4.018	3.655	25.15	-999	
3236	368212	12	-999	-999	-999	-999	-999	-999	
3238	368483	13	-999	-999	-999	-999	-999	-999	
3240	368754	14	11.483	-0.077	3.967	3.832	25.68	-999	
3242	369025	15	-999	-999	-999	-999	-999	-999	
3244	369295	13	-999	-999	-999	-999	-999	-999	
3245	369431	-999	-999	-0.043	4.01	3.642	25.11	-999	
3246	369566	13	-999	-999	-999	-999	-999	-999	
3248	369837	13	-999	-999	-999	-999	-999	-999	
3250	370108	13	12.209	0.039	3.935	4.018	26.2	-999	
3252	370378	12	-999	-999	-999	-999	-999	-999	
3254	370649	11	-999	-999	-999	-999	-999	-999	
3255	370785	-999	-999	-0.199	4.043	4.134	26.52	-999	
3256	370920	12	-999	-999	-999	-999	-999	-999	
3258	371191	12	-999	-999	-999	-999	-999	-999	
3260	371462	12	12.771	-0.183	4.083	3.881	25.82	-999	
3262	371732	12	-999	-999	-999	-999	-999	-999	
3264	372003	12	-999	-999	-999	-999	-999	-999	
3265	372138	-999	-999	-0.442	4.068	3.81	25.61	-999	
3266	372274	12	-999	-999	-999	-999	-999	-999	
3268	372545	11	-999	-999	-999	-999	-999	-999	
3270	372815	10	13.006	-0.508	4.074	3.659	25.16	-999	
3272	373086	10	-999	-999	-999	-999	-999	-999	
3274	373357	11	-999	-999	-999	-999	-999	-999	
3275	373492	-999	-999	-0.312	4.04	3.653	25.15	-999	
3276	373628	11	-999	-999	-999	-999	-999	-999	
3278	373898	7	-999	-999	-999	-999	-999	-999	
3280	374169	8	15.655	-0.675	3.755	3.884	25.83	-999	
3282	374440	8	-999	-999	-999	-999	-999	-999	
3284	374711	9	-999	-999	-999	-999	-999	-999	
3285	374846	-999	-999	-0.437	4.012	3.711	25.32	-999	
3286	374982	8	-999	-999	-999	-999	-999	-999	
3288	375252	9	-999	-999	-999	-999	-999	-999	
3290	375523	7	15.461	-0.101	4.018	3.606	25	-999	
3292	375794	7	-999	-999	-999	-999	-999	-999	
3294	376065	5	-999	-999	-999	-999	-999	-999	
3295	376200	-999	-999	-0.199	3.878	3.527	24.76	-999	
3296	376335	5	-999	-999	-999	-999	-999	-999	
3298	376606	6	20.766	-0.523	3.824	4.208	26.72	-999	
3300	376877	8	-999	-999	-999	-999	-999	-999	
3302	377148	8	-999	-0.675	3.837	3.65	25.14	-999	
3304	377418	10	-999	-999	-999	-999	-999	-999	
3305	377554	-999	10.594	-0.62	3.969	3.966	26.06	-999	
3306	377689	11	-999	-999	-999	-999	-999	-999	
3308	377960	9	-999	-999	-999	-999	-999	-999	
3310	378231	9	-999	-0.516	3.765	3.53	24.77	-999	
3312	378502	9	-999	-999	-999	-999	-999	-999	
3314	378772	8	-999	-999	-999	-999	-999	-999	
3315	378908	-999	13.968	-0.058	3.551	3.634	25.09	-999	
3316	379043	8	-999	-999	-999	-999	-999	-999	
3318	379314	8	-999	-999	-999	-999	-999	-999	
3320	379585	9	-999	-0.249	3.566	3.508	24.7	-999	
3322	379855	7	-999	-999	-999	-999	-999	-999	
3324	380126	8	-999	-999	-999	-999	-999	-999	
3325	380262	-999	11.83	-0.529	3.727	3.757	25.46	-999	
3326	380397	7	-999	-999	-999	-999	-999	-999	
3328	380668	7	-999	-999	-999	-999	-999	-999	
3330	380938	7	-999	-0.183	3.701	3.618	25.04	-999	
3332	381209	7	-999	-999	-999	-999	-999	-999	
3334	381480	6	-999	-999	-999	-999	-999	-999	
3335	381615	-999	15.965	-0.515	3.655	3.903	25.88	-999	
3336	381751	7	-999	-999	-999	-999	-999	-999	
3338	382022	6	-999	-999	-999	-999	-999	-999	
3340	382292	6	-999	-0.413	3.604	3.702	25.29	-999	
3342	382563	7	-999	-999	-999	-999	-999	-999	
3344	382834	7	-999	-999	-999	-999	-999	-999	
3345	382969	-999	10.282	-0.826	3.582	3.836	25.69	-999	
3346	383105	8	-999	-999	-999	-999	-999	-999	
3348	383375	7	-999	-999	-999	-999	-999	-999	
3350	383646	7	-999	-0.611	3.639	4.094	26.41	-999	
3352	383917	6	-999	-999	-999	-999	-999	-999	
3354	384188	1	-999	-999	-999	-999	-999	-999	
3355	384323	-999	13.586	-0.339	3.655	3.744	25.42	-999	
3356	384458	6	-999	-999	-999	-999	-999	-999	
3358	384729	4	-999	-999	-999	-999	-999	-999	
3360	385000	3	-999	-0.732	3.753	4.247	26.82	-999	
3362	385533	5	-999	-999	-999	-999	-999	-999	
3364	386067	3	-999	-999	-999	-999	-999	-999	
3365	386333	-999	12.026	-0.365	3.63	3.729	25.37	-999	
3366	386600	3	-999	-999	-999	-999	-999	-999	
3368	387133	3	-999	-999	-999	-999	-999	-999	
3370	387667	3	-999	-0.595	3.496	4.403	27.22	-999	
3372	388200	2	-999	-999	-999	-999	-999	-999	
3374	388733	1	-999	-999	-999	-999	-999	-999	
3375	389000	-999	10.103	-0.105	3.576	4.033	26.25	-999	
3376	389267	2	-999	-999	-999	-999	-999	-999	
3378	389800	2	-999	-999	-999	-999	-999	-999	
3380	390333	2	-999	-0.279	3.418	4.151	26.57	-999	
3382	390867	0	-999	-999	-999	-999	-999	-999	
3384	391400	2	-999	-999	-999	-999	-999	-999	
3385	391667	-999	10.594	-0.221	3.477	4.419	27.26	-999	
3386	391933	2	-999	-999	-999	-999	-999	-999	
3388	392467	2	-999	-999	-999	-999	-999	-999	
3390	393000	1	-999	-0.912	3.441	3.881	25.82	-999	
3392	393533	1	-999	-999	-999	-999	-999	-999	
3394	394067	0	-999	-999	-999	-999	-999	-999	
3395	394333	-999	10.67	-0.742	3.46	4.092	26.41	-999	
3396	394600	2	-999	-999	-999	-999	-999	-999	
3398	395133	1	-999	-999	-999	-999	-999	-999	
3400	395667	3	-999	-0.891	2.951	3.847	25.72	-999	
3402	396200	0	-999	-999	-999	-999	-999	-999	
3404	396733	1	-999	-999	-999	-999	-999	-999	
3405	397000	-999	9.882	-0.767	2.766	4.087	26.39	-999	
3406	397267	1	-999	-999	-999	-999	-999	-999	
3408	397800	0	-999	-999	-999	-999	-999	-999	
3410	398333	1	-999	-0.368	2.952	3.692	25.26	-999	
3412	398867	2	-999	-999	-999	-999	-999	-999	
3414	399400	3	-999	-999	-999	-999	-999	-999	
3415	399667	-999	8.479	-0.643	2.802	3.861	25.76	-999	
3416	399933	2	-999	-999	-999	-999	-999	-999	
