Eastern Tropical Indian Ocean 133KYr Ocean Temperature Reconstructions 
----------------------------------------------------------------------- 
               World Data Center for Paleoclimatology, Boulder 
                                  and 
                     NOAA Paleoclimatology Program 
----------------------------------------------------------------------- 
NOTE: PLEASE CITE ORIGINAL REFERENCE WHEN USING THIS DATA!!!!! 


NAME OF DATA SET: 
Eastern Tropical Indian Ocean 133KYr Ocean Temperature Reconstructions 
LAST UPDATE: 5/2011 (Original receipt by WDC Paleo) 
CONTRIBUTORS: Mohtadi, M., A. Lückge, S. Steinke, J. Groeneveld, 
D. Hebbeln, and N. Westphal. 
IGBP PAGES/WDCA CONTRIBUTION SERIES NUMBER: 2011-063 


WDC PALEO CONTRIBUTION SERIES CITATION: 
Mohtadi, M., et al. 2011. 
Eastern Tropical Indian Ocean 133KYr Ocean Temperature Reconstructions. 
IGBP PAGES/World Data Center for Paleoclimatology 
Data Contribution Series # 2011-063. 
NOAA/NCDC Paleoclimatology Program, Boulder CO, USA. 


ORIGINAL REFERENCES: 
Mohtadi, M., A. Lückge, S. Steinke, J. Groeneveld, D. Hebbeln, 
and N. Westphal. 2010. 
Late Pleistocene surface and thermocline conditions 
of the eastern tropical Indian Ocean. 
Quaternary Science Reviews, Vol. 29, Issues 7-8, April 2010, 
pp. 887-896.  doi:10.1016/j.quascirev.2009.12.006 

Mohtadi, M., S. Steinke, A. Lückge, J. Groeneveld, 
and E.C. Hathorne. 2010. 
Glacial to Holocene surface hydrography of the tropical 
eastern Indian Ocean. 
Earth and Planetary Science Letters, Vol. 292, pp. 89-97. 
doi:10.1016/j.epsl.2010.01.024 

ABSTRACT (Mohtadi et al. 2010 QSR 29:887): 
Surface and thermocline conditions of the eastern tropical 
Indian Ocean were reconstructed through the past glacial- 
interglacial cycle by using Mg/Ca and alkenone-paleothermometry, 
stable oxygen isotopes of calcite and seawater, and terrigenous 
fraction performed on sediment core GeoB 10038-4 off SW Sumatra 
(~6°S, 103°E, 1819 m water depth). Results show that annual mean 
surface and thermocline temperatures varied differently and 
independently, and suggest that surface temperatures have been 
responding to southern high-latitude climate, whereas the more 
variable thermocline temperatures were remotely controlled by 
changes in the thermocline temperatures of the North Indian Ocean. 
Except for glacial terminations, salinity proxies indicate that 
changing intensities of the boreal summer monsoon did not 
considerably affect annual mean conditions off Sumatra during 
the past 133,000 years. Our results do not show a glacial- 
interglacial pattern in the thermocline conditions and reject 
a linear response of the tropical Indian Ocean thermocline to 
mid- and high-latitude climate change.  Alkenone-based surface 
temperature estimates varied in line with the terrigenous 
fraction of the sediment and the East Asian winter monsoon 
proxy records at the precession band suggestive of monsoon 
(sea level) to be the dominant control on alkenone temperatures 
in the eastern tropical Indian Ocean on sub-orbital (glacial- 
interglacial) timescales. 



ADDITIONAL REFERENCES: 
Anand, P., H. Elderfield, and M.H. Conte. 2003. 
Calibration of Mg/Ca thermometry in planktonic foraminifera 
from a sediment trap time series. 
Paleoceanography, Vol. 18, doi:10.1029/2002PA000846. 

Conte, M.H., M.-A. Sicre, C. Ruehlemann, J.C. Weber, S. Schulte, 
D. Schulz-Bull, and T. Blanz. 2006. 
Global temperature calibration of the alkenone unsaturation index 
(UK037) in surface waters and comparison with surface sediments. 
Geochemistry, Geophysics, Geosystems 7, Q02005. 
doi:02010.01029/02005GC001054. 

Jöris, O. and B. Weninger. 1998. 
Extension of the 14C calibration curve to ca. 40, 000 cal BC 
by synchronizing Greenland 18O/16O ice core records and North 
Atlantic foraminifera profiles: A comparison with U/Th coral data. 
Radiocarbon, Vol. 40 (1), 495-504. 

Lisiecki, L.E. and M.E. Raymo. 2005. 
A Pliocene-Pleistocene stack of 57 globally distributed benthic 
d18O records. 
Paleoceanography 20, PA1003. doi:1010.1029/2004PA001071. 



GEOGRAPHIC REGION: Eastern Tropical Indian Ocean 
PERIOD OF RECORD: 133 KYrBP - present 

FUNDING SOURCES: 
German Bundesministerium für Bildung und Forschung project "PABESIA", 
MARUM fellowships. 



DESCRIPTION: 
Foraminiferal oxygen isotope (d18O) and Mg/Ca data, alkenone (UK'37) 
concentration data, plus reconstructed surface and thermocline 
temperatures via Mg/Ca and alkenone calibrations for a Indo-Pacific 
Warm Pool core for the last 133,000 years.  Foraminifer species include 
Cibicidoides wuellerstorfi, Globigerinoides ruber (sensu stricto), 
and Neogloboquadrina dutertrei. 
  
Core Location: 
GeoB 10038-4: 5°56.25'S, 103°14.76'E, 1819m water depth 





DATA: 
Mohtadi et al 2010 Core GeoB 10038-4 foram SST data

* AMS 14C dates converted to calendar ages using the CALPAL2007-Hulu calibration (Joeris and Weninger, 1998) 
** tiepoints to LR04 stack (Lisiecki and Raymo, 2005) 
Mg/Ca ratios are converted to temperatures using the Anand et al. (2003) equations for 250-350 µm (G. ruber) 
and for 350-500 µm (N. dutertrei) 
Alkenone temperatures are calculated using the Conte et al. (2006) equation 

Depth   Cal.Age  d18OP.w  d18OG.r   Mg/CaG.r   SST G.r    UK'37    AlkSST  d18ON.d  Mg/CaN.d    Thermocline Temp.
[cm]    [kyrBP]   [‰PDB]   [‰PDB]  [mmol/mol]   [°C]      [ppm]      [°C]   [‰PDB]  [mmol/mol]  [°C]
                                             Anand2003            Conte2006                     Anand2003
0         0.00             -3.07     4.78      25.91      0.978       28    -1.91     2.35      21.42
3         0.44     2.32    -2.64     4.34      24.96      0.975     27.9    -1.42     1.87      18.87
8         0.91     2.80    -2.88     4.35      24.99      0.969     27.8    -1.59     1.55      16.78
13        1.38     1.54    -2.35     4.53      25.40      0.976     28.0    -2.02     1.73      18.03
18        1.86     1.89    -2.65     4.39      25.07      0.968     27.7    -1.42     1.64      17.45
23        2.33     2.46    -2.82     4.33      24.95      0.960     27.5    -1.75     1.78      18.31
28        2.80     2.51    -2.74     4.07      24.34      0.955     27.3    -1.71     1.82      18.56
33        3.27     2.61    -2.67     4.17      24.57      0.958     27.4    -1.01     1.48      16.30
38        3.75     2.06    -2.65     4.05      24.28      0.958     27.4    -1.01     1.58      16.99
43        4.22     2.09    -2.61     4.28      24.82      0.958     27.4    -1.15     1.76      18.23
48        4.69     2.44    -2.35     3.84      23.76      0.958     27.4    -1.38     1.76      18.18
53        5.16     2.58    -2.53     4.22      24.69      0.961     27.5    -1.31     1.59      17.10
58        5.64     1.84    -2.53                          0.958     27.4    -1.06     1.52      16.55
63        6.11     2.54    -2.75     4.06      24.30      0.957     27.4    -1.56     1.62      17.31
68        6.58     2.29    -2.34     3.99      24.14      0.943     26.9    -0.72     1.68      17.67
73        7.05     2.66    -2.37     3.91      23.94      0.946     27.0    -0.45     1.46      16.13
78        7.53     2.66    -2.25     3.90      23.92      0.935     26.7    -0.55     1.72      17.93
83        8.00     2.43    -2.40     4.25      24.76      0.941     26.9    -0.85     1.89      19.00
88        8.47     2.71    -2.64     4.02      24.21      0.942     26.9    -0.63     1.61      17.19
93        9.08     2.72    -2.37     3.96      24.08      0.931     26.6    -0.89     1.84      18.72
98        9.70     2.54    -2.32     3.84      23.75      0.922     26.3    -0.43     1.84      18.73
103      10.31     2.70    -2.10     4.03      24.24      0.906     25.9    -0.59     1.99      19.55
108      10.93     2.19    -1.65     3.91      23.94      0.917     26.2    -0.07     1.89      18.97
113      11.54     2.80    -1.83     3.93      24.00      0.910     26.0    -0.46     1.80      18.47
118      12.16     2.77    -1.53     4.16      24.55      0.907     25.9    -0.74     2.08      20.06
123      12.77     3.10    -1.28     3.96      24.07      0.902     25.8     0.00     2.33      21.30
128      13.39     2.89    -1.79     3.85      23.80      0.901     25.7    -0.28     2.16      20.46
133      14.00     3.42                                   0.879     25.1     0.17     2.09      20.13
138      14.62     3.43    -1.27     3.72      23.46      0.896     25.6    -0.33     1.97      19.46
143      15.23     3.47    -0.83     3.90      23.91      0.891     25.5     0.34     2.22      20.79
148      15.82     3.44    -1.06     3.84      23.77      0.901     25.8     0.12     2.39      21.59
153      16.42     3.32    -0.86     3.85      23.78      0.912     26.0     0.33     2.15      20.43
158      17.01     3.92    -0.95     3.67      23.33      0.920     26.3     0.72     2.10      20.14
163      17.61     3.62    -0.78     3.84      23.77      0.910     26.0     0.67     2.07      20.03
168      18.20     3.72    -0.87     3.64      23.25      0.908     25.9     0.90     1.87      18.89
173      18.79     3.91    -0.47     3.48      22.80      0.922     26.3    -0.14     2.07      20.03
178      19.39     4.05    -0.95     3.31      22.32      0.922     26.3     0.10     2.17      20.52
183      19.98     3.94    -0.73     3.41      22.61      0.923     26.4     0.29     2.18      20.56
188      20.58     4.09    -0.75     3.83      23.75      0.930     26.6     0.46     2.23      20.82
193      21.17     3.85    -0.34     3.91      23.94      0.935     26.7     0.33     2.18      20.58
198      21.94     3.98    -0.71     3.74      23.50      0.936     26.7     0.36     2.21      20.72
203      22.72     3.85    -1.03     3.47      22.76      0.934     26.7     0.72     2.30      21.17
208      23.49     3.98    -0.65     3.56      23.01      0.933     26.7     0.11     2.13      20.33
213      24.26     3.49    -0.84     3.67      23.33      0.938     26.8     0.46     2.33      21.30
218      24.88     4.01    -1.11     3.42      22.63      0.924     26.4     0.15     2.26      21.00
223      25.65     3.76    -0.62     3.45      22.71      0.913     26.1     0.30     2.28      21.08
228      26.43     4.10    -0.83     3.62      23.19      0.917     26.2     0.11     2.30      21.18
233      27.20     4.00    -0.73     3.30      22.28      0.908     25.9     0.02     2.09      20.14
238      27.87     3.72    -0.74     3.74      23.52      0.926     26.5     0.21     2.08      20.08
243      28.54     4.01    -1.15     3.93      23.99      0.926     26.4     0.11     1.80      18.47
248      29.21     3.79    -1.04     3.68      23.35      0.914     26.1     0.00     1.86      18.81
253      29.88     3.45    -0.57     3.40      22.56      0.919     26.2     0.88     1.84      18.69
258      30.54     3.57    -1.15     3.35      22.43      0.915     26.1    -0.49     1.81      18.51
263      31.21     3.68    -0.87     3.24      22.11      0.915     26.1    -0.17     2.00      19.63
268      31.88     3.78    -0.95     3.83      23.75      0.922     26.3     0.41     1.66      17.58
273      32.55     3.46    -0.70     3.47      22.78      0.924     26.4    -0.08     1.68      17.70
278      33.43     3.89    -0.89     3.60      23.12      0.906     25.9     0.58     1.80      18.45
283      34.31     3.69    -1.16     3.51      22.89      0.913     26.1     0.32     1.67      17.61
288      35.19     3.63    -1.36     3.92      23.97      0.908     25.9     0.79     1.76      18.18
293      36.07             -0.89     3.70      23.41      0.915     26.1     0.11     1.68      17.69
298      36.95     3.66    -1.15     3.64      23.23      0.912     26.1    -0.06     1.60      17.18
303      37.83     3.53    -1.34     3.68      23.36      0.915     26.1    -0.40     1.57      16.90
308      38.71     3.54    -1.13     3.52      22.93      0.910     26.0     0.18     1.79      18.36
313      39.59     3.41    -1.14     3.66      23.31      0.925     26.4     0.12     1.67      17.61
323      40.47     3.49    -1.24     3.52      22.91      0.900     25.7     0.32
328      41.35     3.47    -1.01     3.78      23.61      0.887     25.4    -0.14     1.87      18.87
333      42.23     3.54    -1.20     3.64      23.24      0.883     25.2     0.02     1.57      16.93
338      43.11     3.37    -0.87     3.50      22.86      0.886     25.3     0.23     1.66      17.55
343      43.99     3.37    -1.02     3.70      23.39      0.874     25.0     0.31     1.81      18.50
348      44.87     3.45    -0.94     3.67      23.33      0.877     25.1     0.02     1.72      17.93
353      45.75     3.63    -0.87     3.54      22.96      0.880     25.2     0.12     1.48      16.27
358      46.63     3.56    -1.36     3.35      22.42      0.890     25.4    -0.09     1.56      16.83
363      47.51     3.47    -1.37     3.82      23.73      0.893     25.5    -0.25     1.63      17.35
368      48.39     3.51    -1.07     3.56      23.03      0.888     25.4    -0.29     1.80      18.48
373      49.28     3.62    -1.60     3.81      23.70      0.879     25.1     0.27     1.68      17.70
378      50.16     3.50    -1.53     3.69      23.38      0.881     25.2    -0.01     1.76      18.18
383      51.04     3.43    -1.22     3.44      22.70      0.910     26.0    -0.78     1.57      16.92
388      51.92     3.48    -1.05     3.60      23.12      0.874     25.0    -0.24     1.62      17.29
393      52.80     3.34    -1.30     3.28      22.22      0.864     24.7     0.00     1.37      15.44
398      53.68     3.41    -1.08     3.91      23.94      0.851     24.4    -0.18     1.41      15.73
403      54.56     3.50    -1.46     3.55      23.00      0.858     24.6    -0.08     2.00      19.63
408      55.44     3.06    -1.28     3.51      22.90      0.856     24.5    -0.35     1.43      15.90
413      56.32     3.06    -0.89     3.69      23.38      0.838     24.1    -0.40     1.82      18.60
418      57.20     3.24    -0.89     4.29      24.85      0.817     23.5    -0.20     1.92      19.18
423      58.08     3.20    -1.08     3.91      23.94      0.825     23.7     0.02     1.99      19.55
428      58.96     3.54    -0.68     3.47      22.76      0.818     23.6     0.50     2.10      20.18
433      59.84     3.50    -0.88     3.80      23.67      0.880     25.2     0.41     1.36      15.38
438      60.72     3.69    -0.74     3.82      23.72      0.891     25.5     0.12     1.72      17.92
443      61.60     3.70    -0.94     3.47      22.79      0.892     25.5    -0.01     1.54      16.69
448      62.48     3.74    -1.02     3.29      22.26      0.898     25.7     0.11     1.52      16.58
453      63.36     3.59    -1.01     3.93      24.00      0.907     25.9     0.20     1.72      17.95
458      64.24     3.76              3.73      23.48      0.902     25.8     0.36     1.53      16.66
463      65.12     3.70    -1.15     3.74      23.52      0.923     26.4     0.00     1.75      18.11
468      66.00     3.82    -0.99     3.91      23.93      0.940     26.9    -0.04     2.08      20.07
473      67.03     3.49    -1.07     3.65      23.28      0.916     26.2     0.30     1.98      19.50
478      68.05     3.75    -1.32     3.81      23.69      0.946     27.1     0.01     1.77      18.25
483      69.08     3.21    -1.08     3.44      22.68      0.949     27.1     0.01     1.48      16.30
488      70.10     3.32    -1.58     4.22      24.70      0.966     27.7    -0.14     2.15      20.45
493      71.13     3.45    -1.65     4.31      24.89      0.958     27.4    -0.71     1.98      19.49
498      72.15     3.44    -1.54     4.22      24.70      0.973     27.9    -0.74     2.17      20.54
503      73.18     3.44    -1.31     3.93      23.99      0.964     27.6    -0.53     1.91      19.09
513      74.46     3.03    -2.17     4.29      24.86      0.955     27.3    -0.61     1.96      19.40
518      75.04     2.77    -1.42     4.10      24.40      0.947     27.1    -0.52     2.17      20.51
523      75.61     2.67    -1.78     3.76      23.55      0.949     27.1    -0.75     2.18      20.60
528      76.19     3.18    -1.84     3.99      24.14                        -0.90     1.76      18.21
533      76.76     3.06    -1.96     3.92      23.96      0.948     27.1    -0.72     2.47      21.98
538      77.34     3.04    -2.17     3.96      24.07      0.942     26.9    -0.59     2.43      21.80
543      77.91     3.06    -1.90     3.90      23.92      0.938     26.8    -0.80     2.35      21.42
548      78.49     3.12    -1.94     3.97      24.08      0.925     26.4    -0.67     2.27      21.05
553      79.06     3.03    -2.29     3.93      23.99      0.927     26.5    -1.06     2.14      20.37
558      79.64     2.85    -2.37     4.03      24.24      0.923     26.4    -0.50     2.34      21.38
563      80.21     3.21    -2.06     4.20      24.64      0.930     26.6    -0.88     2.16      20.50
568      80.79     2.97    -1.99     4.46      25.25      0.925     26.4    -0.79     2.05      19.90
573      81.36     3.09    -1.97     4.04      24.27      0.895     25.6    -0.72     3.17      24.76
578      81.94     2.98    -2.38     4.72      25.80      0.897     25.6    -1.06     1.97      19.46
583      82.51     2.84    -2.14     3.77      23.58      0.901     25.7    -0.37     2.10      20.19
593      83.09     3.05    -1.95     4.36      25.02      0.963     27.6    -0.69     2.44      21.81
598      83.55     2.99    -1.50     4.31      24.89      0.970     27.8    -0.46     2.17      20.54
603      84.12     2.98    -1.35     4.14      24.50      0.964     27.6    -0.68     2.72      23.05
608      84.70     3.34    -1.19     4.20      24.65      0.956     27.4    -0.79     2.45      21.87
613      85.27     3.34    -1.54     3.70      23.40      0.964     27.6     0.05     1.58      17.00
618      85.85     2.71    -1.54     4.08      24.37      0.963     27.6    -0.22     2.29      21.15
623      86.42     3.32    -1.59     4.01      24.19      0.975     27.9    -0.49     2.33      21.30
628      87.00     3.51    -2.14     4.35      24.99      0.976     28.0    -0.70     2.03      19.80
633      87.71     3.16    -1.46     4.15      24.52      0.980     28.1    -0.72     1.76      18.20
638      88.43     2.97    -1.56     4.10      24.41      0.985     28.3    -0.44     2.16      20.48
643      89.14     3.24    -1.87     4.35      24.98      0.985     28.3    -0.77     2.85      23.54
648      89.86     3.03    -1.80     4.20      24.65      0.984     28.3    -0.65     1.77      18.26
653      90.57     3.13    -1.78     4.45      25.20      0.981     28.1    -0.85     2.36      21.45
658      91.29             -1.76     4.50      25.31      0.979     28.1    -0.65     2.27      21.03
663      92.00     3.09    -1.95     4.58      25.49      0.981     28.1    -0.96     3.05      24.31
668      92.43     3.02    -1.94     4.24      24.75      0.973     27.9    -0.48     2.11      20.23
673      93.14     3.12    -1.93     4.23      24.72      0.964     27.6    -0.37     2.45      21.90
678      93.86     2.95    -1.83     4.37      25.04      0.964     27.6    -0.79     2.13      20.35
683      94.57     3.06    -1.99     3.96      24.08      0.957     27.4    -0.52     1.99      19.54
688      95.29     3.03    -1.96     4.06      24.31      0.962     27.5    -0.67     2.12      20.28
693      96.00     2.70    -1.92     4.37      25.02      0.968     27.7    -0.87     2.38      21.56
698      97.08     3.10    -2.11     4.26      24.79      0.967     27.7    -0.87     1.94      19.30
703      98.17     3.13    -2.28     3.75      23.55      0.971     27.8    -1.11     2.30      21.18
708      99.25     3.25    -1.91     3.89      23.88      0.969     27.8    -0.89     1.92      19.18
713     100.33     3.18    -2.11     4.13      24.47      0.965     27.6    -0.91     2.05      19.91
718     101.42     3.19    -2.20     4.68      25.71      0.964     27.6    -0.49     2.03      19.78
723     102.50     2.82    -2.08     4.24      24.74      0.962     27.5    -0.58     2.48      22.02
728     103.58     3.01    -2.07     4.76      25.87      0.972     27.9    -0.85     2.11      20.22
733     104.67     3.10    -2.15     4.71      25.77      0.955     27.3    -1.14     1.87      18.86
738     105.75     3.02    -1.57     4.22      24.69      0.961     27.5    -0.86     2.29      21.11
743     106.83     2.92    -1.62     4.03      24.23      0.957     27.4    -0.71     1.84      18.69
748     107.92     3.16    -1.33     4.12      24.46      0.958     27.4    -0.18     1.71      17.86
753     109.00     3.37    -2.35     4.24      24.73      0.965     27.6    -1.07     2.05      19.91
758     109.69     3.21    -2.35     4.21      24.66      0.969     27.7    -0.50     2.12      20.25
763     110.37     3.04    -2.14     4.60      25.54      0.954     27.3    -0.92     2.21      20.75
768     111.06     3.00    -1.97     4.58      25.49      0.968     27.7    -0.87     2.12      20.30
773     111.75     2.79    -1.89     4.30      24.89      0.971     27.8    -0.96     2.17      20.54
778     112.43     3.24    -1.88     4.31      24.91      0.979     28.1    -0.59     1.98      19.50
783     113.12     3.12    -1.80     4.61      25.56      0.985     28.3    -1.27     2.48      22.01
788     113.80     3.30    -2.19     4.40      25.10      0.987     28.3    -1.07     2.50      22.09
793     114.49     3.00    -2.09     4.91      26.19      0.990     28.4    -1.32     2.90      23.75
798     115.18     2.64    -1.89     4.50      25.33      0.991     28.5    -1.36     3.07      24.38
803     115.86     2.98              4.12      24.46      0.989     28.4    -0.45     2.66      22.79
808     116.55     2.66    -2.28     5.13      26.61      0.983     28.2    -1.68     2.40      21.65
813     117.24     2.62    -2.29     4.45      25.20      0.986     28.3    -1.39     2.31      21.22
818     117.92     2.64    -2.35     4.89      26.14      0.988     28.4    -0.41     2.25      20.94
823     118.61     2.78    -2.39     4.51      25.35      0.986     28.3    -1.26     1.98      19.52
833     119.57     2.47              4.83      26.02      0.988     28.4    -1.38     2.22      20.77
838     120.25     2.60    -2.29     4.84      26.03      0.990     28.4    -1.02     2.40      21.63
843     120.94     2.43    -2.56     4.80      25.96      0.988     28.4    -1.18     2.44      21.85
848     121.63     2.49    -2.80     4.90      26.16      0.989     28.4    -1.16     2.40      21.66
850     121.90             -3.03
852     122.18             -2.80
853     122.31     2.64    -2.55     4.39      25.09      0.984     28.2    -0.80     2.05      19.88
854     122.45             -2.91
856     122.73             -2.43
858     123.00     2.23    -2.33     4.55      25.42      0.979     28.1    -1.13     2.61      22.60
860     123.35             -2.48
862     123.70             -2.51
863     123.88     2.32    -2.28     4.95      26.25      0.979     28.1    -1.02     2.63      22.65
864     124.05             -2.27
866     124.40             -2.24
868     124.75     2.36    -1.80     4.79      25.93      0.978     28.0    -0.15     2.68      22.87
870     125.10             -2.41
872     125.45             -1.24
873     125.63     2.33    -1.60     4.46      25.23      0.979     28.1    -0.76     2.28      21.05
874     125.80             -1.29
876     126.15             -1.76
878     126.50     2.39    -1.14     4.49      25.30      0.977     28.0    -0.18     2.49      22.04
880     126.85             -1.45
882     127.20             -1.30
883     127.38     2.58    -0.91     4.40      25.10      0.979     28.1    -0.45     2.73      23.08
884     127.55             -0.97
886     127.90             -1.13
887     128.08             -0.87                          0.969
888     128.25     3.23    -0.95     4.39      25.08      0.966     27.7    -0.08     2.52      22.20
889     128.43             -0.93
890     128.60             -1.20     4.46      25.24
891     128.78             -1.16
892     128.95             -1.36
893     129.13     3.20    -0.73     4.07      24.35      0.967     27.7     0.09     2.62      22.63
894     129.30             -1.04
895     129.48             -1.14
896     129.65             -1.01     4.24      24.75      0.960     27.5              2.30      21.17
897     129.83             -1.40
898     130.00     2.46    -1.04     4.50      25.32      0.958     27.4    -0.10     2.55      22.34
899     130.18             -0.69
900     130.35             -0.81                          0.959     27.4
901     130.53             -0.97     4.24      24.74                                  2.33      21.34
902     130.70             -1.10                          0.958     27.4
903     130.88     3.74    -0.94     4.28      24.83                         0.20     2.53      22.24
904     131.05             -0.90                          0.955     27.3
905     131.23             -1.52
906     131.40             -0.89     4.43      25.17                                  2.54      22.26

