# NOAA Paleoclimatology Program - Paleocean Site Data
# odp1172a-tab.txt
# Complete Data
# File Created: 14-Aug-2007
#
#*********************************************************************************
# Please cite the contributor and the original publications when using these data
#*********************************************************************************
#
# Missing Values indicated by '-999'
#
# PI:             Dirk Nuernberg
# Core/Site:      ODP1172A
# Latitude:       43.57.35S	( -43.95972)
# Longitude:      49.55.42E	( 49.92833)
# Water Depth(m): 2622
#
# Publications:
#   Nuernberg, D. and J. Groeneveld.  2006. Pleistocene variability of the Subtropical
#     Convergence at East Tasman Plateau: Evidence from planktonic foraminiferal Mg/Ca
#     (ODP Site 1172A). Geochemistry, Geophysics, Geosystems, V. 7, Q04P11
#------------------
#
# Description & Notes:
#   Tasman Sea (ODP1172A) d18O and Mg/Ca Data and SST Reconstruction
#   SST: Mashiotta et al., 1999
#
# Variables:
#             depth         Depth (cm)
#             yrBP          radiocarbon years B.P. (Libby half-life; B.P. = 1950)
#             d18Og.bull    delta O18 PDB (Globigerina bulloides)
#             Mg/Ca-g.bull  Magnesium/Calcium ratio (Globigerina Bulloides)
#             sst-mg/ca     Sea surface temperature from Mg/Ca
#             d18Oc.wuell   delta O18 PDB (Cibicidoides wuellerstorfi)
#
# CORE: ODP1172A
depth	yrBP 	d18Og.bull	Mg/Ca-g.bull	sst-mg/ca	d18Oc.wuell	notes
-999	-999	2.478	1.58	11.3	-999	2-3-148
0	0	-999	-999	-999	2.41	1-1-000
3	2105	2.323	1.47	10.6	-999	1-1-003
5	3626	-999	-999	-999	2.83	1-1-005
8	5900	1.987	1.66	11.7	-999	1-1-008
10	7420	-999	-999	-999	2.39	1-1-010
13	9695	2.664	1.34	9.7	-999	1-1-013
15	11220	-999	-999	-999	2.45	1-1-015
18	13500	3.132	1.59	11.3	-999	1-1-018
23	17290	3.207	1.48	10.6	-999	1-1-023
25	18806	-999	-999	-999	3.66	1-1-025
28	21080	3.445	1.32	9.6	-999	1-1-028
30	22600	-999	-999	-999	3.82	1-1-030
33	24880	3.04	1.48	10.6	-999	1-1-033
35	26916	-999	-999	-999	3.6	1-1-035
38	29970	3.069	1.39	10.1	-999	1-1-038
40	32358	-999	-999	-999	3.84	1-1-040
43	35940	3.068	1.38	10	-999	1-1-043
45	38324	-999	-999	-999	3.55	1-1-045
48	41900	2.982	1.33	9.6	-999	1-1-048
50	44288	-999	-999	-999	3.33	1-1-050
53	47865	3.028	1.5	10.8	-999	1-1-053
55	50250	-999	-999	-999	3.65	1-1-055
58	53820	2.861	1.41	10.2	-999	1-1-058
60	56212	-999	-999	-999	3.5	1-1-060
63	59795	2.828	1.39	10.1	-999	1-1-063
65	62184	-999	-999	-999	3.44	1-1-065
68	65760	3.042	1.29	9.4	-999	1-1-068
70	67596	-999	-999	-999	3.73	1-1-070
73	70345	3.408	1.33	9.6	-999	1-1-073
75	71818	-999	-999	-999	3.55	1-1-075
78	74020	2.938	1.4	10.1	-999	1-1-078
83	77700	2.89	1.32	9.6	-999	1-1-083
85	79172	-999	-999	-999	3.2	1-1-085
88	81380	2.324	1.56	11.1	-999	1-1-088
90	82780	-999	-999	-999	3.1	1-1-090
93	84875	2.322	1.48	10.6	-999	1-1-093
95	86280	-999	-999	-999	3.12	1-1-095
98	88380	2.429	1.56	11.1	-999	1-1-098
100	89784	-999	-999	-999	3.1	1-1-100
103	91885	2.786	1.47	10.6	-999	1-1-103
105	93286	-999	-999	-999	3.05	1-1-105
108	95380	2.859	1.37	9.9	-999	1-1-108
110	96784	-999	-999	-999	2.71	1-1-110
113	98890	2.469	1.49	10.7	-999	1-1-113
115	100290	-999	-999	-999	3.02	1-1-115
118	102390	2.125	1.48	10.6	-999	1-1-118
123	105895	2.337	1.57	11.2	-999	1-1-123
125	107296	-999	-999	-999	2.95	1-1-125
128	109390	2.621	1.5	10.8	-999	1-1-128
130	110910	-999	-999	-999	3.09	1-1-130
133	113190	2.627	1.59	11.3	-999	1-1-133
135	114878	-999	-999	-999	3.22	1-1-135
138	117410	2.323	1.75	12.2	-999	1-1-138
140	119170	-999	-999	-999	2.79	1-1-140
143	121808.3	2.135	1.74	12.2	-999	1-1-143
150	127956	-999	-999	-999	3.02	1-2-000
153	130591.7	3.005	1.49	10.7	-999	1-2-003
155	132170	-999	-999	-999	3.79	1-2-005
158	134540	3.152	1.59	11.3	-999	1-2-008
160	135860	-999	-999	-999	3.12	1-2-010
163	137840	3.396	1.49	10.7	-999	1-2-013
165	139160	-999	-999	-999	3.2	1-2-015
168	141140	3.448	1.46	10.5	-999	1-2-018
170	142368	-999	-999	-999	3.84	1-2-020
173	144205	3.276	1.54	11	-999	1-2-023
175	145374	-999	-999	-999	3.67	1-2-025
178	147120	3.296	1.29	9.4	-999	1-2-028
180	148284	-999	-999	-999	3.75	1-2-030
183	150025	3.211	1.57	11.2	-999	1-2-033
185	151194	-999	-999	-999	3.76	1-2-035
188	152940	3.419	1.42	10.3	-999	1-2-038
190	154108	-999	-999	-999	3.81	1-2-040
193	155855	3.448	1.45	10.4	-999	1-2-043
195	157020	-999	-999	-999	3.68	1-2-045
198	158760	3.56	1.46	10.5	-999	1-2-048
200	160140	-999	-999	-999	3.78	1-2-050
203	162210	3.256	1.51	10.8	-999	1-2-053
205	163730	-999	-999	-999	3.59	1-2-055
208	166010	3.31	1.27	9.2	-999	1-2-058
210	167494	-999	-999	-999	3.6	1-2-060
213	169715	3.211	1.43	10.3	-999	1-2-063
215	171024	-999	-999	-999	3.55	1-2-065
218	172980	2.923	1.34	9.7	-999	1-2-068
220	174288	-999	-999	-999	3.51	1-2-070
223	176245	3.115	1.28	9.3	-999	1-2-073
225	177558	-999	-999	-999	3.62	1-2-075
228	179520	3.096	1.33	9.6	-999	1-2-078
230	180828	-999	-999	-999	3.1	1-2-080
233	182785	3.164	1.25	9.1	-999	1-2-083
238	186060	2.371	1.44	10.4	-999	1-2-088
240	187476	-999	-999	-999	2.9	1-2-090
243	189600	2.402	1.51	10.8	-999	1-2-093
245	191468	-999	-999	-999	3.7	1-2-095
248	194270	2.731	1.34	9.7	-999	1-2-098
250	196142	-999	-999	-999	3.66	1-2-100
253	198945	2.787	1.6	11.4	-999	1-2-103
255	200814	-999	-999	-999	3.44	1-2-105
258	203610	2.612	1.52	10.9	-999	1-2-108
260	205482	-999	-999	-999	2.97	1-2-110
263	208285	2.356	1.53	11	-999	1-2-113
265	210158	-999	-999	-999	2.56	1-2-115
268	212960	2.974	1.55	11.1	-999	1-2-118
270	214828	-999	-999	-999	2.78	1-2-120
273	217625	2.803	1.42	10.3	-999	1-2-123
275	219454	-999	-999	-999	4.02	1-2-125
278	222190	2.587	1.35	9.8	-999	1-2-128
280	223978	-999	-999	-999	3.9	1-2-130
283	226660	3.5	1.23	8.9	-999	1-2-133
285	228500	-999	-999	-999	3.94	1-2-135
288	231260	3.124	1.24	9	-999	1-2-138
290	233180	-999	-999	-999	3.75	1-2-140
293	236060	3.236	1.22	8.8	-999	1-2-143
295	237984	-999	-999	-999	3.67	1-2-145
298	240870	2.858	1.38	10	-999	1-2-148
300	242790	-999	-999	-999	3.75	1-3-000
303	245670	2.888	1.35	9.8	-999	1-3-003
305	247590	-999	-999	-999	3.62	1-3-005
308	250470	2.563	1.42	10.3	-999	1-3-008
313	255275	2.169	1.54	11	-999	1-3-013
315	257200	-999	-999	-999	3.47	1-3-015
318	260080	3.142	1.28	9.3	-999	1-3-018
320	262000	-999	-999	-999	3.66	1-3-020
323	264875	2.704	1.27	9.2	-999	1-3-023
325	267208	-999	-999	-999	3.88	1-3-025
328	270700	2.677	1.38	10	-999	1-3-028
330	273304	-999	-999	-999	3.79	1-3-030
333	277210	2.517	1.47	10.6	-999	1-3-033
335	279814	-999	-999	-999	3.55	1-3-035
338	283720	2.432	1.47	10.6	-999	1-3-038
340	286328	-999	-999	-999	3.38	1-3-040
343	290235	2.541	1.22	8.8	-999	1-3-043
348	296750	1.792	1.5	10.8	-999	1-3-048
353	303260	1.92	1.42	10.3	-999	1-3-053
358	309770	2.382	1.4	10.1	-999	1-3-058
360	312378	-999	-999	-999	3.24	1-3-060
363	316285	2.857	1.48	10.6	-999	1-3-063
368	322800	2.447	1.48	10.6	-999	1-3-068
370	324120	-999	-999	-999	3.26	1-3-070
373	326100	2.486	1.46	10.5	-999	1-3-073
378	329200	3.385	1.94	13.2	-999	1-3-078
380	330932	-999	-999	-999	2.62	1-3-080
383	333525	3.387	1.3	9.4	-999	1-3-083
388	336730	3.21	1.41	10.2	-999	1-3-088
390	338018	-999	-999	-999	3.75	1-3-090
393	339950	3.022	1.27	9.2	-999	1-3-093
398	341620	3.482	1.29	9.4	-999	1-3-098
400	342132	-999	-999	-999	4.02	1-3-100
403	342895	3.395	1.25	9.1	-999	1-3-103
408	344180	3.071	1.35	9.8	-999	1-3-108
413	345455	3.097	1.3	9.4	-999	1-3-113
418	346740	3.484	1.25	9.1	-999	1-3-118
420	347252	-999	-999	-999	4.03	1-3-120
423	348015	3.438	1.39	10.1	-999	1-3-123
428	349300	3.204	1.29	9.4	-999	1-3-128
430	349812	-999	-999	-999	3.88	1-3-130
433	350580	3.23	1.26	9.1	-999	1-3-133
438	351860	2.955	1.38	10	-999	1-3-138
440	352372	-999	-999	-999	3.9	1-3-140
443	353140	2.928	1.4	10.1	-999	1-3-143
450	354932	-999	-999	-999	3.84	1-4-000
453	355704	2.714	1.4	10.1	-999	1-4-003
458	356970	2.724	1.37	9.9	-999	1-4-008
460	357486	-999	-999	-999	3.8	1-4-010
463	358260	2.466	1.48	10.6	-999	1-4-013
468	359580	2.405	1.42	10.3	-999	1-4-018
470	360116	-999	-999	-999	3.63	1-4-020
473	360920	2.802	1.37	9.9	-999	1-4-023
478	362260	2.717	1.23	8.9	-999	1-4-028
480	362796	-999	-999	-999	3.58	1-4-030
483	363600	2.768	1.41	10.2	-999	1-4-033
488	364940	2.961	1.44	10.4	-999	1-4-038
493	366280	2.808	1.59	11.3	-999	1-4-043
498	367620	2.588	1.47	10.6	-999	1-4-048
500	368156	-999	-999	-999	3.35	1-4-050
503	368955	1.971	1.34	9.7	-999	1-4-053
508	370300	2.228	1.28	9.3	-999	1-4-058
513	371630	3.02	1.47	10.6	-999	1-4-063
518	372980	2.985	1.53	11	-999	1-4-068
520	373512	-999	-999	-999	3.48	1-4-070
528	375650	2.609	1.54	11	-999	1-4-078
533	376990	2.95	1.4	10.1	-999	1-4-083
538	378330	2.704	1.48	10.6	-999	1-4-088
540	379054	-999	-999	-999	3.55	1-4-090
543	380135	2.517	1.29	9.4	-999	1-4-093
548	383840	2.383	1.23	8.9	-999	1-4-098
553	387545	2.497	1.27	9.2	-999	1-4-103
558	391250	2.579	1.56	11.1	-999	1-4-108
563	394955	2.303	1.68	11.8	-999	1-4-113
570	399976	-999	-999	-999	2.64	1-4-120
573	401950	2.079	1.45	10.4	-999	1-5-003
578	403560	2.316	1.74	12.2	-999	1-5-008
580	404204	-999	-999	-999	2.62	1-5-010
583	405165	3.176	1.59	11.3	-999	1-5-013
588	406780	2.434	1.75	12.2	-999	1-5-018
593	408385	2.092	1.36	9.9	-999	1-5-023
598	409990	2.409	1.43	10.3	-999	1-5-028
600	410746	-999	-999	-999	2.99	1-5-030
603	411875	2.792	1.5	10.8	-999	1-5-033
608	414830	2.891	1.55	11.1	-999	1-5-038
612	417190	3.2	1.42	10.3	-999	1-5-042
617	417558.2	3.36	1.61	11.4	-999	1-cc-003
622	417926.4	3.014	1.59	11.3	-999	1-cc-008
633	418736.4	3.015	1.65	11.7	-999	2-1-003
638	420780	3.237	1.33	9.6	-999	2-1-008
643	423305	2.848	1.4	10.1	-999	2-1-013
648	425860	2.812	1.45	10.4	-999	2-1-018
653	427060	3.216	1.46	10.5	-999	2-1-023
658	428260	3.018	1.49	10.7	-999	2-1-028
663	429470	3.564	1.56	11.1	-999	2-1-033
668	430670	2.816	1.38	10	-999	2-1-038
673	431870	3.19	1.39	10.1	-999	2-1-043
678	433070	3.379	1.31	9.5	-999	2-1-048
683	434230	3.207	1.38	10	-999	2-1-053
688	435340	3.288	1.24	9	-999	2-1-058
693	436460	3.109	1.43	10.3	-999	2-1-063
698	437570	3.256	1.32	9.6	-999	2-1-068
703	438685	2.996	1.34	9.7	-999	2-1-073
708	439800	2.972	1.4	10.1	-999	2-1-078
713	440915	3.066	1.44	10.4	-999	2-1-083
718	442030	3.052	1.45	10.4	-999	2-1-088
723	443145	3.488	1.26	9.1	-999	2-1-093
728	444260	3.465	1.5	10.8	-999	2-1-098
733	446170	3.206	1.49	10.7	-999	2-1-103
738	448630	3.355	1.54	11	-999	2-1-108
743	451980	3.145	1.37	9.9	-999	2-1-113
748	458660	3.267	1.39	10.1	-999	2-1-118
753	465335	3.148	1.41	10.2	-999	2-1-123
758	471840	2.347	1.6	11.4	-999	2-1-128
763	478065	3.036	1.42	10.3	-999	2-1-133
768	484310	3.164	1.41	10.2	-999	2-1-138
773	489506	2.571	1.36	9.9	-999	2-1-143
783	492060	1.772	1.88	12.9	-999	2-2-003
788	493340	1.638	1.96	13.3	-999	2-2-008
793	494615	1.997	1.83	12.6	-999	2-2-013
798	495890	2.086	1.85	12.7	-999	2-2-018
803	497170	2.352	1.52	10.9	-999	2-2-023
808	498450	2.039	1.83	12.6	-999	2-2-028
813	499725	2.332	1.51	10.8	-999	2-2-033
818	501000	1.805	1.88	12.9	-999	2-2-038
823	502285	1.668	1.87	12.7	-999	2-2-043 2-2-043 repl.
828	503560	1.593	-999	-999	-999	2-2-048
833	504835	2.436	1.59	11.3	-999	2-2-053
838	506110	1.921	1.51	10.8	-999	2-2-058
843	507395	2.41	1.45	10.4	-999	2-2-063
848	508670	2.378	1.56	11.1	-999	2-2-068
853	509945	2.258	1.58	11.3	-999	2-2-073
858	511230	1.769	1.69	11.9	-999	2-2-078
863	512505	1.974	1.53	11	-999	2-2-083
868	513780	2.362	1.68	11.8	-999	2-2-088
873	515060	2.181	1.68	11.8	-999	2-2-093
878	516320	2.229	1.58	11.3	-999	2-2-098
883	517555	2.238	1.58	11.3	-999	2-2-103 2-2-103 repl.
888	518790	2.683	-999	-999	-999	2-2-108
893	520020	2.788	1.51	10.8	-999	2-2-113
898	521250	2.85	1.64	11.6	-999	2-2-118
903	522495	2.669	1.55	11.1	-999	2-2-123
908	524380	2.666	1.59	11.3	-999	2-2-128
913	526415	2.647	1.73	12.1	-999	2-2-133
918	528450	2.654	1.43	10.3	-999	2-2-138
923	530500	2.63	1.54	11	-999	2-2-143
928	532550	-999	-999	-999	-999	 2-2-148
933	534600	2.603	1.63	11.5	-999	2-3-003
938	536030	2.37	1.73	12.1	-999	2-3-008
943	536575	1.965	1.47	10.6	-999	2-3-013
948	537110	2.151	1.61	11.4	-999	2-3-018
953	537660	2.111	1.64	11.6	-999	2-3-023
958	538190	2.32	1.76	12.3	-999	2-3-028
963	538735	2.305	1.33	9.6	-999	2-3-033
968	539280	2.179	1.6	11.4	-999	2-3-038
973	539825	2.286	1.51	10.8	-999	2-3-043
983	540910	2.752	1.38	10	-999	2-3-053
988	541450	2.88	1.3	9.4	-999	2-3-058
993	542000	-999	1.27	9.2	-999	2-3-063
998	542540	3.052	-999	-999	-999	2-3-068
1003	544700	2.919	1.36	9.9	-999	2-3-073
1008	547240	2.814	1.41	10.2	-999	2-3-078
1013	549175	2.8	1.37	9.9	-999	2-3-083
1018	551110	2.796	1.35	9.8	-999	2-3-088
1023	553305	3.024	1.32	9.6	-999	2-3-093
1028	556350	2.734	1.19	8.6	-999	2-3-098
1033	559575	2.964	1.13	8.1	-999	2-3-103
1038	562800	2.682	1.22	8.8	-999	2-3-108
1043	566520	2.262	1.39	10.1	-999	2-3-113
1048	573410	2.137	1.38	10	-999	2-3-118
1053	581000	2.337	1.35	9.8	-999	2-3-123
1058	588610	-999	-999	-999	-999	 2-3-128
1063	596015	1.724	1.67	11.8	-999	2-3-133
1068	602390	1.387	1.78	12.4	-999	2-3-138
1073	605730	1.967	1.72	12	-999	2-3-143
