Hole			rmcd	rmcd(7/12/01)		age			
1012B	1H-1	15	0.283113	0.283113	3.24	2.0482	0.602	16.5	14.77
1012B	1H-1	25	0.341722	0.341722	3.29	2.5307	0.599	16.5	12.65
1012B	1H-1	35	0.404635	0.404635	3.23	3.0486	0.6	16.5	10.71
1012B	1H-1	43	0.476352	0.476352	3.27	3.6389	0.605	16.6	9.87
1012B	1H-1	55	0.584129	0.584129	3.27	4.5261	0.61	16.8	8.97
1012B	1H-1	65	0.675175	0.675175	3.24	5.2755	0.605	16.6	8.35
1012B	1H-1	75	0.767415	0.767415	3.19	6.0348	0.588	16.1	8.07
1012B	1H-1	85	0.861205	0.861205	3.12	6.8069	0.586	16.1	7.77
1012B	1H-1	95	0.956608	0.956608	3.16	7.5922	0.589	16.2	8.48
1012B	1H-1	105	1.0539	1.0539	4.1	8.3931	0.598	16.5	8.58
1012B	1H-1	115	1.15307	1.15307	3.36	9.2094	0.593	16.3	7.25
1012B	1H-1	125	1.25394	1.25394	3.38	10.04	0.592	16.3	7.01
1012B	1H-1	135	1.35664	1.35664	3.3	10.859	0.57	15.6	6.59
1012B	1H-1	145	1.46054	1.46054	3.46	11.456	0.573	15.7	6.21
1012B	1H-2	5	1.56553	1.56553	4.1	12.059	0.578	15.9	4.78
1012B	1H-2	15	1.67098	1.67098	4.04	12.665	0.581	16	6.21
1012B	1H-2	25	1.77658	1.77658	3.84	13.271	0.556	15.2	8.81
1012B	1H-2	35	1.8817	1.8817	4.76	13.875	0.56	15.3	8.86
1012B	1H-2	45	1.98603	1.98603	4.49	14.474	0.588	16.2	9.83
1012B	1H-2	55	2.08993	2.08993	4.66	15.071	0.606	16.7	13.25
1012B	1H-2	65	2.19408	2.19408	4.37	15.669	0.595	16.4	11.72
1012B	1H-2	75	2.2962	2.2962	4.64	16.256	0.59	16.2	13.08
1012B	1H-2	85	2.39698	2.39698	4.76	16.835	0.628	17.3	15.08
1012B	1H-2	95	2.49594	2.49594	-999	17.403	0.622	17.1	13.33
1012B	1H-2	105	2.59335	2.59335	4.61	17.963	0.609	16.8	15.12
1012B	1H-2	115	2.68986	2.68986	4.85	18.517	0.587	16.1	13.02
1012B	1H-2	125	2.78555	2.78555	4.65	19.067	0.585	16.1	9.91
1012B	1H-2	135	2.88037	2.88037	4.81	19.611	0.558	15.3	7.3
1012B	1H-2	145	2.97478	2.97478	4.77	20.153	0.562	15.4	10.34
1012B	1H-3	5	3.06905	3.06905	4.65	20.695	0.544	14.8	10.18
1012B	1H-3	15	3.16508	3.16508	4.62	21.246	0.541	14.8	9.6
1012B	1H-3	25	3.26163	3.26163	4.69	21.801	0.541	14.8	8.9
1012B	1H-3	35	3.35874	3.35874	4.71	22.359	0.496	13.4	8.02
1012B	1H-3	45	3.45653	3.45653	4.68	22.92	0.488	13.2	6.67
1012B	1H-3	55	3.55509	3.55509	4.66	23.486	0.457	12.3	8.14
1012B	1H-3	65	3.65447	3.65447	4.46	24.131	0.462	12.4	8.34
1012B	1H-3	75	3.75464	3.75464	4.63	25.451	0.446	12	10.31
1012B	1H-3	85	3.85551	3.85551	4.46	26.781	0.454	12.2	9.24
1012B	1H-3	95	3.95695	3.95695	4.47	28.117	0.481	13	10.09
1012B	1H-3	105	4.05882	4.05882	4.43	29.46	0.484	13.1	10.4
1012B	1H-3	115	4.16093	4.16093	-999	30.805	0.475	12.8	11.56
1012B	1H-3	125	4.26314	4.26314	4.38	32.152	0.459	12.4	11.94
1012B	1H-3	135	4.3653	4.3653	4.16	33.498	0.47	12.7	12.57
1012B	1H-3	145	4.46732	4.46732	4.22	34.843	0.476	12.8	9.57
1012B	1H-4	5	4.56879	4.56879	4.33	36.18	0.498	13.5	11.13
1012B	1H-4	15	4.66851	4.66851	4.51	37.494	0.5	13.6	10.32
1012B	1H-4	25	4.76816	4.76816	4.39	38.807	0.507	13.8	11.77
1012B	1H-4	35	4.86797	4.86797	4.47	40.122	0.512	13.9	14.26
1012B	1H-4	45	4.96816	4.96816	4.37	41.442	0.499	13.5	14.89
1012B	1H-4	55	5.06616	5.06616	4.32	42.734	0.48	13	13.39
1012B	1H-4	65	5.16258	5.16258	4.41	44.004	0.476	12.9	10.81
1012B	1H-4	75	5.26005	5.26005	4.42	45.289	0.504	13.7	12.16
1012B	1H-4	85	5.35884	5.35884	4.25	46.59	0.498	13.5	13.83
1012B	1H-4	95	5.4592	5.4592	4.35	47.913	0.526	14.3	11.91
1012B	1H-4	105	5.56362	5.56362	4.32	49.289	0.525	14.3	11.7
1012B	1H-4	115	5.67162	5.67162	4.38	50.712	0.505	13.7	13.29
1012B	1H-4	125	5.78182	5.78182	4.29	52.164	0.51	13.9	11.36
1012B	1H-4	135	5.89415	5.89415	4.32	53.644	0.511	13.9	11.47
1012B	1H-4	145	6.00857	6.00857	4.01	55.144	0.499	13.5	15
1012B	1H-5	5	6.12424	6.12424	4.28	56.584	0.49	13.3	14.9
1012B	1H-5	15	6.24109	6.24109	4.17	58.039	0.485	13.1	11.55
1012B	1H-5	25	6.35834	6.35834	4.33	59.5	0.482	13	11.11
1012B	1H-5	35	6.45966	6.45966	4.36	60.761	0.477	12.9	10.58
1012B	1H-5	45	6.55471	6.55471	4.49	61.945	0.488	13.2	13.63
1012B	1H-5	55	6.64666	6.64666	4.44	63.09	0.48	13	16.04
1012B	1H-5	65	6.72572	6.72572	4.43	64.075	0.475	12.8	13.69
1012B	1H-5	75	6.7845	6.7845	4.39	64.807	0.502	13.6	16.18
1012B	1H-5	85	6.85428	6.85428	4.31	65.729	0.519	14.1	19.91
1012B	1H-5	95	6.92761	6.92761	4.4	66.714	0.536	14.6	27
1012B	1H-5	105	7.10874	7.10874	4.43	69.147	0.544	14.9	33.81
1012B	1H-5	115	7.32379	7.32379	4.17	72.035	0.527	14.3	32.07
1012B	1H-5	125	7.45424	7.45424	3.97	73.787	0.539	14.7	35.62
1012B	1H-5	135	7.54615	7.54615	4.1	75.021	0.543	14.8	40.7
1012B	1H-5	145	7.63711	7.63711	4.05	76.243	0.557	15.2	40.95
1012B	1H-6	5	7.72652	7.72652	4.01	77.444	0.575	15.8	38.13
1012B	1H-6	15	7.81419	7.81419	3.94	78.621	0.599	16.5	32.87
1012B	1H-6	25	7.90046	7.90046	3.82	79.78	0.62	17.1	30.97
1012B	1H-6	35	7.9856	7.9856	3.74	80.923	0.628	17.3	29.24
1012B	1H-6	45	8.07293	8.07293	3.84	82.096	0.64	17.7	57.85
1012B	1H-6	55	8.17744	8.17744	3.77	83.455	0.63	17.4	30.96
1012B	1H-6	65	8.28202	8.28202	3.94	84.223	0.622	17.2	29.37
1012B	1H-6	75	8.36788	8.36788	3.73	84.853	0.596	16.4	25.55
1012B	1H-6	85	8.44575	8.44575	3.8	85.425	0.57	15.6	20.83
1012B	1H-6	95	8.52342	8.52342	3.9	85.996	0.576	15.8	27.27
1012B	1H-6	105	8.60105	8.60105	4.08	86.566	0.583	16	34.35
1012B	2H-1	4	8.69693	8.69693	3.75	87.27	0.584	16	45.78
1012B	2H-1	15	8.79	8.79	3.9	87.954	0.574	15.7	51.45
1012B	2H-1	25	8.87473	8.87473	3.91	88.576	0.577	15.8	53.49
1012B	2H-1	35	8.96025	8.96025	3.72	89.204	0.576	15.8	55.24
1012B	2H-1	45	9.04759	9.04759	3.79	89.846	0.573	15.7	56.49
1012B	2H-1	55	9.13726	9.13726	3.93	90.505	0.576	15.8	53.96
1012B	2H-1	65	9.23023	9.23023	3.92	91.188	0.583	16	52.71
1012B	2H-1	75	9.32663	9.32663	4.02	91.999	0.574	15.7	53.36
1012B	2H-1	85	9.42706	9.42706	3.48	93.126	0.578	15.8	51.08
1012B	2H-1	95	9.53079	9.53079	3.95	94.29	0.577	15.8	53.89
1012B	2H-1	105	9.63714	9.63714	3.72	95.483	0.589	16.2	49.88
1012B	2H-1	115	9.74456	9.74456	-999	96.689	0.61	16.8	46.39
1012B	2H-1	125	9.85137	9.85137	3.78	97.888	0.616	17	41.81
1012B	2H-1	135	9.95592	9.95592	3.84	99.061	0.619	17.1	39.95
1012B	2H-1	145	10.04	10.04	3.55	100	0.622	17.1	37.22
1012B	2H-2	5	10.119	10.119	3.685	100.89	0.62	17.1	35.99
1012B	2H-2	15	10.1959	10.1959	-999	101.75	0.632	17.5	30.32
1012B	2H-2	25	10.2697	10.2697	-999	102.56	0.615	16.9	32.53
1012B	2H-2	35	10.3404	10.3404	3.75	103.33	0.622	17.1	27.96
1012B	2H-2	45	10.4084	10.4084	-999	104.07	0.611	16.8	23.94
1012B	2H-2	55	10.4743	10.4743	3.64	104.78	0.594	16.3	33.18
1012B	2H-2	65	10.5383	10.5383	3.7	105.48	0.586	16.1	40.69
1012B	2H-2	75	10.6009	10.6009	3.59	106.16	0.606	16.7	43.77
1012B	2H-2	85	10.6626	10.6626	3.76	106.83	0.603	16.6	14.97
1012B	2H-2	95	10.7236	10.7236	3.83	107.49	0.609	16.8	32.35
1012B	2H-2	105	10.7845	10.7845	3.82	108.16	0.582	16	25.57
1012B	2H-2	115	10.8455	10.8455	-999	108.82	0.581	15.9	31.91
1012B	2H-2	125	10.9072	10.9072	-999	109.49	0.582	16	38.98
1012B	2H-2	135	10.9699	10.9699	3.73	110.17	0.593	16.3	46.31
1012B	2H-2	145	11.034	11.034	3.96	110.88	0.593	16.3	57.72
1012B	2H-3	5	11.0996	11.0996	3.86	111.63	0.591	16.2	54.99
1012B	2H-3	15	11.1673	11.1673	3.84	112.39	0.605	16.6	34.61
1012B	2H-3	25	11.2394	11.2394	-999	113.21	0.606	16.7	36.34
1012B	2H-3	35	11.327	11.327	3.8	114.2	0.604	16.6	42.54
1012B	2H-3	45	11.4196	11.4196	-999	115.24	0.623	17.2	35.62
1012B	2H-3	55	11.5156	11.5156	3.41	116.33	0.633	17.5	32.78
1012B	2H-3	65	11.6147	11.6147	3.56	117.45	0.653	18.1	28.08
1012B	2H-3	75	11.7156	11.7156	3.31	118.59	0.663	18.4	24.15
1012B	2H-3	85	11.8172	11.8172	3.35	119.74	0.683	18.9	15.78
1012B	2H-3	95	11.9183	11.9183	3.22	120.88	0.687	19.1	17.54
1012B	2H-3	105	12.0176	12.0176	3.06	122	0.706	19.6	10.32
1012B	2H-3	115	12.1147	12.1147	-999	123.1	0.7	19.4	11.24
1012B	2H-3	125	12.2089	12.2089	3.05	124.14	0.702	19.5	7.02
1012B	2H-3	135	12.3048	12.3048	3.19	125.19	0.691	19.2	7.82
1012B	2H-3	145	12.407	12.407	-999	126.31	0.63	17.4	7.37
1012B	2H-4	5	12.505	12.505	3.22	-999	-999	-999	-999
1012B	2H-4	15	12.6045	12.6045	3.55	128.46	0.646	17.9	5.81
1012B	2H-4	25	12.7013	12.7013	3.44	129.52	0.6	16.5	7.57
1012B	2H-4	35	12.798	12.798	3.24	130.57	0.597	16.4	8.04
1012B	2H-4	45	12.8953	12.8953	3.81	131.64	0.591	16.2	11.34
1012B	2H-4	55	12.9839	12.9839	3.81	132.6	0.592	16.3	12.22
1012B	2H-4	65	13.094	13.094	4.76	133.81	0.587	16.1	15.06
1012B	2H-4	75	13.1963	13.1963	4.68	134.92	0.605	16.6	15.21
1012B	2H-4	85	13.3001	13.3001	4.77	136.06	0.618	17	16.45
1012B	2H-4	95	13.4055	13.4055	4.69	137.26	0.63	17.4	17.29
1012B	2H-4	105	13.5012	13.5012	4.7	138.35	0.636	17.6	17.55
1012B	2H-4	115	13.6181	13.6181	4.72	139.68	0.645	17.8	18.08
1012B	2H-4	125	13.7236	13.7236	4.64	140.88	0.646	17.8	19
1012B	2H-4	135	13.8276	13.8276	4.77	142.06	0.608	16.7	17.98
1012B	2H-4	145	13.9296	13.9296	4.67	143.22	0.575	15.8	16.44
1012B	2H-5	4	14.02	14.02	4.67	144.25	0.548	15	13.77
1012B	2H-5	15	14.1283	14.1283	4.61	145.48	0.526	14.3	12.64
1012B	2H-5	25	14.2253	14.2253	4.5	146.58	0.501	13.6	11.83
1012B	2H-5	35	14.3214	14.3214	4.57	147.67	0.501	13.6	13.54
1012B	2H-5	45	14.4172	14.4172	4.59	148.86	0.499	13.5	12.61
1012B	2H-5	55	14.5039	14.5039	4.46	149.97	0.505	13.7	13.34
1012B	2H-5	65	14.6112	14.6112	4.64	151.34	0.526	14.3	10.79
1012B	2H-5	75	14.7083	14.7083	4.54	152.58	0.522	14.2	11.05
1012B	2H-5	85	14.8015	14.8015	4.68	153.78	0.552	15.1	11.51
1012B	2H-5	95	14.897	14.897	4.65	155	0.548	15	11.39
1012B	2H-5	104	14.9851	14.9851	4.6	156.14	0.534	14.5	5.14
1012B	2H-5	114	15.0951	15.0951	4.49	157.68	0.508	13.8	18.39
1012B	2H-5	124	15.1971	15.1971	4.57	159.12	0.5	13.6	26.08
1012B	2H-5	134	15.3002	15.3002	4.52	160.56	0.509	13.8	29.28
1012B	2H-5	144	15.4036	15.4036	4.46	162.02	0.475	12.8	17.35
1012B	2H-6	4	15.4963	15.4963	4.34	163.32	0.574	15.7	21.74
1012B	2H-6	15	15.6083	15.6083	4.2	164.89	0.525	14.3	20.94
1012B	2H-6	25	15.7081	15.7081	4.29	166.29	0.539	14.7	26.39
1012B	2H-6	35	15.8059	15.8059	4.31	167.67	0.508	13.8	21.36
1012B	2H-6	45	15.9016	15.9016	4.24	169.01	0.511	13.9	19.69
1012B	2H-6	55	15.9957	15.9957	4.21	170.33	0.526	14.3	20.62
1012B	2H-6	65	16.0984	16.0984	4.18	171.78	0.51	13.9	14.6
1012B	2H-6	75	16.22	16.22	4.32	173.2	0.528	14.4	15.01
1012B	2H-6	85	16.32	16.32	4.28	174.2	0.553	15.1	17.35
1012B	2H-6	95	16.42	16.42	4.42	175.2	0.571	15.7	26.3
1012B	2H-6	105	16.51	16.51	4.12	176.1	0.545	14.9	23.13
1012B	2H-6	115	16.62	16.62	4.41	177.2	0.545	14.9	22.38
1012B	2H-6	125	16.72	16.72	4.28	178.2	0.553	15.1	23.72
1012B	2H-6	135	16.82	16.82	-999	179.2	0.573	15.7	30.32
1012B	2H-6	145	16.92	16.92	-999	180.63	0.593	16.3	26.39
1012B	2H-7	4	17.01	17.01	4.4	183.49	0.5	13.6	19.11
1012B	2H-7	15	17.12	17.12	-999	186.98	0.592	16.3	22.84
1012B	2H-7	25	17.22	17.22	-999	190.15	0.611	16.8	20.06
1012B	2H-7	35	17.32	17.32	3.52	193.17	0.654	18.1	14.83
1012A	3H-2	75	17.35	17.35	-999	193.7	0.658	18.2	13.72
1012B	2H-7	45	17.42	17.42	3.475	194.92	0.671	18.6	14.62
1012A	3H-2	85	17.45	17.45	-999	195.45	0.654	18.1	15.53
1012B	2H-7	54	17.51	17.51	3.82	196.49	0.662	18.3	17.85
1012A	3H-2	95	17.55	17.55	-999	197.19	0.671	18.6	13.29
1012A	3H-2	105	17.65	17.65	3.7	198.94	0.653	18.1	18.74
1012A	3H-2	115	17.75	17.75	3.78	200.69	0.601	16.5	43.38
1012A	3H-2	125	17.85	17.85	3.94	202.44	0.62	17.1	23.52
1012A	3H-2	135	17.95	17.95	3.55	204.18	0.616	17	29.83
1012A	3H-2	145	18.05	18.05	3.75	205.93	0.628	17.3	32.81
1012A	3H-3	5	18.15	18.15	3.68	207.68	0.642	17.7	37.47
1012A	3H-3	15	18.25	18.25	3.59	209.42	0.641	17.7	37.54
1012A	3H-3	25	18.35	18.35	3.54	211.17	0.659	18.2	29.82
1012A	3H-3	35	18.45	18.45	3.34	212.92	0.668	18.5	25.32
1012A	3H-3	45	18.55	18.55	3.44	214.67	0.67	18.6	21.58
1012A	3H-3	55	18.65	18.65	3.43	216.24	0.681	18.9	15.63
1012A	3H-3	65	18.75	18.75	3.47	217.23	0.681	18.9	14.12
1012A	3H-3	75	18.85	18.85	3.455	218.23	0.657	18.2	13.5
1012B	3H-1	25	18.936	18.936	-999	219.08	0.616	17	10.61
1012A	3H-3	85	18.95	18.95	3.395	219.22	0.632	17.4	13.25
1012B	3H-1	35	19.0393	19.0393	3.86	220.11	0.558	15.3	11.31
1012B	3H-1	45	19.1395	19.1395	3.95	221.11	0.515	14	13.97
1012A	3H-3	105	19.15	19.15	3.94	221.21	0.518	14.1	12.89
1012B	3H-1	55	19.2379	19.2379	3.9	222.09	0.497	13.5	16.31
1012B	3H-1	65	19.3356	19.3356	4.25	223.06	0.493	13.3	18.38
1012A	3H-3	125	19.35	19.35	4.11	223.2	0.487	13.2	17.86
1012B	3H-1	75	19.4325	19.4325	4.29	224.17	0.504	13.7	19.14
1012B	3H-1	85	19.5287	19.5287	4.295	225.58	0.537	14.6	18.76
1012B	3H-1	95	19.6244	19.6244	4.29	226.97	0.585	16.1	23.87
1012B	3H-1	105	19.7196	19.7196	4.07	228.36	0.57	15.6	24.37
1012B	3H-1	115	19.8146	19.8146	4.03	229.74	0.538	14.7	24.12
1012B	3H-1	125	19.9096	19.9096	3.98	231.13	0.571	15.6	33.12
1012B	3H-1	135	20.0048	20.0048	3.95	232.51	0.562	15.4	32.68
1012B	3H-1	145	20.1011	20.1011	3.96	233.92	0.605	16.6	35.42
1012B	3H-2	4	20.198	20.198	3.78	235.33	0.604	16.6	32.6
1012B	3H-2	15	20.2955	20.2955	3.72	236.75	0.607	16.7	32.86
1012B	3H-2	25	20.3938	20.3938	3.2	238.18	0.627	17.3	26.44
1012B	3H-2	35	20.4928	20.4928	3.28	239.49	0.632	17.4	24.69
1012B	3H-2	45	20.5926	20.5926	3.43	240.63	0.634	17.5	22.68
1012B	3H-2	55	20.693	20.693	3.34	241.78	0.642	17.7	16.26
1012B	3H-2	65	20.7943	20.7943	3.85	242.94	0.645	17.8	11.51
1012B	3H-2	75	20.8962	20.8962	4.22	244.1	0.625	17.2	10.05
1012B	3H-2	85	20.9982	20.9982	4.25	245.27	0.579	15.9	9.92
1012B	3H-2	95	21.1003	21.1003	4.09	246.44	0.527	14.4	16.32
1012B	3H-2	105	21.2022	21.2022	3.86	247.61	0.505	13.7	23.26
1012B	3H-2	115	21.3038	21.3038	4.25	248.77	0.513	13.9	27.39
1012B	3H-2	125	21.4047	21.4047	4.19	249.92	0.508	13.8	25.59
1012B	3H-2	135	21.5049	21.5049	4.35	251.07	0.49	13.3	27.52
1012B	3H-2	145	21.605	21.605	4.425	252.21	0.502	13.6	28.73
1012B	3H-3	4	21.6975	21.6975	4.43	253.34	0.478	12.9	34.25
1012B	3H-3	15	21.8098	21.8098	4.4	254.74	0.489	13.2	34.72
1012B	3H-3	25	21.9107	21.9107	4.42	256	0.49	13.3	38.26
1012B	3H-3	35	22.0106	22.0106	4.42	257.24	0.493	13.4	32.98
1012B	3H-3	45	22.1095	22.1095	4.31	258.47	0.483	13.1	31.18
1012B	3H-3	55	22.2077	22.2077	4.34	259.7	0.468	12.6	30.51
1012B	3H-3	65	22.3052	22.3052	4.33	260.91	0.476	12.9	29.66
1012B	3H-3	75	22.4023	22.4023	4.31	262.23	0.478	12.9	31.84
1012B	3H-3	85	22.4994	22.4994	4.36	264.52	0.473	12.8	33.45
1012B	3H-3	95	22.5966	22.5966	4.3	266.81	0.427	11.4	22.8
1012B	3H-3	105	22.6941	22.6941	4.39	269.11	0.41	10.9	16.92
1012B	3H-3	115	22.7921	22.7921	4.45	271.42	0.467	12.6	15.95
1012B	3H-3	125	22.8908	22.8908	4.15	273.62	0.477	12.9	10.01
1012B	3H-3	135	22.9902	22.9902	4.5	274.75	0.487	13.2	12.76
1012B	3H-3	145	23.0904	23.0904	4.39	275.9	0.481	13	15.13
1012B	3H-4	4	23.1811	23.1811	4.41	276.93	0.483	13.1	18.96
1012B	3H-4	15	23.2927	23.2927	4.18	278.2	0.489	13.2	23.78
1012B	3H-4	25	23.3947	23.3947	4.26	279.37	0.495	13.4	27.56
1012B	3H-4	35	23.4969	23.4969	4.29	280.53	0.502	13.6	34.14
1012B	3H-4	45	23.5991	23.5991	4.01	281.7	0.524	14.3	46.99
1012B	3H-4	55	23.6995	23.6995	3.99	282.84	0.53	14.4	46.97
1012B	3H-4	65	23.7999	23.7999	4.06	283.99	0.576	15.8	47.63
1012B	3H-4	75	23.9006	23.9006	3.98	285.14	0.601	16.5	34.86
1012B	3H-4	85	24.0016	24.0016	3.82	286.29	0.612	16.8	32.21
1012B	3H-4	95	24.1033	24.1033	-999	287.45	0.623	17.2	27.11
1012B	3H-4	105	24.2058	24.2058	3.685	288.71	0.604	16.6	25.53
1012B	3H-4	115	24.28	24.28	-999	290.24	0.562	15.4	25.43
1012B	3H-4	125	24.38	24.38	3.965	292.3	0.516	14	22.59
1012B	3H-4	135	24.48	24.48	4.01	294.36	0.565	15.5	20.93
1012B	3H-4	145	24.58	24.58	4.13	296.41	0.592	16.3	22.16
1012B	3H-5	4	24.68	24.68	4.18	298.47	0.576	15.8	19.74
1012B	3H-5	15	24.78	24.78	4.25	300.53	0.597	16.4	27.68
1012B	3H-5	25	24.88	24.88	4.23	302.59	0.597	16.4	31.07
1012B	3H-5	35	24.98	24.98	4.31	303.64	0.613	16.9	35.3
1012B	3H-5	45	25.08	25.08	4.08	304.45	0.619	17	34.98
1012B	3H-5	55	25.18	25.18	3.76	305.25	0.6	16.5	27.97
1012B	3H-5	65	25.28	25.28	4.15	306.06	0.61	16.8	40.77
1012B	3H-5	75	25.38	25.38	3.84	306.86	0.622	17.1	30.64
1012B	3H-5	85	25.48	25.48	3.89	307.66	0.635	17.5	36.19
1012B	3H-5	95	25.58	25.58	3.63	308.47	0.639	17.7	33.54
1012B	3H-5	105	25.68	25.68	3.48	309.27	0.646	17.8	31.75
1012B	3H-5	115	25.78	25.78	3.72	311.03	0.646	17.8	27.61
1012B	3H-5	125	25.88	25.88	3.4	313.17	0.61	16.8	31.47
1012B	3H-5	135	25.98	25.98	3.81	315.3	0.614	16.9	35.9
1012B	3H-5	145	26.08	26.08	3.83	317.44	0.637	17.6	39.55
1012B	3H-6	4	26.18	26.18	3.58	319.57	0.645	17.8	39.57
1012B	3H-6	15	26.28	26.28	3.52	321	0.651	18	36.08
1012B	3H-6	25	26.38	26.38	3.49	322.25	0.659	18.2	29.92
1012B	3H-6	35	26.48	26.48	3.45	323.5	0.663	18.3	22.01
1012B	3H-6	45	26.58	26.58	-999	324.75	0.683	18.9	15.17
1012B	3H-6	55	26.68	26.68	3.14	326	0.672	18.6	15.05
1012B	3H-6	65	26.78	26.78	3.4	327.25	0.681	18.9	12.99
1012B	3H-6	75	26.88	26.88	3.25	328.5	0.684	19	9.62
1012B	3H-6	85	26.98	26.98	3.35	329.75	0.681	18.9	9.84
1012B	3H-6	95	27.08	27.08	3.28	331	0.683	18.9	7.48
1012B	3H-6	105	27.18	27.18	3.23	332.26	0.674	18.7	7.33
1012B	3H-6	115	27.28	27.28	3.24	333.51	0.705	19.6	7.5
1012B	3H-6	125	27.38	27.38	3.74	334.77	0.739	20.6	27.75
1012B	3H-6	135	27.48	27.48	4.12	336.02	0.697	19.4	4.68
1012B	3H-6	145	27.58	27.58	4.36	337.28	0.565	15.5	11.18
1012B	3H-7	4	27.68	27.68	4.52	338.54	0.563	15.4	10.68
1012B	3H-7	15	27.78	27.78	4.62	339.79	0.546	14.9	13.32
1012B	3H-7	25	27.88	27.88	4.52	340.94	0.539	14.7	14.07
1012B	3H-7	35	27.98	27.98	4.56	342.06	0.527	14.3	13.64
1012B	3H-7	45	28.08	28.08	4.44	343.19	0.558	15.3	13.42
1012A	4H-2	95	28.1	28.1	4.62	343.41	0.515	14	15.08
1012B	3H-7	55	28.18	28.18	4.33	344.31	0.522	14.2	15.48
1012A	4H-2	105	28.2	28.2	4.57	344.54	0.514	14	15.36
1012A	4H-2	115	28.3	28.3	4.38	345.66	0.504	13.7	15.06
1012A	4H-2	125	28.4	28.4	4.36	346.79	0.495	13.4	14.53
1012A	4H-2	135	28.5	28.5	4.03	347.92	0.451	12.1	12.34
1012A	4H-2	145	28.6	28.6	4.31	349.07	0.451	12.1	11.36
1012A	4H-3	4	28.7	28.7	4.39	350.85	0.474	12.8	9.46
1012A	4H-3	15	28.8	28.8	4.53	352.63	0.469	12.6	9.53
1012A	4H-3	25	28.9	28.9	4.39	354.41	0.441	11.8	13.79
1012A	4H-3	35	29	29	4.38	356.19	0.424	11.3	18.88	
1012A	4H-3	45	29.1	29.1	4.26	357.97	0.431	11.5	16.94	
1012A	4H-3	55	29.2	29.2	4.19	359.75	0.445	11.9	23.31	
1012A	4H-3	65	29.3	29.3	4.2	361.53	0.48	13	25.9	
1012B	4H-1	45	29.38	29.61	4.16	362.96	0.517	14.1	23.93	*added23cm
1012B	4H-1	55	29.48	29.71	-999	364.74	0.527	14.4	27.16	
1012A	4H-3	85	29.51	29.51	4.13	365.27	0.513	13.9	24.48	
1012B	4H-1	65	29.58	29.81	3.96	366.52	0.536	14.6	28.11	
1012B	4H-1	75	29.68	29.91	-999	368.3	0.562	15.4	30.32	
1012B	4H-1	85	29.78	30.01	3.89	370.08	0.526	14.3	37.4	
1012B	4H-1	95	29.88	30.11	3.94	371.86	0.479	12.9	33.85	
1012B	4H-1	105	29.98	30.21	4.005	373.64	0.467	12.6	32.68	
1012B	4H-1	115	30.08	30.31	4.09	375.42	0.535	14.6	22.88	
1012B	4H-1	125	30.18	30.41	3.89	377.69	0.559	15.3	41	
1012B	4H-1	135	30.28	30.51	4.01	379.97	0.618	17	32.35	
1012B	4H-1	145	30.38	30.61	3.82	382.26	0.602	16.6	35.62	
1012B	4H-2	5	30.48	30.71	3.75	384.54	0.587	16.1	30.46
1012B	4H-2	15	30.58	30.81	3.84	386.4	0.611	16.8	34.28
1012B	4H-2	25	30.68	30.91	3.9	388.15	0.603	16.6	30.87
1012B	4H-2	35	30.78	31.01	3.85	389.9	0.601	16.5	45.53
1012B	4H-2	45	30.88	31.11	3.8	391.64	0.624	17.2	60.47
1012B	4H-2	55	30.98	31.21	3.59	393.39	0.639	17.6	52.11
1012B	4H-2	65	31.08	31.31	3.63	395.14	0.666	18.4	50.31
1012B	4H-2	75	31.18	31.41	3.4	396.89	0.674	18.7	49.31
1012B	4H-2	85	31.28	31.51	3.66	398.64	0.682	18.9	40.65
1012B	4H-2	95	31.38	31.61	3.05	400.39	0.686	19	33.05
1012B	4H-2	105	31.48	31.71	3.02	402.13	0.684	19	24.57
1012B	4H-2	115	31.58	31.81	2.91	403.88	0.674	18.7	22.24
1012B	4H-2	125	31.68	31.91	3.16	405.63	0.692	19.2	17.57
1012B	4H-2	135	31.78	32.01	3.05	407.38	0.675	18.7	19.7
1012B	4H-2	145	31.88	32.11	3.5	408.68	0.677	18.8	17.33
1012B	4H-3	5	31.98	32.21	2.97	409.72	0.673	18.7	15.25
1012B	4H-3	15	32.08	32.31	3.16	410.77	0.66	18.3	15.27
1012B	4H-3	25	32.18	32.41	3.11	411.82	0.662	18.3	16.18
1012B	4H-3	35	32.28	32.51	-999	412.86	0.649	17.9	16.72
1012B	4H-3	45	32.38	32.61	3.58	413.91	0.642	17.7	17.95
1012B	4H-3	55	32.48	32.71	3.58	414.96	0.637	17.6	16.74
1012B	4H-3	65	32.58	32.81	3.49	416.01	0.639	17.6	15.69
1012B	4H-3	75	32.68	32.91	3.62	417.05	0.632	17.4	18
1012B	4H-3	85	32.78	33.01	3.69	418.1	0.628	17.3	14.99
1012B	4H-3	95	32.88	33.11	3.73	419.15	0.628	17.3	12.36
1012B	4H-3	105	32.98	33.21	3.36	420.2	0.622	17.2	12.72
1012B	4H-3	115	33.08	33.31	4.06	421.24	0.622	17.1	11.45
1012B	4H-3	125	33.18	33.41	4.03	422.29	0.619	17.1	14.16
1012B	4H-3	135	33.28	33.51	3.5	423.24	0.625	17.2	9.28
1012B	4H-3	145	33.38	33.61	4.13	424.17	0.603	16.6	9.53
1012B	4H-4	5	33.48	33.71	4.63	425.1	0.6	16.5	8.11
1012B	4H-4	15	33.58	33.81	3.83	426.03	0.652	18	14.39
1012B	4H-4	25	33.68	33.91	5	426.96	0.659	18.2	15.27
1012B	4H-4	35	33.78	34.01	4.94	427.89	0.636	17.5	16.89
1012B	4H-4	45	33.88	34.11	4.88	428.81	0.641	17.7	13.9
1012B	4H-4	55	33.98	34.21	4.98	430.55	0.645	17.8	12.05
1012B	4H-4	65	34.08	34.31	4.94	432.48	0.639	17.7	11.89
1012B	4H-4	75	34.18	34.41	-999	434.42	0.6	16.5	11.92
1012B	4H-4	85	34.28	34.51	4.86	436.35	0.529	14.4	14.08
1012B	4H-4	95	34.38	34.61	4.69	438.29	0.498	13.5	16.88
1012B	4H-4	105	34.48	34.71	4.46	440.22	0.485	13.1	18.52
1012B	4H-4	115	34.58	34.81	4.73	442.16	0.493	13.4	19.89
1012B	4H-4	125	34.68	34.91	4.64	444.09	0.483	13.1	19.66
1012B	4H-4	135	34.78	35.01	4.64	445.77	0.466	12.6	15.91
1012B	4H-4	145	34.88	35.11	4.59	447.38	0.475	12.8	21.72
1012B	4H-5	4	34.98	35.21	4.45	448.99	0.47	12.7	13.5
1012B	4H-5	15	35.08	35.31	4.64	450.6	0.457	12.3	13.44
1012B	4H-5	25	35.18	35.41	4.55	452.21	0.47	12.7	15.25
1012B	4H-5	35	35.28	35.51	4.49	453.81	0.489	13.2	14.47
1012B	4H-5	45	35.38	35.61	4.41	-999	0.511	13.9	17.06
1012B	4H-5	55	35.48	35.71	4.36	457.03	0.487	13.2	11.48
1012B	4H-5	65	35.58	35.81	4.34	458.64	0.486	13.1	14.41
1012B	4H-5	75	35.68	35.91	4.35	460.25	0.491	13.3	15.74
1012B	4H-5	85	35.78	36.01	4.24	461.86	0.545	14.9	20.36
1012B	4H-5	95	35.88	36.11	4.19	463.47	0.527	14.4	18.86
1012B	4H-5	105	35.98	36.21	4.04	465.08	0.509	13.8	17.3
1012B	4H-5	115	36.08	36.31	4.2	466.69	0.519	14.1	26.55
1012B	4H-5	125	36.18	36.41	4.305	468.3	0.543	14.8	34.6
1012B	4H-5	135	36.28	36.51	4	470.19	0.551	15	33.35
1012B	4H-5	145	36.38	36.61	3.96	472.12	0.523	14.2	44.75
1012B	4H-6	5	36.48	36.71	3.86	474.05	0.535	14.6	35.54
1012B	4H-6	15	36.58	36.81	3.74	475.98	0.561	15.4	53.78
1012B	4H-6	25	36.68	36.91	3.69	477.91	0.537	14.6	43.77
1012B	4H-6	35	36.78	37.01	3.6	479.84	0.564	15.4	40.74
1012B	4H-6	45	36.88	37.11	3.1	481.77	0.592	16.3	35.95
1012B	4H-6	55	36.98	37.21	3.4	483.46	0.615	16.9	33.23
1012B	4H-6	65	37.08	37.31	3.28	485.12	0.63	17.4	23.84
1012B	4H-6	75	37.18	37.41	3.43	486.78	0.63	17.4	27.41
1012B	4H-6	85	37.28	37.51	3.59	488.44	0.629	17.4	32.11
1012B	4H-6	95	37.38	37.61	3.71	490.09	0.633	17.5	31.17
1012B	4H-6	105	37.48	37.71	3.525	491.75	0.612	16.9	37.96
1012B	4H-6	115	37.58	37.81	3.79	493.41	0.599	16.5	42.01
1012B	4H-6	125	37.68	37.91	3.68	495.07	0.606	16.7	36.27
1012B	4H-6	135	37.78	38.01	3.63	496.72	0.599	16.5	42.53
1012B	4H-6	145	37.88	38.11	3.65	498.38	0.59	16.2	40.75
1012B	4H-7	5	37.98	38.21	3.75	500.04	0.578	15.9	47.2
1012B	4H-7	15	38.08	38.31	3.965	501.7	0.587	16.1	40.02
1012B	4H-7	25	38.18	38.41	3.805	503.36	0.596	16.4	35.87
1012B	4H-7	35	38.28	38.51	3.91	505.01	0.59	16.2	32.94
1012B	4H-7	45	38.38	38.61	4.02	506.67	0.605	16.6	38.62
1012A	5H-3	4	38.4	38.63	-999		0.591812515	16.25919161	40.0949585
1012B	4H-7	55	38.48	38.71	3.92	508.33	0.593	16.3	31.79
 1012A	5H-3	15	38.5	38.73	4.14		-999	-999	-999
 1012A	5H-3	25	38.6	38.83	4.17		0.594618036	16.34170695	39.43854715
 1012A	5H-3	35	38.7	38.93	3.86		-999	-999	-999
 1012A	5H-3	45	38.8	39.03	3.93		0.608515549	16.75045733	30.75553572
 1012A	5H-3	55	38.9	39.13	3.77		-999	-999	-999
 1012A	5H-3	65	39	39.23	3.98		0.611808025	16.84729484	30.39065789
 1012A	5H-3	75	39.1	39.33	3.88		-999	-999	-999
 1012A	5H-3	85	39.2	39.43	3.76		0.599185569	16.47604613	26.93631951
 1012A	5H-3	95	39.3	39.53	3.88		-999	-999	-999
 1012A	5H-3	105	39.4	39.63	3.86		0.570832338	15.64212759	24.3953608
 1012A	5H-3	115	39.5	39.73	3.79		-999	-999	-999
 1012A	5H-3	125	39.6	39.83	3.84		0.479961943	12.96946891	50.1033807
 1012A	5H-3	135	39.7	39.93	3.79		0.522578548	14.22289847	31.67418552
 1012A	5H-4	4	39.99	40.22	3.86		0.462319437	12.45057167	34.4806782
 1012A	5H-4	15	40.09	40.32	4.12		-999	-999	-999
 1012A	5H-4	25	40.19	40.42	4.24		0.429582876	11.48773163	41.35585417
 1012A	5H-4	35	40.29	40.52	4.24		-999	-999	-999
 1012A	5H-4	45	40.39	40.62	4.32		0.483475655	13.0728134	33.33930194
 1012A	5H-4	55	40.49	40.72	4.27		-999	-999	-999
 1012A	5H-4	65	40.59	40.82	4.36		0.507921846	13.791819	40.92727742
 1012A	5H-4	75	40.69	40.92	4.23		-999	-999	-999
 1012A	5H-4	85	40.79	41.02	4.25		0.453132368	12.18036377	46.49429348
 1012A	5H-4	95	40.89	41.12	4.18		-999	-999	-999
 1012A	5H-4	105	40.99	41.22	4.23		0.472214851	12.74161328	59.85231177
 1012A	5H-4	115	41.09	41.32	4.1		-999	-999	-999
 1012A	5H-4	125	41.19	41.42	4.04		-999	-999	-999
 1012A	5H-4	135	41.29	41.52	4.03		0.46633977	12.56881677	42.36572079
 1012A	5H-4	145	41.39	41.62	4.2		-999	-999	-999
 1012A	5H-5	5	41.49	41.72	3.82		0.486846296	13.17194988	46.0321792
 1012A	5H-5	15	41.59	41.82	3.84		-999	-999	-999
 1012A	5H-5	25	41.69	41.92	3.78		0.53455441	14.57512972	42.09781828
 1012A	5H-5	35	41.79	42.02	3.77		-999	-999	-999
 1012A	5H-5	45	41.89	42.12	3.86		0.575722538	15.785957	38.82178443
 1012A	5H-5	55	41.99	42.22	3.76		-999	-999	-999
 1012A	5H-5	65	42.09	42.32	4.12		0.556525068	15.22132552	58.77173998
 1012A	5H-5	75	42.19	42.42	3.8		-999	-999	-999
 1012A	5H-5	85	42.29	42.52	3.7		0.608871097	16.76091463	54.94836278
 1012A	5H-5	95	42.39	42.62	3.53		-999	-999	-999
 1012A	5H-5	105	42.49	42.72	3.47		0.609382547	16.77595726	43.7797845
 1012A	5H-5	115	42.59	42.82	3.29		-999	-999	-999
 1012A	5H-5	125	42.69	42.92	3.22		0.656508643	18.16201892	32.58617918
 1012A	5H-5	135	42.79	43.02	3.33		-999	-999	-999
 1012A	5H-5	145	42.89	43.12	3.26		0.631977303	17.44050891	24.23987114
 1012A	5H-6	5	42.99	43.22	3.56		-999	-999	-999
 1012A	5H-6	15	43.09	43.32	4.34		0.623297467	17.18521961	16.75463933
 1012A	5H-6	35	43.29	43.52	3.74		0.57502649	15.76548501	12.24165771
 1012A	5H-6	45	43.39	43.62	3.9		-999	-999	-999
 1012A	5H-6	55	43.49	43.72	4.04		0.552721739	15.10946292	29.38623649
 1012A	5H-6	65	43.59	43.82	4.03		-999	-999	-999
 1012A	5H-6	75	43.69	43.92	4.05		0.562723792	15.40364095	29.02772814
 1012A	5H-6	85	43.79	44.02	4.02		-999	-999	-999
 1012A	5H-6	95	43.89	44.12	4.02		0.623491168	17.19091671	29.58936371
 1012A	5H-6	105	43.99	44.22	3.925		-999	-999	-999
 1012A	5H-6	115	44.09	44.32	3.91		0.603520752	16.60355152	28.72519009
 1012A	5H-6	125	44.19	44.42	3.77		-999	-999	-999
 1012A	5H-6	135	44.29	44.52	3.88		0.646178971	17.85820502	25.12583932
 1012A	5H-6	145	44.39	44.62	3.65		-999	-999	-999
 1012A	5H-7	5	44.49	44.72	3.89		0.604433633	16.63040096	47.72480188
 1012A	5H-7	15	44.59	44.82	3.78		-999	-999	-999
1012A	5H-7	25	44.69	44.92	-999		0.624977103	17.23462067	40.53178367