# NOAA Paleoclimatology Program - Paleocean Site Data
# odp1020-tab.txt
# Complete Data
# File Created: 22-Apr-2009
#
#*********************************************************************************
# Please cite the contributor and the original publications when using these data
#*********************************************************************************
#
# Missing Values indicated by '-999'
#
# PI:             Timothy D. Herbert
# Core/Site:      ODP1020
# Latitude:       41.00.03N	( 41.00083)
# Longitude:      126.26.01W	( -126.4336)
# Water Depth(m): 3042
#
# Publications:
#   Herbert, T.D., J.D. Schuffert, D. Andreasen, L. Heusser, M. Lyle, A. Mix,  A.C.
#     Ravelo, L.D. Stott, and J.C. Herguera, 2001, Collapse of the California current
#     during glacial maxima linked to climate change on land, Science v. 293: p71-76.
#   Herbert, T.D., J.D. Schuffert, D. Thomas, K. Lange, A. Weinheimer, and J.-C.
#     Herguera, 1998, Depth and seasonality of alkenone production along the California
#     margin inferred from a core-top transect, Paleoceanography, v. 13, p. 263-271.
#   Heusser, L.E., M. Lyle and A.C. Mix. 2000. Vegetation and climate of the northwest
#     coast of North America during the last 500 k.y.: High resolution pollen evidence
#     from the northern California margin, In Lyle, M., I. Koizumi, C. Richter, and
#     T.C. Moore Jr
#------------------
#
# Description & Notes:
#   California Current Reconstruction from Benthic Isotopes and Alkenone Temperatures
#   Isotope Data analytical error is ~0.1 per mil. The Uk'37 data have an analytical
#   precision equal to +- 0.15 Degrees Celsius. The age model comes from tuning benthic
#   delta 18O to an orbital age model.
#
# Variables:
#             depth         Depth (cm)
#             calyrBP       calendar years B.P. (B.P. = 1950)
#             d18Oforams-b  delta O18 PDB (Benthic Foraminifers)
#             sst-uk37      Sea Surface Temperature from Uk'37
#             uk37          Alkenone saturation index
#
# CORE: ODP1020
depth	calyrBP 	d18Oforams-b	sst-uk37	uk37	notes
25	3500	-999	11.1	0.418	1020C 1H-1 25
50	5300	-999	10.7	0.403	1020C 1H-1 50
75	7000	-999	10.55	0.375	1020C 1H-1 75
77	7120	3.64	-999	-999	1020C 1H-1 77
97	8320	3.69	-999	-999	1020C 1H-1 97
100	8500	-999	10.8	0.407	1020C 1H-1 100
125	9829.8	-999	10.3	0.39	1020C 1H-1 125
137	10468.1	4.16	-999	-999	1020C 1H-1 137
151	11212.8	-999	8.3	0.32	1020C 1H-2 0
157	11531.9	4.51	-999	-999	1020C 1H-2 7
175	12489.4	-999	8.7	0.335	1020C 1H-2 25
197	13659.6	4.64	-999	-999	1020C 1H-2 47
200	13819.1	-999	8.4	0.326	1020C 1H-2 50
217	14723.4	4.75	-999	-999	1020C 1H-2 67
225	15148.9	-999	6.83	0.272	1020C 1H-2 75
250	16478.7	-999	9.75	0.37	1020C 1H-2 100
257	16851.1	5.08	-999	-999	1020C 1H-2 107
275	17808.5	-999	6.8	0.27	1020C 1H-2 125
277	17914.9	5.14	-999	-999	1020C 1H-2 127
291	18659.6	5.235	-999	-999	1020D 1H-2 127
311	19723.4	5.185	-999	-999	1020D 1H-2 147
315	19936.2	-999	6.5	0.258	1020D 1H-3 0
317	20042.6	5.12	-999	-999	1020C 1H-3 17
331	20787.2	5.3	-999	-999	1020D 1H-3 17
337	21173.9	5.1	-999	-999	1020C 1H-3 37
340	21434.8	-999	5.9	0.239	1020D 1H-3 25
351	22391.3	5.115	-999	-999	1020D 1H-3 37
365	23608.7	-999	6.1	0.246	1020D 1H-3 50
371	24130.4	4.735	-999	-999	1020D 1H-3 57
377	24652.2	5.035	-999	-999	1020C 1H-3 77
390	25782.6	-999	5.6	0.23	1020D 1H-3 75
391	25869.6	5.13	-999	-999	1020D 1H-3 77
397	26391.3	4.95	-999	-999	1020C 1H-3 97
411	27608.7	5.075	-999	-999	1020D 1H-3 97
415	27956.5	-999	7.1	0.28	1020D 1H-3 100
440	30130.4	-999	6.1	0.248	1020D 1H-3 125
451	31087.5	4.53	-999	-999	1020D 1H-3 137
459	31787.9	-999	5.6	0.228	1020D 1H-3 144
465	32313.2	-999	5.1	0.212	1020D 1H-4 0
471	32838.5	4.87	-999	-999	1020D 1H-4 7
490	34501.9	-999	5.8	0.238	1020D 1H-4 25
511	36340.4	4.78	-999	-999	1020D 1H-4 47
515	36690.6	-999	6.6	0.264	1020D 1H-4 50
531	38091.3	4.725	-999	-999	1020D 1H-4 67
540	38879.2	-999	6.1	0.248	1020D 1H-4 75
551	39842.3	4.79	-999	-999	1020D 1H-4 87
565	41067.9	-999	7.2	0.284	1020D 1H-4 100
571	41593.2	4.87	-999	-999	1020D 1H-4 107
590	43256.6	-999	6.8	0.269	1020D 1H-4 125
591	43344.2	4.865	-999	-999	1020D 1H-4 127
605	44569.8	4.72	-999	-999	1020C 2H-1 17
614	45357.7	-999	7.4	0.29	1020D 1H-5 0
625	46320.8	4.64	-999	-999	1020C 2H-1 37
631	46846	4.775	-999	-999	1020D 1H-5 17
638	47458.9	-999	7.4	0.292	1020D 1H-5 25
645	48071.7	4.555	-999	-999	1020C 2H-1 57
651	48597	4.55	-999	-999	1020D 1H-5 37
663	49647.5	-999	7.5	0.294	1020C 2H-1 75
664	49735.1	-999	7.4	0.291	1020D 1H-5 50
665	49822.6	4.75	-999	-999	1020C 2H-1 77
671	50347.9	5.035	-999	-999	1020D 1H-5 57
685	51573.6	4.83	-999	-999	1020C 2H-1 97
688	51836.2	-999	7.5	0.293	1020C 2H-1 100
705	53324.5	4.725	-999	-999	1020C 2H-1 117
713	54024.9	-999	8.7	0.336	1020C 2H-1 125
725	54783.8	4.595	-999	-999	1020C 2H-1 137
738	55542.7	-999	7.8	0.303	1020C 2H-2 0
763	57002.2	-999	8	0.312	1020C 2H-2 25
788	58461.6	-999	7.7	0.302	1020C 2H-2 50
813	59921.1	-999	7.1	0.282	1020C 2H-2 75
838	61380.5	-999	6.6	0.262	1020C 2H-2 100
863	62840	-999	7.2	0.284	1020C 2H-2 125
888	64299.5	-999	6.7	0.268	1020C 2H-3 0
905	65408.9	4.855	-999	-999	1020C 2H-3 17
913	66063.1	-999	7.3	0.288	1020C 2H-3 25
925	67044.4	4.83	-999	-999	1020C 2H-3 37
938	68107.6	-999	7.2	0.285	1020C 2H-3 50
945	68680	4.72	-999	-999	1020C 2H-3 57
963	70152	-999	8.9	0.342	1020C 2H-3 75
965	70315.6	4.585	-999	-999	1020C 2H-3 77
985	71951.1	4.415	-999	-999	1020C 2H-3 97
988	72196.4	-999	8	0.31	1020C 2H-3 100
1005	73586.7	4.47	-999	-999	1020C 2H-3 117
1013	74240.9	-999	7.3	0.287	1020C 2H-3 125
1025	75222.2	4.415	-999	-999	1020C 2H-3 137
1039	76367.1	-999	8.2	0.318	1020C 2h-4 0
1046	76939.6	4.43	-999	-999	1020C 2H-4 7
1063	78329.8	-999	8.3	0.322	1020C 2H-4 25
1065	78493.3	4.2	-999	-999	1020C 2H-4 27
1085	80128.9	4.14	-999	-999	1020C 2H-4 47
1088	80374.2	-999	9.25	0.355	1020C 2H-4 50
1105	81764.4	4.07	-999	-999	1020C 2H-4 67
1113	82418.7	-999	9.8	0.372	1020C 2H-4 75
1125	83400	4.03	-999	-999	1020C 2H-4 87
1138	84512.4	-999	9.2	0.353	1020C 2H-4 100
1145	85111.3	4.1	-999	-999	1020C 2H-4 107
1163	86651.5	-999	7.3	0.287	1020C 2H-4 125
1165	86822.7	4.135	-999	-999	1020C 2H-4 127
1185	88534	4.48	-999	-999	1020C 2H-4 147
1188	88790.7	-999	8.4	0.326	1020C 2H-5 0
1205	90245.4	4.44	-999	-999	1020C 2H-5 17
1213	90929.9	-999	10.6	0.4	1020C 2H-5 25
1225	91956.7	4.37	-999	-999	1020C 2H-5 37
1232	92555.7	4.425	-999	-999	1020D 2H-1 57
1238	93069.1	-999	9.5	0.362	1020C 2H-5 50
1245	93668	4.29	-999	-999	1020C 2H-5 57
1252	94267	4.28	-999	-999	1020D 2H-1 77
1252	94267	-999	-999	-999	1020D 2H-1 77
1265	95379.4	4.195	-999	-999	1020C 2H-5 77
1272	95978.4	4.27	-999	-999	1020D 2H-1 97
1275	96235.1	-999	10	0.378	1020D 2H-1 100
1285	97090.7	4.105	-999	-999	1020C 2H-5 97
1292	97689.7	4.13	-999	-999	1020D 2H-1 117
1300	98374.2	-999	9.8	0.373	1020D 2H-1 125
1305	98802.1	4.125	-999	-999	1020C 2H-5 117
1312	99401	4.265	-999	-999	1020D 2H-1 137
1319	100000	-999	10.5	0.396	1020D 2H-1 144
1325	100913	4.03	-999	-999	1020C 2H-5 137
1325	100913	-999	9.1	0.348	1020D 2H-2 0
1332	101978.3	4.3	-999	-999	1020D 2H-2 7
1345	103956.5	4.05	-999	-999	1020C 2H-6 7
1347	104260.9	3.96	-999	-999	1020D 2H-2 22
1350	104717.4	-999	10	0.378	1020D 2H-2 25
1352	105021.7	4.27	-999	-999	1020D 2H-2 27
1357	105782.6	3.99	-999	-999	1020D 2H-2 32
1365	107000	4.1	-999	-999	1020C 2H-6 27
1367	107304.3	3.99	-999	-999	1020D 2H-2 42
1372	108065.2	4.135	-999	-999	1020D 2H-2 47
1375	108521.7	-999	9.3	0.355	1020D 2H-2 50
1377	108826.1	3.92	-999	-999	1020D 2H-2 52
1385	110043.5	4.365	-999	-999	1020C 2H-6 47
1390	110707.7	4.14	-999	-999	1020D 2H-2 62
1397	111434.6	4.34	-999	-999	1020D 2H-2 67
1402	111953.8	4.09	-999	-999	1020D 2H-2 72
1405	112265.4	4.36	-999	-999	1020C 2H-6 67
1405	112265.4	-999	9.1	0.349	1020D 2H-2 75
1407	112473.1	4.04	-999	-999	1020D 2H-2 77
1412	112992.3	3.905	-999	-999	1020D 2H-2 82
1417	113511.5	4.06	-999	-999	1020D 2H-2 87
1422	114030.8	4.08	-999	-999	1020D 2H-2 92
1423	114134.6	4.15	-999	-999	1020C 2H-6 85
1427	114550	3.955	-999	-999	1020D 2H-2 97
1430	114861.5	-999	9.9	0.375	1020D 2H-2 100
1432	115069.2	3.88	-999	-999	1020D 2H-2 102
1441	116003.8	3.705	-999	-999	1020C 2H-7 17
1455	117457.7	-999	11.3	0.422	1020D 2H-2 125
1457	117665.4	4.13	-999	-999	1020D 2H-2 127
1467	118703.8	3.34	-999	-999	1020D 2H-2 137
1474	119430.8	-999	13.2	0.487	1020D 2H-2 144
1477	119742.3	3.55	-999	-999	1020D 2H-2 147
1479	119950	3.21	-999	-999	1020C 2H-7 55
1480	120053.8	-999	13.6	0.503	1020D 2H-3 0
1487	120780.8	3.37	-999	-999	1020D 2H-3 7
1497	121819.2	3.095	-999	-999	1020D 2H-3 17
1505	122650	-999	14.1	0.518	1020D 2H-3 25
1517	123896.2	3.06	-999	-999	1020D 2H-3 37
1522	124338	3.01	-999	-999	1020D 2H-3 42
1527	124760.6	3.1	-999	-999	1020D 2H-3 47
1530	125014.1	-999	13.9	0.513	1020D 2H-3 50
1532	125183.1	3.12	-999	-999	1020D 2H-3 52
1537	125605.6	3.197	-999	-999	1020D 2H-3 57
1542	126028.2	3.27	-999	-999	1020D 2H-3 62
1547	126450.7	3.57	-999	-999	1020D 2H-3 67
1552	126873.2	3.555	-999	-999	1020D 2H-3 72
1555	127126.8	-999	11.2	0.421	1020D 2H-3 75
1557	127295.8	4.055	-999	-999	1020D 2H-3 77
1562	127718.3	3.73	-999	-999	1020D 2H-3 82
1577	128985.9	4.22	-999	-999	1020D 2H-3 97
1580	129239.4	-999	9.3	0.356	1020D 2H-3 100
1597	130676.1	4.765	-999	-999	1020D 2H-3 117
1605	131352.1	-999	8.7	0.333	1020D 2H-3 125
1624	132957.7	-999	9.5	0.363	1020D 2H-3 144
1637	134056.3	5.19	-999	-999	1020D 2H-4 7
1645	134732.4	4.89	-999	-999	1020C 3H-1 97
1648	134985.9	-999	8.6	0.331	1020C 3H-1 100
1665	136520.8	5.065	-999	-999	1020C 3H-1 117
1673	137354.2	-999	8.3	0.32	1020C 3H-1 125
1684	138500	4.99	-999	-999	1020C 3H-1 136
1698	139958.3	-999	8.3	0.32	1020C 3H-2 0
1705	140687.5	4.875	-999	-999	1020C 3H-2 7
1723	142562.5	-999	6.3	0.252	1020C 3H-2 25
1725	142770.8	5.005	-999	-999	1020C 3H-2 27
1745	144854.2	4.84	-999	-999	1020C 3H-2 47
1748	145166.7	-999	4.8	0.203	1020C 3H-2 50
1765	146937.5	4.8	-999	-999	1020C 3H-2 67
1773	147770.8	-999	5.624	0.23	1020C 3H-2 75
1785	148703.1	4.915	-999	-999	1020C 3H-2 87
1798	149231.2	-999	5.23	0.217	1020C 3H-2 100
1805	149515.6	4.885	-999	-999	1020C 3H-2 107
1823	150246.9	-999	5.616	0.23	1020C 3H-2 125
1825	150328.1	4.9	-999	-999	1020C 3H-2 127
1845	151140.6	4.92	-999	-999	1020C 3H-2 147
1848	151262.5	-999	5.339	0.221	1020C 3H-3 0
1865	151953.1	4.915	-999	-999	1020C 3H-3 17
1873	152278.1	-999	5.422	0.223	1020C 3H-3 25
1885	152765.6	4.945	-999	-999	1020C 3H-3 37
1898	153293.8	-999	5.368	0.222	1020C 3H-3 50
1905	153578.1	4.935	-999	-999	1020C 3H-3 57
1923	154309.4	-999	5.714	0.233	1020C 3H-3 75
1925	154390.6	4.965	-999	-999	1020C 3H-3 77
1945	155580	5	-999	-999	1020C 3H-3 97
1948	155928	-999	6.048	0.245	1020C 3H-3 100
1965	157900	4.885	-999	-999	1020C 3H-3 117
1973	158828	-999	6.496	0.26	1020C 3H-3 125
1985	160220	4.9	-999	-999	1020C 3H-3 137
1998	161728	-999	8.19	0.317	1020C 3H-4 0
2023	164628	-999	8.416	0.325	1020C 3H-4 25
2025	164860	4.81	-999	-999	1020C 3H-4 27
2045	167180	4.84	-999	-999	1020C 3H-4 47
2048	167528	-999	8.065	0.313	1020C 3H-4 50
2065	169500	4.72	-999	-999	1020C 3H-4 67
2073	170428	-999	7.812	0.305	1020C 3H-4 75
2098	173328	-999	9.419	0.359	1020C 3H-4 100
2105	174140	4.7	-999	-999	1020C 3H-4 107
2123	176228	-999	8.675	0.334	1020C 3H-4 125
2125	176460	4.73	-999	-999	1020C 3H-4 127
2144	178664	4.31	-999	-999	1020C 3H-4 146
2148	179128	-999	8.619	0.332	1020C 3H-5 0
2165	181100	4.79	-999	-999	1020C 3H-5 17
2173	182028	-999	8.717	0.335	1020C 3H-5 25
2185	183420	4.84	-999	-999	1020C 3H-5 37
2198	184844.4	-999	8.199	0.318	1020C 3H-5 50
2223	187483.3	-999	8.904	0.342	1020C 3H-5 75
2225	187694.4	4.69	-999	-999	1020C 3H-5 77
2248	190122.2	-999	8.355	0.323	1020C 3H-5 100
2265	191916.7	4.445	-999	-999	1020C 3H-5 117
2273	192761.1	-999	9.152	0.35	1020C 3H-5 125
2298	195400	-999	6.683	0.266	1020C 3H-6 0
2305	196138.9	4.29	-999	-999	1020C 3H-6 7
2323	198038.9	-999	8.911	0.342	1020C 3H-6 25
2325	198250	4.17	-999	-999	1020C 3H-6 27
2345	200361.1	4.105	-999	-999	1020C 3H-6 47
2348	200677.8	-999	10.73	0.404	1020C 3H-6 50
2365	202472.2	3.93	-999	-999	1020C 3H-6 67
2373	203342.7	-999	10.802	0.406	1020C 3H-6 75
2385	204713.4	3.94	-999	-999	1020C 3H-6 87
2398	206198.3	-999	8.302	0.321	1020C 3H-6 100
2405	206997.8	4.185	-999	-999	1020C 3H-6 107
2423	209053.9	-999	10.029	0.38	1020C 3H-6 125
2425	209282.3	4.12	-999	-999	1020C 3H-6 127
2445	211566.8	4.075	-999	-999	1020C 3H-6 147
2448	211909.5	-999	10.71	0.403	1020C 3H-7 0
2465	213851.3	4.04	-999	-999	1020C 3H-7 17
2472	214565.1	-999	12.027	0.448	1020D 3H-3 24
2473	214765.1	-999	12.179	0.453	1020C 3H-7 25
2484	216021.6	3.65	-999	-999	1020D 3H-3 37
2485	216135.8	3.9	-999	-999	1020C 3H-7 37
2497	217186.3	-999	11.956	0.446	1020C 3H-7 50
2499	217356.5	-999	11.633	0.435	1020D 3H-3 50
2505	217867.3	4.01	-999	-999	1020C 3H-7 57
2522	219314.3	-999	6.742	0.268	1020D 3H-3 74
2524	219484.5	4.15	-999	-999	1020D 3H-3 77
2525	219569.6	4.13	-999	-999	1020C 3H-7 77
2536	220506	4.245	-999	-999	1020Cc 3H-CC 7
2548	221527.4	-999	6.939	0.275	1020D 3H-3 100
2572	223602.8	-999	6.446	0.258	1020D 3H-3 124
2584	224819.4	4.49	-999	-999	1020D 3H-3 137
2592	225630.6	-999	6.187	0.249	1020D 3H-3 144
2598	226238.9	-999	6.776	0.269	1020D 3H-4 0
2604	226847.2	4.26	-999	-999	1020C 4H-1 17
2622	228672.2	-999	6.055	0.245	1020D 3H-4 24
2623	228773.6	4.355	-999	-999	1020C 4H-1 36
2640	230497.2	4.32	-999	-999	1020D 3H-4 47
2640	230497.2	-999	7.086	0.28	1020D 3H-4 50
2644	230902.8	4.15	-999	-999	1020C 4H-1 57
2650	231511.1	4.3	-999	-999	1020D 3H-4 67
2655	232018.1	-999	6.245	0.251	1020D 3H-4 74
2664	232930.6	4.36	-999	-999	1020C 4H-1 77
2665	233031.9	4.37	-999	-999	1020D 3H-4 87
2672	233741.7	-999	6.773	0.269	1020D 3H-4 100
2677.5	234299.3	4.21	-999	-999	1020D 3H-4 107
2684	234958.3	4.1	-999	-999	1020C 4H-1 97
2687	235262.5	-999	8.587	0.331	1020D 3H-4 124
2690	235566.7	3.973	-999	-999	1020D 3H-4 127
2700	236580.6	-999	9.906	0.376	1020D 3H-4 144
2702.5	236834	3.75	-999	-999	1020D 3H-4 147
2704	236986.1	3.89	-999	-999	1020C 4H-1 117
2705	237087.5	-999	10.539	0.397	1020D 3H-5 0
2711	237695.8	-999	11.655	0.435	1020C 4H-1 125
2714	238000	3.923	-999	-999	1020D 3H-5 17
2720	238857.1	3.65	-999	-999	1020D 3H-5 37
2724	239428.6	-999	-999	-999	1020C 4H-1 137
2737	241285.7	-999	8.521	0.329	1020C 4H-2 0
2744	242285.7	3.97	-999	-999	1020C 4H-2 7
2762	244857.1	-999	8.825	0.339	1020C 4H-2 25
2764	245142.9	-999	-999	-999	1020C 4H-2 27
2784	248000	4.21	-999	-999	1020C 4H-2 47
2787	248428.6	-999	8	0.311	1020C 4H-2 50
2804	250857.1	4.8	-999	-999	1020C 4H-2 67
2812	252000	-999	7.801	0.304	1020C 4H-2 75
2824	253714.3	4.895	-999	-999	1020C 4H-2 87
2837	254676.9	-999	8.02	0.312	1020C 4H-2 100
2844	255107.7	4.865	-999	-999	1020C 4H-2 107
2862	256215.4	-999	8.018	0.312	1020C 4H-2 125
2864	256338.5	4.815	-999	-999	1020C 4H-2 127
2884	257569.2	4.7	-999	-999	1020C 4H-2 147
2887	257753.8	-999	7.467	0.293	1020C 4H-3 0
2904	258800	4.81	-999	-999	1020C 4H-3 17
2912	259292.3	-999	7.861	0.306	1020C 4H-3 25
2924	260030.8	4.665	-999	-999	1020C 4H-3 37
2937	260830.8	-999	6.822	0.271	1020C 4H-3 50
2944	261261.5	4.57	-999	-999	1020C 4H-3 57
2962	262529	-999	5.625	0.23	1020C 4H-3 75
2964	262705.3	4.66	-999	-999	1020C 4H-3 77
2987	264733	-999	6.015	0.244	1020C 4H-3 100
3004	266231.7	4.69	-999	-999	1020C 4H-3 117
3012	266937	-999	6.358	0.255	1020C 4H-3 125
3037	269141.1	-999	7.07	0.279	1020C 4H-4 0
3062	271345.1	-999	7.269	0.286	1020C 4H-4 25
3087	273549.1	-999	6.39	0.256	1020C 4H-4 50
3112	275753.2	-999	7.801	0.304	1020C 4H-4 75
3137	277957.2	-999	6.73	0.268	1020C 4H-4 100
3162	280161.2	-999	6.643	0.265	1020C 4H-4 125
3184	282100.8	4.65	-999	-999	1020C 4H-4 147
3187	282365.3	-999	8.187	0.317	1020C 4H-5 0
3204	283864	4.47	-999	-999	1020C 4H-5 17
3212	284569.3	-999	8.265	0.32	1020C 4H-5 25
3224	285627.2	4.375	-999	-999	1020C 4H-5 37
3237	286773.3	-999	8.721	0.336	1020C 4H-5 50
3244	287390.5	4.23	-999	-999	1020C 4H-5 57
3262	288977.4	-999	10.435	0.394	1020C 4H-5 75
3264	289153.7	4.185	-999	-999	1020C 4H-5 77
3284	291402.1	4.2	-999	-999	1020C 4H-5 97
3287	291747.5	-999	7.322	0.288	1020C 4H-5 100
3304	293704.5	4.37	-999	-999	1020C 4H-5 117
3312	294625.5	-999	6.632	0.264	1020C 4H-5 125
3324	296006.9	4.58	-999	-999	1020C 4H-5 137
3337	297503.5	-999	7.84	0.306	1020C 4H-6 0
3344	298309.3	4.64	-999	-999	1020C 4H-6 7
3362	300125	-999	7.716	0.301	1020C 4H-6 25
3363	300218.8	4.44	-999	-999	1020D 4H-2 27
3364	300312.5	4.58	-999	-999	1020C 4H-6 27
3386	302375	-999	7.472	0.293	1020D 4H-2 50
3388	302562.5	4.29	-999	-999	1020D 4H-2 47
3390	302750	4.44	-999	-999	1020C 4H-6 47
3393	303031.2	-999	8.519	0.329	1020C 4H-6 50
3409	304531.2	4.23	-999	-999	1020D 4H-2 67
3410	304625	4.44	-999	-999	1020C 4H-6 67
3418	305375	-999	9.111	0.349	1020C 4H-6 75
3420	305562.5	-999	9.007	0.345	1020D 4H-2 74
3428	306312.5	4.03	-999	-999	1020D 4H-2 87
3430	306500	4.68	-999	-999	1020C 4H-6 87
3442	307625	-999	6.759	0.269	1020D 4H-2 100
3449	308281.2	4.31	-999	-999	1020D 4H-2 107
3466	309875	-999	9.136	0.35	1020D 4H-2 124
3469	310156.2	4.05	-999	-999	1020D 4H-2 127
3470	310250	3.96	-999	-999	1020C 4H-6 127
3486	311750	-999	9.415	0.359	1020D 4H-2 144
3489	312031.2	3.86	-999	-999	1020D 4H-2 147
3490	312125	3.95	-999	-999	1020C 4H-6 147
3492	312312.5	-999	9.568	0.364	1020D 4H-3 0
3509	313906.2	3.775	-999	-999	1020D 4H-3 17
3510	314000	3.73	-999	-999	1020C 4H-7 17
3516	314562.5	-999	10.62	0.4	1020D 4H-3 24
3530	315875	3.72	-999	-999	1020C 4H-7 37
3542	317000	-999	8.613	0.332	1020D 4H-3 50
3549	318054.2	3.95	-999	-999	1020D 4H-3 57
3550	318204.8	3.73	-999	-999	1020C 4H-7 57
3566	320614.5	-999	10.323	0.39	1020D 4H-3 74
3569	321066.3	3.74	-999	-999	1020D 4H-3 77
3570	321216.9	3.69	-999	-999	1020C 4H-7 77
3589	324078.3	3.58	-999	-999	1020D 4H-3 97
3592	324530.1	-999	11.437	0.428	1020D 4H-3 100
3609	327090.4	3.38	-999	-999	1020D 4H-3 117
3616	328144.6	-999	12.365	0.459	1020D 4H-3 124
3629	329963.7	3.31	-999	-999	1020D 4H-3 137
3633	330427.4	-999	12.54	0.465	1020D 4H-3 141
3642	331470.8	-999	12.758	0.473	1020D 4H-4 0
3649	332282.3	3.2	-999	-999	1020D 4H-4 7
3666	334253.1	-999	10.609	0.4	1020D 4H-4 24
3669	334600.9	3.54	-999	-999	1020D 4H-4 27
3689	336919.5	4.45	-999	-999	1020D 4H-4 47
3691	337151.3	-999	7.856	0.272	1020C 5H-1 50
3692	337267.3	-999	7.922	0.308	1020D 4H-4 50
3698	337962.8	4.55	-999	-999	1020C 5H-1 57
3709	339238.1	4.68	-999	-999	1020D 4H-4 67
3716	340049.6	-999	6.867	0.19	1020C 5H-1 75
3729	341556.6	4.59	-999	-999	1020D 4H-4 87
3738	342600	4.805	-999	-999	1020C 5H-1 97
3741	342822.4	-999	7.448	0.23	1020C 5H-1 100
3758	344083	4.8	-999	-999	1020C 5H-1 117
3766	344676.2	-999	7.773	0.255	1020C 5H-1 125
3791	346529.9	-999	7.595	0.237	1020C 5H-2 0
3798	347049	4.66	-999	-999	1020C 5H-2 7
3816	348383.7	-999	8.545	0.29	1020C 5H-2 25
3818	348532	4.515	-999	-999	1020C 5H-2 27
3841	350237.4	-999	6.155	0.187	1020C 5H-2 50
3858	351498	4.46	-999	-999	1020C 5H-2 67
3866	352091.2	-999	5.834	0.115	1020C 5H-2 75
3878	352981	4.51	-999	-999	1020C 5H-2 87
3891	354115.6	-999	5.044	0.08	1020C 5H-2 100
3916	356680.5	-999	5.586	0.168	1020C 5H-2 125
3918	356885.7	4.53	-999	-999	1020C 5H-2 127
3938	358937.7	4.43	-999	-999	1020C 5H-2 147
3941	359245.5	-999	5.476	0.127	1020C 5H-3 0
3966	361810.4	-999	5.757	0.142	1020C 5H-3 25
3978	363041.6	4.31	-999	-999	1020C 5H-3 37
3991	364375.3	-999	6.567	0.167	1020C 5H-3 50
3998	365093.5	4.35	-999	-999	1020C 5H-3 57
4016	366940.3	-999	6.44	0.166	1020C 5H-3 75
4038	369197.4	4.3	-999	-999	1020C 5H-3 97
4041	369505.2	-999	7.493	0.219	1020C 5H-3 100
4058	371249.4	4.34	-999	-999	1020C 5H-3 117
4066	372070.1	-999	7.282	0.256	1020C 5H-3 125
4091	374635.1	-999	8.029	0.257	1020C 5H-4 0
4098	375353.2	4.18	-999	-999	1020C 5H-4 7
4116	377200	-999	6.616	0.264	1020C 5H-4 25
4118	377405.2	4.1	-999	-999	1020C 5H-4 27
4141	379764.9	-999	8.043	0.312	1020C 5H-4 50
4158	381509.1	4.16	-999	-999	1020C 5H-4 67
4166	382329.9	-999	8.145	0.316	1020C 5H-4 75
4178	383561	4.02	-999	-999	1020C 5H-4 87
4191	384894.8	-999	7.38	0.29	1020C 5H-4 100
4216	387459.7	-999	8.048	0.313	1020C 5H-4 125
4218	387664.9	4.21	-999	-999	1020C 5H-4 127
4241	390024.7	-999	7.879	0.307	1020C 5H-5 0
4266	392589.6	-999	9.707	0.369	1020C 5H-5 25
4278	393800	4.57	-999	-999	1020C 5H-5 37
4291	395100	-999	10.696	0.403	1020C 5H-5 50
4298	395800	3.85	-999	-999	1020C 5H-5 57
4316	397600	-999	12.746	0.472	1020C 5H-5 75
4338	399800	3.25	-999	-999	1020C 5H-5 97
4341	400100	-999	13.983	0.514	1020C 5H-5 100
4358	402680	3.2	-999	-999	1020C 5H-5 117
4366	404360	-999	13.07	0.483	1020C 5H-5 125
4391	409610	-999	12.703	0.471	1020C 5H-6 0
4398	411080	3.28	-999	-999	1020C 5H-6 7
4416	414860	-999	12.693	0.471	1020C 5H-6 25
4418	415280	3.36	-999	-999	1020C 5H-6 27
4441	420110	-999	12.169	0.453	1020C 5H-6 50
4458	422509.1	4.105	-999	-999	1020C 5H-6 67
4466	423018.2	-999	9.468	0.361	1020C 5H-6 75
4478	423781.8	4.59	-999	-999	1020C 5H-6 87
4491	424609.1	-999	7.025	0.278	1020C 5H-6 100
4516	426200	-999	5.672	0.232	1020C 5H-6 125
4518	426327.3	5.005	-999	-999	1020C 5H-6 127
4541	427790.9	5.02	-999	-999	1020D 5H-2 147
4561	429110.2	5.045	-999	-999	1020D 5H-3 17
4568	429881.9	-999	6.85	0.272	1020D 5H-3 25
4581	431315	5.12	-999	-999	1020D 5H-3 37
4593	432637.8	-999	5.357	0.221	1020D 5H-3 50
4598	433189	4.94	-999	-999	1020C 5H-3 57
4601	433519.7	4.83	-999	-999	1020D 5H-3 57
4618	435393.7	-999	5.504	0.226	1020D 5H-3 74
4621	435724.4	4.98	-999	-999	1020D 5H-3 77
4641	437929.1	4.88	-999	-999	1020D 5H-3 97
4644	438259.8	-999	6.271	0.252	1020D 5H-3 100
4661	440133.9	4.81	-999	-999	1020D 5H-3 117
4668	440905.5	-999	6.559	0.262	1020D 5H-3 124
4681	442338.6	4.715	-999	-999	1020D 5H-3 137
4688	443087.8	-999	7.542	0.295	1020D 5H-3 144
4694	443614.3	-999	7.652	0.299	1020D 5H-4 0
4701	444228.6	4.64	-999	-999	1020D 5H-4 7
4718	445720.6	-999	8.683	0.334	1020D 5H-4 24
4721	445983.8	4.49	-999	-999	1020D 5H-4 27
4741	447739	4.525	-999	-999	1020D 5H-4 47
4744	448002.3	-999	7.747	0.302	1020D 5H-4 50
4749	448441.1	4.53	-999	-999	1020C 6H-1 37
4761	449494.2	4.49	-999	-999	1020D 5H-4 67
4762	449582	-999	7.027	0.278	1020C 6H-1 50
4768	450108.5	-999	6.191	0.25	1020D 5H-4 74
4769	450196.3	4.46	-999	-999	1020C 5H-4 57
4781	451249.4	4.51	-999	-999	1020D 5H-4 87
4787	451776	-999	5.743	0.234	1020C 6H-1 75
4801	453004.6	4.555	-999	-999	1020D 5H-4 107
4809	453706.7	4.535	-999	-999	1020C 6H-1 97
4812	453970	-999	6.659	0.265	1020C 6H-1 100
4829	455461.9	4.37	-999	-999	1020C 6H-1 117
4837	456164	-999	6.84	0.272	1020C 6H-1 125
4862	458358	-999	4.885	0.205	1020C 6H-2 0
4869	458972.3	4.505	-999	-999	1020C 6H-2 7
4887	460552	-999	6.881	0.273	1020C 6H-2 25
4889	460727.5	4.475	-999	-999	1020C 6H-2 27
4912	462746	-999	7.932	0.309	1020C 6H-2 50
4929	464237.9	4.32	-999	-999	1020C 6H-2 67
4937	464940	-999	7.472	0.293	1020C 6H-2 75
4949	465993.1	4.345	-999	-999	1020C 6H-2 87
4962	467133.9	-999	6.349	0.255	1020C 6H-2 100
4987	469327.9	-999	7.414	0.291	1020C 6H-2 125
4989	469503.5	4.35	-999	-999	1020C 6H-2 127
5009	471258.7	4.2	-999	-999	1020C 6H-2 147
5012	471521.9	-999	8.509	0.328	1020C 6H-3 0
5037	473715.9	-999	8.532	0.329	1020C 6H-3 25
5049	474769.1	4.01	-999	-999	1020C 6H-3 37
5062	475909.9	-999	6.979	0.276	1020C 6H-3 50
5069	476524.2	4.09	-999	-999	1020C 6H-3 57
5087	478103.9	-999	9.061	0.347	1020C 6H-3 75
5109	480034.6	3.815	-999	-999	1020C 6H-3 97
5112	480297.9	-999	7.322	0.288	1020C 6H-3 100
5129	482032.8	3.765	-999	-999	1020C 6H-3 117
5137	482950.8	-999	9.294	0.355	1020C 6H-3 125
5162	485819.7	-999	9.579	0.365	1020C 6H-4 0
5169	486623	3.68	-999	-999	1020C 6H-4 7
5187	488688.5	-999	9.675	0.368	1020C 6H-4 25
5189	488918	3.785	-999	-999	1020C 6H-4 27
5212	491557.4	-999	10.1	0.382	1020C 6H-4 50
5229	493508.2	3.63	-999	-999	1020C 6H-4 67
5237	494426.2	-999	10.204	0.386	1020C 6H-4 75
5249	495803.3	3.8	-999	-999	1020C 6H-4 87
5262	497295.1	-999	9.931	0.377	1020C 6H-4 100
5287	500163.9	-999	9.403	0.359	1020C 6H-4 125
5289	500393.4	3.79	-999	-999	1020C 6H-4 127
5309	502688.5	3.86	-999	-999	1020C 6H-4 147
5312	503032.8	-999	9.279	0.354	1020C 6H-5 0
5337	505901.6	-999	7.737	0.302	1020C 6H-5 25
5349	507278.7	4.03	-999	-999	1020C* 6H-5 37
5362	508770.5	-999	8.892	0.341	1020C 6H-5 50
5369	509573.8	4.07	-999	-999	1020C* 6H-5 57
5387	511639.3	-999	10.038	0.38	1020C 6H-5 75
5409	514163.9	4.28	-999	-999	1020C* 6H-5 97
5412	514508.2	-999	9.637	0.367	1020C 6H-5 100
5429	516459	4.15	-999	-999	1020C* 6H-5 117
5437	517377	-999	10.03	0.38	1020C 6H-5 125
5462	520245.9	-999	10.132	0.383	1020C 6H-6 0
5469	521049.2	3.97	-999	-999	1020C 6H-6 7
5487	523132.5	-999	8.387	0.324	1020C 6H-6 25
5489	523397.5	3.895	-999	-999	1020C 6H-6 27
5512	526445	-999	10.062	0.381	1020C 6H-6 50
5529	528697.5	4.03	-999	-999	1020C 6H-6 67
5537	529757.5	-999	9.451	0.36	1020C 6H-6 75
5549	531347.5	4.105	-999	-999	1020C 6H-6 87
5562	533070	-999	7.048	0.279	1020C 6H-6 100
5587	536382.5	-999	7.19	0.283	1020C 6H-6 125
5589	536647.5	4.41	-999	-999	1020C 6H-6 127
5609	539112.4	4.485	-999	-999	1020C 6H-6 147
5612	539324.7	-999	8.042	0.312	1020C 6H-7 0
5615	539537.1	4.475	-999	-999	1020D 6H-3 37
5628	540457.3	-999	8.609	0.332	1020D 6H-3 50
5635	540952.8	4.425	-999	-999	1020D 6H-3 57
5637	541094.4	-999	7.976	0.31	1020C 6H-7 25
5649	541943.8	4.44	-999	-999	1020C 6H-7 37
5652	542156.2	-999	8.666	0.334	1020D 6H-3 74
5655	542368.5	4.435	-999	-999	1020D 6H-3 77
5662	542864	-999	7.507	0.294	1020C 6H-7 50
5669	543359.6	4.425	-999	-999	1020C 6H-7 57
5675	543784.3	4.4	-999	-999	1020D 6H-3 97
5678	543996.6	-999	7.994	0.311	1020D 6H-3 100
5687	544633.7	-999	7.853	0.306	1020C 6H-7 75
5695	545200	4.325	-999	-999	1020D 6H-3 117
5702	545695.5	-999	8.082	0.314	1020D 6H-3 124
5715	546615.7	4.31	-999	-999	1020D 6H-3 137
5722	547111.2	-999	8.328	0.322	1020D 6H-3 144
5728	547536	-999	7.987	0.311	1020D 6H-4 0
5735	548031.5	4.26	-999	-999	1020D 6H-4 7
5752	549234.8	-999	7.492	0.294	1020D 6H-4 24
5754	549376.4	-999	7.113	0.281	1020C 7H-1 100
5755	549447.2	4.2	-999	-999	1020D 6H-4 27
5775	550862.9	4.105	-999	-999	1020D 6H-4 47
5776	550933.7	-999	8.267	0.32	1020D 6H-4 50
5779	551146.1	-999	9.795	0.372	1020C 7H-1 125
5795	552818.6	3.955	-999	-999	1020D 6H-4 67
5804	553897.4	-999	9.003	0.345	1020C 7H-2 0
5815	555216	4.045	-999	-999	1020D 6H-4 87
5829	556894.2	-999	10.178	0.385	1020C 7H-2 25
5854	559891	-999	7.409	0.291	1020C 7H-2 50
5879	562887.8	-999	9.607	0.366	1020C 7H-2 75
5904	565884.6	-999	10.546	0.398	1020C 7H-2 100
5929	568881.4	-999	12.333	0.458	1020C 7H-2 125
5954	571624.8	-999	11.776	0.439	1020C 7H-3 0
5979	574169	-999	12.474	0.463	1020C 7H-3 25
6004	576713.3	-999	8.567	0.33	1020C 7H-3 50
6029	579257.5	-999	8.51	0.328	1020C 7H-3 75
6054	581801.8	-999	9.608	0.366	1020C 7H-3 100
6079	584346	-999	8.467	0.327	1020C 7H-3 125
6104	586890.3	-999	8.235	0.319	1020C 7H-4 0
6129	589434.5	-999	9.966	0.378	1020C 7H-4 25
6154	591978.8	-999	8.691	0.334	1020C 7H-4 50
6179	594523	-999	8.807	0.338	1020C 7H-4 75
6204	597067.3	-999	11.247	0.421	1020C 7H-4 100
6229	599611.5	-999	8.044	0.312	1020C 7H-4 125
6254	602155.8	-999	7.34	0.289	1020C 7H-5 0
6279	604700	-999	8.569	0.33	1020C 7H-5 25
6304	607244.2	-999	9.245	0.353	1020C 7H-5 50
6329	609788.5	-999	9.623	0.366	1020C 7H-5 75
6354	612332.7	-999	8.627	0.332	1020C 7H-5 100
6379	614877	-999	11.43	0.428	1020C 7H-5 125
6404	617146.1	-999	11.458	0.429	1020C 7H-6 0
6429	619117.1	-999	11.129	0.417	1020C 7H-6 25
6454	621088.2	-999	8.939	0.343	1020C 7H-6 50
6479	623059.2	-999	8.312	0.322	1020C 7H-6 75
6504	625030.3	-999	8.477	0.327	1020C 7H-6 100
6529	627001.3	-999	9.372	0.358	1020C 7H-6 125
6549	628578.2	-999	9.105	0.349	1020C 7H-6 144
6564	629760.8	-999	8.834	0.339	1020D 7H-3 0
6577	630785.7	4.276	-999	-999	1020C 8H-1 010-015
6589	631731.8	-999	7.695	0.301	1020D 7H-3 25
6607	633151	4.189	-999	-999	1020C 8H-1 40-45
6614	633702.9	-999	7.771	0.303	1020D 7H-3 50
6637	635516.3	4.155	-999	-999	1020C 8H-1 70-75
6639	635673.9	-999	8.257	0.32	1020D 7H-3 75
6664	637645	-999	8.763	0.337	1020D 7H-3 99
6667	637881.5	4.026	-999	-999	1020C 8H-1 100-105
6689	639616	-999	9.068	0.347	1020D 7H-3 125
6690	639694.9	-999	9.148	0.35	1020C 8H-1 125
6697	640246.8	3.964	-999	-999	1020C 8H-1 130-135
6715	641665.9	-999	8.766	0.337	1020C 8H-2 0
6727	642612	4.036	-999	-999	1020C 8H-2 010-015
6740	643637	-999	9.248	0.353	1020C 8H-2 25
6757	644977.3	3.947	-999	-999	1020C 8H-2 40-45
6765	645608	-999	8.952	0.343	1020C 8H-2 50
6787	647342.5	3.998	-999	-999	1020C 8H-2 70-75
6790	647579.1	-999	9.266	0.354	1020C 8H-2 75
6815	649550.1	-999	7.765	0.303	1020C 8H-2 99
6817	649707.8	3.751	-999	-999	1020C 8H-2 100-105
6840	651521.2	-999	8.128	0.315	1020C 8H-2 125
6847	652073.1	3.917	-999	-999	1020C 8H-2 130-135
6865	653492.2	-999	9.617	0.366	1020C 8H-3 0
6877	654438.3	3.722	-999	-999	1020C 8H-3 010-015
6890	655463.3	-999	10.125	0.383	1020C 8H-3 25
6907	656803.6	3.666	-999	-999	1020C 8H-3 40-45
6915	657434.3	-999	7.949	0.309	1020C 8H-3 50
6937	659168.8	3.764	-999	-999	1020C 8H-3 70-75
6940	659405.3	-999	7.985	0.311	1020C 8H-3 75
6965	661376.4	-999	9.487	0.362	1020C 8H-3 100
6967	661534.1	3.716	-999	-999	1020C 8H-3 100-105
6990	663347.4	-999	8.031	0.312	1020C 8H-3 125
6997	663899.3	3.619	-999	-999	1020C 8H-3 130-135
7015	665318.5	-999	8.497	0.328	1020C 8H-4 0
7027	666264.6	3.583	-999	-999	1020C 8H-4 010-015
7040	667289.5	-999	10.911	0.41	1020C 8H-4 25
7057	668629.8	3.36	-999	-999	1020C 8H-4 40-45
7065	669260.6	-999	8.239	0.319	1020C 8H-4 50
7087	670995.1	3.342	-999	-999	1020C 8H-4 70-75
7090	671231.6	-999	10.953	0.411	1020C 8H-4 75
7115	673202.7	-999	7.881	0.307	1020C 8H-4 100
7117	673360.4	3.257	-999	-999	1020C 8H-4 100-105
7140	675173.7	-999	10.687	0.402	1020C 8H-4 125
7165	677144.8	-999	10.549	0.398	1020C 8H-5 0
7190	679115.8	-999	11.634	0.435	1020C 8H-5 25
7215	681086.9	-999	11.926	0.444	1020C 8H-5 50
7240	683057.9	-999	12.76	0.473	1020C 8H-5 75
7265	685029	-999	11.679	0.436	1020C 8H-5 100
7290	687000	-999	12.527	0.465	1020C 8H-5 125
7315	690676.5	-999	13.629	0.502	1020C 8H-6 0
7340	694352.9	-999	12.318	0.458	1020C 8H-6 25
7357	696852.9	3.366	-999	-999	1020C 8H-6 40-45
7365	698029.4	-999	10.721	0.404	1020C 8H-6 50
7387	701264.7	3.745	-999	-999	1020C 8H-6 70-75
7390	701705.9	-999	9.179	0.351	1020C 8H-6 75
7415	705382.4	-999	8.887	0.341	1020C 8H-6 100
7417	705676.5	3.842	-999	-999	1020C 8H-6 100-105
7440	709058.8	-999	9.153	0.35	1020C 8H-6 125
7447	710088.2	3.933	-999	-999	1020C 8H-6 130-135
7465	712735.3	-999	10.556	0.398	1020C 8H-7 0
7477	714500	3.864	-999	-999	1020C 8H-7 010-015
7490	716411.8	-999	11.3	0.423	1020C 8H-7 25
7506	718764.7	-999	11.708	0.437	1020D 8H-3 0
7515	720088.2	-999	11.887	0.443	1020C 8H-7 50
7531	722441.2	-999	10.944	0.411	1020D 8H-3 25
7536	723176.5	3.591	-999	-999	1020C 8H-7 69-74
7556	726117.6	-999	11.21	0.42	1020D 8H-3 50
7581	729794.1	-999	11.533	0.431	1020D 8H-3 75
7589	730970.6	3.388	-999	-999	1020C 9H-1 010-015
7605	733323.5	-999	11.414	0.427	1020D 8H-3 99
7619	735382.4	3.494	-999	-999	1020C 9H-1 40-45
7631	737091.3	-999	11.198	0.42	1020D 8H-3 125
7649	738733.8	3.551	-999	-999	1020C 9H-1 70-75
7651	738916.3	-999	11.017	0.414	1020D 8H-3 145
7652	739007.6	-999	11.392	0.426	1020C 9H-1 75
7677	741289	-999	11.84	0.442	1020C 9H-1 100
7679	741471.5	3.564	-999	-999	1020C 9H-1 100-105
7702	743570.3	-999	8.643	0.333	1020C 9H-1 125
7709	744209.1	3.922	-999	-999	1020C 9H-1 130-135
7727	745851.7	-999	9.739	0.37	1020C 9H-2 0
7739	746946.8	3.89	-999	-999	1020C 9H-2 010-015
7752	748133.1	-999	9.243	0.353	1020C 9H-2 25
7777	750414.4	-999	9.405	0.359	1020C 9H-2 50
7802	752695.8	-999	9.922	0.376	1020C 9H-2 75
7827	754977.2	-999	9.617	0.366	1020C 9H-2 100
7829	755159.7	3.601	-999	-999	1020C 9H-2 100-105
7852	757258.6	-999	9.945	0.377	1020C 9H-2 125
7859	757897.3	3.497	-999	-999	1020C 9H-2 130-135
7877	759539.9	-999	9.767	0.371	1020C 9H-3 0
7889	760635	3.568	-999	-999	1020C 9H-3 010-015
7902	761821.3	-999	10.164	0.385	1020C 9H-3 25
7927	764102.7	-999	11.145	0.418	1020C 9H-3 50
7949	766110.3	3.319	-999	-999	1020C 9H-3 70-75
7952	766384	-999	8.929	0.343	1020C 9H-3 75
7977	768665.4	-999	9.592	0.365	1020C 9H-3 100
8002	770946.8	-999	11.137	0.418	1020C 9H-3 125
8027	773228.1	-999	9.547	0.364	1020C 9H-4 0
8052	775509.5	-999	11.911	0.444	1020C 9H-4 25
8077	777790.9	-999	11.254	0.422	1020C 9H-4 50
8102	780072.2	-999	12.126	0.451	1020C 9H-4 75
8127	782353.6	-999	10.543	0.397	1020C 9H-4 100
8129	782536.1	2.92	-999	-999	1020C 9H-4 100-105
8152	784635	-999	12.001	0.447	1020C 9H-4 125
8159	785367.6	3.289	-999	-999	1020C 9H-4 130-135
8177	787573.5	-999	8.676	0.334	1020C 9H-5 0
8189	789044.1	3.684	-999	-999	1020C 9H-5 010-015
8202	790637.3	-999	6.703	0.267	1020C 9H-5 25
8227	793701	-999	7.081	0.28	1020C 9H-5 50
8252	796764.7	-999	7.497	0.294	1020C 9H-5 75
8277	799828.4	-999	6.58	0.263	1020C 9H-5 100
8279	800073.5	3.882	-999	-999	1020C 9H-5 100-105
8302	802892.2	-999	7.384	0.29	1020C 9H-5 125
8309	803750	3.677	-999	-999	1020C 9H-5 130-135
8327	805955.9	-999	6.973	0.276	1020C 9H-6 0
8339	807426.5	3.678	-999	-999	1020C 9H-6 010-015
8352	809019.6	-999	8.813	0.339	1020C 9H-6 25
8369	810738	3.47	-999	-999	1020C 9H-6 40-45
8377	811394	-999	8.294	0.321	1020C 9H-6 50
8399	813198	3.457	-999	-999	1020C 9H-6 70-75
