# NOAA Paleoclimatology Program - Paleocean Site Data
# odp1145-tab.txt
# Complete Data
# File Created: 03-May-2006
#
#*********************************************************************************
# Please cite the contributor and the original publications when using these data
#*********************************************************************************
#
# Missing Values indicated by '-999'
#
# PI:             Delia W. Oppo
# Core/Site:      ODP1145
# Latitude:       19.35.00N	( 19.58333)
# Longitude:      117.38.00E	( 117.6333)
# Water Depth(m): 3175
#
# Publications:
#   Oppo, D.W. and Y. Sun. 2005. Amplitude and timing of sea-surface temperature
#     change in the northern South China Sea: Dynamic link to the East Asian monsoon.
#     Geology, Vol. 33(10), pp. 785-788.
#------------------
#
# Description & Notes:
#   South China Sea d18O and Mg/Ca Data and SST Reconstruction.
#   The precision of the measurements is better than ±0.09‰ for d18O, as determined
#   by replicate analyses of NBS-19 and laboratory standards. Based on repeated determinations
#   of 3 different consistency standards, instrumental error of Mg/Ca is estimated
#   to 0.
#
# ODP1145 C14 Dates
# 
#   yrBP      radiocarbon years B.P. (Libby half-life; B.P. = 1950)
# 
#  Depth      yrBP          Error+        Error-            Lab Num.  Notes
#  70          5080          55            55                               OS-27536              Cal Kyr. used: 5400  2sigma-error bars: 5381,5509  1H-01 50-52cm (0.7m)
#  150         10600         75            75                               OS-27537              Cal Kyr. used: 11800  2sigma-error bars: 11554, 12121 1H-01 130-132cm (1.5m)
#  180         12250         80            80                               OS-27538              Cal Kyr. used: 13700  2sigma-error bars: 13466, 13868 1H-02 11cm (1.8m)
#  180         12350         65            65                               OS-27540              Cal Kyr. used: 13700  2sigma-error bars: 13667, 13968 1H-02 11cm (1.8m)
#  220         13550         85            85                               OS-27539              Cal Kyr. used: 15700  2sigma-error bars: 15187, 15966 1H-02 50-52 (2.2m)
# 
# Variables:
#             depth         Depth (cm)
#             calyrBP       calendar years B.P. (B.P. = 1950)
#             d18Oc.wuell   delta O18 PDB (Cibicidoides wuellerstorfi)
#             d18Og.rub     delta O18 PDB (Globigerinoides ruber)
#             dbsurf        Depth below surface (cm)
#             Mg/Ca-g.rub   Magnesium/Calcium ratio (Globigerinoides ruber)
#             sst-mg/ca     Sea surface temperature from Mg/Ca
#
# CORE: ODP1145
depth	calyrBP	d18Oc.wuell	d18Og.rub	dbsurf	Mg/Ca-g.rub	sst-mg/ca	notes
26	1940	2.62	-2.69	0.06	3.38	27.8	C 1 H 1 6 8      
35	2720	-999	-2.32	0.15	3.49	28.2	C 1 H 1 15 17
45	3500	-999	-2.33	0.25	3.12	26.9	C 1 H 1 25 27
56	4280	-999	-2.46	0.36	3.37	27.8	C 1 H 1 36 38
65	5050	-999	-2.45	0.45	3.08	26.8	C 1 H 1 45 47
75	5850	-999	-2.56	0.55	3.39	27.8	C 1 H 1 55 57
86	6660	2.63	-2.05	0.66	3.52	28.3	C 1 H 1 66 68      
95	7480	-999	-2.39	0.75	3.22	27.3	C 1 H 1 75 77
105	8290	-999	-2.45	0.85	3.34	27.7	C 1 H 1 85 87
116	9110	-999	-1.91	0.96	3.58	28.5	C 1 H 1 96 98
125	9920	2.9	-2.37	1.05	3.56	28.4	C 1 H 1 105 107      
135	10740	-999	-1.98	1.15	3.44	28	C 1 H 1 115 117
146	11550	-999	-2.04	1.26	2.88	26	C 1 H 1 126 128
155	12280	-999	-2	1.35	3.17	27.1	C 1 H 1 135 137
176	13550	3.46	-1.72	1.56	3.36	27.8	C 1 H 2 6 8      
185	14100	-999	-1.86	1.65	3.37	27.8	C 1 H 2 15 17
195	14550	-999	-0.79	1.75	3.17	27.1	C 1 H 2 25 27
206	15000	-999	-1.46	1.86	2.42	24.1	C 1 H 2 36 38
215	15440	3.82	-1.27	1.95	2.39	24	C 1 H 2 45 47      
225	15830	-999	-0.77	2.05	2.45	24.2	C 1 H 2 55 57
236	16160	-999	-0.97	2.16	2.92	26.2	C 1 H 2 66 68
245	16490	-999	-1.14	2.25	2.66	25.1	C 1 H 2 75 77
255	16820	3.91	-0.98	2.35	2.37	23.9	C 1 H 2 85 87      
266	17150	-999	-1.29	2.46	2.48	24.4	C 1 H 2 96 98
275	17480	-999	-0.67	2.55	2.39	24	C 1 H 2 105 107
285	17810	-999	-0.78	2.65	2.63	25	C 1 H 2 115 117
296	18140	4.07	-0.92	2.76	2.46	24.3	C 1 H 2 126 128      
305	18470	-999	-0.6	2.85	2.47	24.3	C 1 H 2 135 137
315	18800	-999	-0.77	2.95	2.41	24.1	C 1 H 2 145 147
326	19130	-999	-0.76	3.06	2.64	25.1	C 1 H 3 6 8
335	19460	4.16	-0.91	3.15	2.54	24.6	C 1 H 3 15 17      
345	19790	-999	-0.85	3.25	2.24	23.2	C 1 H 3 25 27
356	20120	-999	-1.23	3.36	2.5	24.5	C 1 H 3 36 38
365	20450	-999	-1.08	3.45	2.63	25	C 1 H 3 45 47
375	20780	4.1	-1.03	3.55	2.73	25.5	C 1 H 3 55 57      
386	21100	-999	-1.18	3.66	2.48	24.4	C 1 H 3 66 68
395	21430	-999	-0.7	3.75	2.45	24.2	C 1 H 3 75 77
405	21760	-999	-1.22	3.85	2.59	24.9	C 1 H 3 85 87
416	22090	3.92	-0.73	3.96	2.47	24.3	C 1 H 3 96 98      
425	22420	-999	-0.63	4.05	2.4	24	C 1 H 3 105 107
435	22750	-999	-0.82	4.15	2.58	24.8	C 1 H 3 115 117
445	23080	-999	-0.79	4.25	2.4	24	C 1 H 3 125 127
455	23410	4.02	-0.67	4.35	2.23	23.2	C 1 H 3 135 137      
465	23740	-999	-0.78	4.45	2.34	23.7	C 1 H 3 145 147
476	24070	-999	-0.69	4.56	2.42	24.1	C 1 H 4 6 8
485	24400	3.99	-0.74	4.65	2.5	24.5	C 1 H 4 15 17      
495	24730	-999	-999	4.75	2.42	24.1	C 1 H 4 25 27
506	25060	-999	-1.32	4.86	2.59	24.9	C 1 H 4 36 38
515	25390	-999	-0.88	4.95	2.51	24.5	C 1 H 4 45 47
525	25720	3.84	-0.79	5.05	2.53	24.6	C 1 H 4 55 57      
536	26050	-999	-0.79	5.16	2.48	24.4	C 1 H 4 66 68
545	26380	-999	-1	5.25	2.36	23.8	C 1 H 4 75 77
555	26710	-999	-0.85	5.35	2.29	23.5	C 1 H 4 85 87
566	27030	3.98	-0.93	5.46	2.27	23.4	C 1 H 4 96 98      
575	27360	-999	-1.22	5.55	2.59	24.8	C 1 H 4 105 107
585	27690	-999	-0.94	5.65	2.25	23.3	C 1 H 4 115 117
596	28020	-999	-1.05	5.76	2.3	23.5	C 1 H 4 126 128
605	28350	-999	-1.05	5.85	2.64	25.1	C 1 H 4 135 137
615	28680	3.92	-1.23	5.95	2.61	25	C 1 H 4 145 147      
626	29010	-999	-1.2	6.06	2.57	24.8	C 1 H 5 6 8
635	29340	-999	-1.27	6.15	2.55	24.7	C 1 H 5 15 17
645	29670	-999	-1.14	6.25	2.49	24.4	C 1 H 5 25 27
656	30000	3.79	-1.1	6.36	2.31	23.6	C 1 H 5 36 38      
665	30350	-999	-1.11	6.45	2.63	25	C 1 H 5 45 47
675	30700	-999	-1.08	6.55	2.58	24.8	C 1 H 5 55 57
686	31040	-999	-1.27	6.66	2.75	25.5	C 1 H 5 66 68
695	31390	3.91	-1.41	6.75	2.7	25.3	C 1 H 5 75 77      
705	31740	-999	-1.19	6.85	2.56	24.7	C 1 H 5 85 87
715	32090	-999	-1.43	6.85	2.47	24.3	B 2 H 1 25 27
726	32430	-999	-1.45	6.96	2.54	24.6	B 2 H 1 36 38
735	32780	3.84	-1	7.05	2.39	24	B 2 H 1 45 47      
745	33130	-999	-1.39	7.15	2.38	23.9	B 2 H 1 55 57
756	33480	-999	-0.94	7.26	2.64	25.1	B 2 H 1 66 68
765	33830	-999	-1.33	7.35	2.57	24.8	B 2 H 1 75 77
775	34170	3.84	-1.7	7.45	2.41	24.1	B 2 H 1 85 87      
786	34520	-999	-1.29	7.56	2.66	25.2	B 2 H 1 96 98
795	34870	-999	-1.11	7.65	2.74	25.5	B 2 H 1 105 107
805	35220	-999	-1.37	7.75	2.42	24.1	B 2 H 1 115 117
815	35570	-999	-1.32	7.85	2.52	24.6	B 2 H 1 125 127
825	35910	3.55	-1.49	7.95	2.76	25.6	B 2 H 1 135 137      
835	36260	-999	-1.53	8.05	2.84	25.9	B 2 H 1 145 147
846	36610	-999	-1.48	8.16	2.58	24.8	B 2 H 2 6 8
855	36960	-999	-1.27	8.25	2.72	25.4	B 2 H 2 15 17
865	37300	-999	-1.41	8.35	2.6	24.9	B 2 H 2 25 27
876	37650	3.71	-1.6	8.46	2.46	24.3	B 2 H 2 36 38      
885	38000	-999	-1.26	8.55	2.41	24.1	B 2 H 2 45 47
895	38480	-999	-1.15	8.65	2.43	24.2	B 2 H 2 55 57
905	38950	-999	-1.13	8.75	2.88	26	B 2 H 2 65 67
915	39430	-999	-1.2	8.85	2.72	25.4	B 2 H 2 75 77
925	39900	3.73	-1.11	8.95	2.53	24.6	B 2 H 2 85 87      
935	40380	-999	-1.32	9.05	2.74	25.5	B 2 H 2 95 97
945	40860	-999	-1.66	9.15	2.43	24.2	B 2 H 2 105 107
955	41330	3.56	-1.48	9.25	2.52	24.6	B 2 H 2 115 117      
965	41810	-999	-1.36	9.35	2.69	25.3	B 2 H 2 125 127
975	42290	-999	-1.06	9.45	2.62	25	B 2 H 2 135 137
985	42760	-999	-1.17	9.55	2.68	25.2	B 2 H 2 145 147
995	43240	3.59	-1.18	9.65	2.54	24.7	B 2 H 3 5 7      
1005	43710	-999	-1.71	9.75	2.59	24.9	B 2 H 3 15 17
1015	44190	-999	-1.21	9.85	2.63	25	B 2 H 3 25 27
1025	44670	-999	-1.24	9.95	2.59	24.9	B 2 H 3 35 37
1035	45140	3.68	-0.94	10.05	2.64	25.1	B 2 H 3 45 47      
1045	45620	-999	-1.29	10.15	2.82	25.8	B 2 H 3 55 57
1055	46100	-999	-1.5	10.25	2.38	23.9	B 2 H 3 65 67
1065	46570	-999	-1.66	10.35	2.4	24	B 2 H 3 75 77
1075	47050	3.56	-1.27	10.45	2.54	24.7	B 2 H 3 85 87      
1085	47520	-999	-1.32	10.55	2.5	24.5	B 2 H 3 95 97
1095	48000	-999	-1.5	10.65	2.39	24	B 2 H 3 105 107
1105	48670	-999	-1.2	10.75	2.51	24.5	B 2 H 3 115 117
1115	49330	3.57	-1.2	10.85	2.62	25	B 2 H 3 125 127      
1125	50000	-999	-1.43	10.95	2.4	24	B 2 H 3 135 137
1135	50670	-999	-1.66	11.05	2.95	26.3	B 2 H 3 145 147
1145	51330	-999	-1.72	11.15	3.07	26.8	B 2 H 4 5 7
1155	52000	3.55	-1.68	11.25	2.53	24.6	B 2 H 4 15 17      
1165	52670	-999	-1.7	11.35	2.6	24.9	B 2 H 4 25 27
1175	53330	-999	-1.57	11.46	2.82	25.8	B 2 H 4 36 38
1185	54000	-999	-1.57	11.55	2.59	24.9	B 2 H 4 45 47
1195	54670	3.41	-1.99	11.65	2.82	25.8	B 2 H 4 55 57      
1205	55330	-999	-2.05	11.75	3.06	26.7	B 2 H 4 65 67
1215	56000	-999	-2.12	11.85	2.83	25.9	B 2 H 4 75 77
1225	56670	-999	-1.54	11.95	2.62	25	B 2 H 4 85 87
1235	57330	-999	-1.75	12.05	2.63	25	B 2 H 4 95 97
1245	58000	3.38	-1.59	12.15	2.82	25.8	B 2 H 4 105 107      
1255	58370	-999	-2.08	12.25	2.84	25.9	B 2 H 4 115 117
1265	58740	-999	-1.3	12.35	2.46	24.3	B 2 H 4 125 127
1275	59110	-999	-1.73	12.45	2.35	23.8	B 2 H 4 135 137
1285	59470	3.54	-1.69	12.55	2.36	23.8	B 2 H 4 145 147      
1296	59840	-999	-1.59	12.66	2.71	25.3	B 2 H 5 6 8
1305	60210	-999	-2.12	12.75	2.71	25.4	B 2 H 5 15 17
1315	60580	-999	-2.14	12.85	2.74	25.5	B 2 H 5 25 27
1326	60950	-999	-1.86	12.96	2.69	25.3	B 2 H 5 36 38
1335	61320	-999	-1.98	13.05	2.67	25.2	B 2 H 5 45 47
1345	61680	-999	-1.4	13.15	2.55	24.7	B 2 H 5 55 57
1355	62050	-999	-1.66	13.25	2.65	25.1	B 2 H 5 65 67
1365	62420	-999	-1.9	13.35	2.5	24.5	B 2 H 5 75 77
1375	62790	3.61	-1.25	13.45	2.61	25	B 2 H 5 85 87      
1386	63160	-999	-1.06	13.56	2.69	25.3	B 2 H 5 96 98
1395	63530	-999	-1.15	13.65	2.46	24.3	B 2 H 5 105 107
1405	63890	-999	-0.92	13.75	2.4	24	B 2 H 5 115 117
1415	64260	3.69	-1.12	13.85	2.49	24.4	B 2 H 5 125 127      
1425	64630	-999	-1.14	13.95	2.33	23.7	B 2 H 5 135 137
1436	65000	-999	-1.37	11.26	2.46	24.3	C 2 H 3 66 68
1445	65370	-999	-1.25	11.35	2.69	25.3	C 2 H 3 75 77
1455	65740	3.66	-1.31	11.45	2.28	23.5	C 2 H 3 85 87      
1466	66110	-999	-1.56	11.56	2.42	24.1	C 2 H 3 96 98
1475	66470	-999	-1.25	11.65	2.41	24.1	C 2 H 3 105 107
1485	66840	-999	-1.01	11.75	2.42	24.1	C 2 H 3 115 117
1496	67210	3.68	-1.54	11.86	2.78	25.7	C 2 H 3 126 128      
1505	67580	-999	-1.57	11.95	2.72	25.4	C 2 H 3 135 137
1515	67950	-999	-1.42	12.05	2.58	24.8	C 2 H 3 145 147
1526	68320	-999	-1.15	12.16	2.6	24.9	C 2 H 4 6 8
1535	68680	-999	-1.25	12.25	2.72	25.4	C 2 H 4 15 17
1545	69050	-999	-1.54	12.35	2.62	25	C 2 H 4 25 27
1556	69420	3.64	-1.24	12.46	2.9	26.1	C 2 H 4 36 38      
1565	69790	-999	-1.49	12.55	3.03	26.6	C 2 H 4 45 47
1575	70160	-999	-1.52	12.65	2.84	25.9	C 2 H 4 55 57
1586	70530	-999	-1.15	12.76	2.75	25.5	C 2 H 4 66 68
1595	70890	-999	-1.93	12.85	2.66	25.2	C 2 H 4 75 77
1605	71260	-999	-1.67	12.95	2.65	25.1	C 2 H 4 85 87
1616	71630	3.39	-1.83	13.06	2.46	24.3	C 2 H 4 96 98      
1625	72000	-999	-2.06	13.15	2.83	25.8	C 2 H 4 105 107
1635	72370	-999	-1.46	13.25	2.77	25.6	C 2 H 4 115 117
1646	72740	-999	-1.78	13.36	2.65	25.1	C 2 H 4 126 128
1655	73110	2.98	-1.38	13.45	2.59	24.9	C 2 H 4 135 137      
1665	73470	-999	-1.57	13.55	2.78	25.7	C 2 H 4 145 147
1676	73840	-999	-1.05	13.66	2.95	26.3	C 2 H 5 6 8
1685	74210	-999	-1.86	13.75	3.07	26.8	C 2 H 5 15 17
1695	74580	3.3	-999	13.85	2.73	25.5	C 2 H 5 25 27      
1706	74950	-999	-1.98	13.96	2.79	25.7	C 2 H 5 36 38
1715	75320	-999	-1.66	14.05	3.28	27.5	C 2 H 5 45 47
1725	75680	-999	-2.06	14.15	2.71	25.4	C 2 H 5 55 57
1736	76050	3.25	-1.82	14.26	3.15	27	C 2 H 5 66 68      
1745	76420	-999	-2.23	14.35	3.26	27.4	C 2 H 5 75 77
1755	76790	-999	-2.33	14.45	3.38	27.8	C 2 H 5 85 87
1766	77160	-999	-2.03	14.56	2.79	25.7	C 2 H 5 96 98
1775	77530	-999	-2.18	14.65	2.95	26.3	C 2 H 5 105 107
1785	77890	-999	-2.26	14.75	3	26.5	C 2 H 5 115 117
1796	78260	-999	-2.15	14.86	2.65	25.1	C 2 H 5 126 128
1805	78630	-999	-2.37	14.95	2.75	25.5	C 2 H 5 135 137
1815	79000	3.02	-1.29	15.05	2.89	26.1	C 2 H 5 145 147      
1826	79640	-999	-1.78	15.16	3.08	26.8	C 2 H 6 6 8
1835	80270	-999	-2.11	15.25	3.12	26.9	C 2 H 6 15 17
1845	80910	-999	-2.31	15.35	3.16	27.1	C 2 H 6 25 27
1856	81550	2.99	-1.97	15.46	2.97	26.4	C 2 H 6 36 38      
1865	82180	-999	-1.98	15.55	3.36	27.8	C 2 H 6 45 47
1875	82820	-999	-2.18	15.65	3.34	27.7	C 2 H 6 55 57
1886	83450	-999	-1.88	15.76	3.14	27	C 2 H 6 66 68
1895	84090	3.18	-1.41	15.85	2.97	26.4	C 2 H 6 75 77      
1905	84730	-999	-1.54	15.95	3.1	26.9	C 2 H 6 85 87
1915	85360	-999	-1.88	18.15	2.8	25.7	B 3 H 2 55 57
1926	86000	-999	-1.32	18.26	3.09	26.8	B 3 H 2 66 68
1935	86640	-999	-1.37	18.35	2.6	24.9	B 3 H 2 75 77
1945	87270	3.41	-1.83	18.45	2.85	25.9	B 3 H 2 85 87      
1956	87910	-999	-2.09	18.56	2.63	25	B 3 H 2 96 98
1965	88550	-999	-2.23	18.65	2.57	24.8	B 3 H 2 105 107
1975	89180	-999	-1.53	18.75	2.64	25.1	B 3 H 2 115 117
1986	89820	3.25	-1.93	18.86	2.72	25.4	B 3 H 2 126 128      
1995	90450	-999	-1.45	18.95	3.25	27.4	B 3 H 2 135 137
2005	91090	-999	-1.51	19.05	2.85	25.9	B 3 H 2 145 147
2017	91730	-999	-1.4	19.17	3.13	27	B 3 H 3 7 9
2025	92360	3.12	-1.53	19.25	2.65	25.1	B 3 H 3 15 17      
2035	93000	-999	-1.99	19.35	2.63	25	B 3 H 3 25 27
2046	93640	-999	-2.11	19.46	3.04	26.6	B 3 H 3 36 38
2055	94270	-999	-1.78	19.55	2.71	25.4	B 3 H 3 45 47
2065	94910	3.08	-2.01	19.65	2.59	24.8	B 3 H 3 55 57      
2076	95550	-999	-1.91	19.76	3.01	26.5	B 3 H 3 66 68
2085	96180	-999	-1.98	19.85	3.31	27.6	B 3 H 3 75 77
2095	96820	-999	-1.78	19.95	2.77	25.6	B 3 H 3 85 87
2106	97450	3.08	-1.95	20.06	2.88	26	B 3 H 3 96 98      
2115	98090	-999	-1.72	20.15	3.03	26.6	B 3 H 3 105 107
2125	98730	-999	-1.68	20.25	2.91	26.2	B 3 H 3 115 117
2136	99360	-999	-2.2	20.36	3.19	27.2	B 3 H 3 126 128
2145	100000	2.95	-2.01	20.45	3.29	27.5	B 3 H 3 135 137      
2155	100630	-999	-2.31	20.55	3.43	28	B 3 H 3 145 147
2165	101250	-999	-2.13	20.65	3.16	27.1	B 3 H 4 5 7
2175	101880	-999	-1.67	20.75	3.27	27.5	B 3 H 4 15 17
2185	102500	3.01	-2.06	20.85	3.03	26.6	B 3 H 4 25 27      
2195	103130	-999	-2.04	20.95	3.46	28.1	B 3 H 4 35 37
2205	103750	-999	-2.05	21.05	3.38	27.8	B 3 H 4 45 47
2215	104380	-999	-1.67	21.15	3.28	27.5	B 3 H 4 55 57
2225	105000	3.22	-2.11	21.25	3.2	27.2	B 3 H 4 65 67      
2235	105630	-999	-2.01	21.35	3.5	28.2	B 3 H 4 75 77
2245	106250	-999	-2.54	21.45	3.45	28.1	B 3 H 4 85 87
2255	106880	-999	-1.83	21.55	3.18	27.1	B 3 H 4 95 97
2265	107500	3.19	-2.17	21.65	3.49	28.2	B 3 H 4 105 107      
2275	108130	-999	-2.34	21.75	3.43	28	B 3 H 4 115 117
2285	108750	-999	-2.22	21.85	3.27	27.5	B 3 H 4 125 127
2295	109380	-999	-1.91	21.95	3.16	27.1	B 3 H 4 135 137
2305	110000	3.35	-1.65	22.05	3.02	26.6	B 3 H 4 145 147      
2316	110880	-999	-1.67	22.16	2.85	25.9	B 3 H 5 6 8
2325	111750	-999	-1.81	22.25	2.71	25.4	B 3 H 5 15 17
2335	112630	-999	-1.88	22.35	2.9	26.1	B 3 H 5 25 27
2346	113500	3.27	-1.8	22.46	2.91	26.2	B 3 H 5 36 38      
2355	114380	-999	-1.6	22.55	2.87	26	B 3 H 5 45 47
2365	115250	-999	-1.57	22.65	2.69	25.3	B 3 H 5 55 57
2376	116130	-999	-2.1	22.76	2.98	26.4	B 3 H 5 66 68
2385	117000	2.82	-1.93	22.85	3.52	28.3	B 3 H 5 75 77      
2395	117950	-999	-1.98	22.95	3.65	28.7	B 3 H 5 85 87
2406	118910	-999	-2.17	23.06	3.43	28	B 3 H 5 96 98
2415	119860	-999	-2.46	23.15	3.25	27.4	B 3 H 5 105 107
2425	120820	2.46	-1.73	23.25	3.59	28.5	B 3 H 5 115 117      
2435	121770	-999	-1.96	23.35	3.81	29.1	B 3 H 5 125 127
2445	122730	-999	-2.16	23.45	3.79	29.1	B 3 H 5 135 137
2455	123680	-999	-2.02	23.55	3.51	28.2	B 3 H 5 145 147
2466	124640	2.44	-1.9	23.66	3.49	28.2	B 3 H 6 6 8      
2475	125590	-999	-1.95	23.75	3.74	29	B 3 H 6 15 17
2486	126550	-999	-2.17	21.36	3.45	28.1	A 4 H 1 96 98
2495	127500	-999	-1.45	21.45	3.59	28.5	A 4 H 1 105 107
2505	128000	-999	-1.03	21.55	3.04	26.6	A 4 H 1 115 117
2516	128500	-999	-1.56	21.66	3.14	27	A 4 H 1 126 128
2525	129000	-999	-1.23	21.75	3.31	27.6	A 4 H 1 135 137
2535	129500	-999	-0.93	21.85	3.26	27.4	A 4 H 1 145 147
2545	130000	-999	-1.17	21.96	3.36	27.7	A 4 H 2 6 8
2555	130500	-999	-1.1	22.05	2.95	26.3	A 4 H 2 15 17
2565	131000	3.51	-0.9	22.15	2.82	25.8	A 4 H 2 25 27      
2576	131500	-999	-1.15	22.26	2.84	25.9	A 4 H 2 36 38
2584	132000	-999	-1.33	22.34	2.98	26.4	A 4 H 2 44 46
2595	132500	-999	-1.01	22.45	2.81	25.8	A 4 H 2 55 57
2605	133000	-999	-0.68	22.55	2.65	25.1	A 4 H 2 65 67
2615	133500	3.83	-0.85	22.65	2.59	24.9	A 4 H 2 75 77      
2625	134000	-999	-0.72	22.75	2.58	24.8	A 4 H 2 85 87
2635	134500	-999	-0.87	22.85	2.54	24.7	A 4 H 2 95 97
2645	135000	-999	-1.14	22.95	2.5	24.5	A 4 H 2 105 107
2655	135500	-999	-0.82	23.05	2.6	24.9	A 4 H 2 115 117
2665	136000	3.99	-0.79	23.15	2.82	25.8	A 4 H 2 125 127      
2675	136500	-999	-0.81	23.25	2.81	25.8	A 4 H 2 135 137
2685	137000	-999	-0.67	23.35	2.82	25.8	A 4 H 2 145 147
2695	137430	-999	-0.62	23.45	2.96	26.3	A 4 H 3 5 7
2705	137860	3.95	-0.87	23.55	2.96	26.3	A 4 H 3 15 17      
2715	138290	-999	-0.56	23.65	2.87	26	A 4 H 3 25 27
2725	138710	-999	-0.91	23.75	2.62	25	A 4 H 3 35 37
2734	139140	-999	-0.8	23.84	2.94	26.3	A 4 H 3 44 46
2745	139570	4.09	-0.93	23.95	2.97	26.4	A 4 H 3 55 57      
2755	140000	-999	-0.63	24.05	2.56	24.7	A 4 H 3 65 67
2765	140430	-999	-0.54	24.15	2.68	25.2	A 4 H 3 75 77
2775	140860	-999	-1.06	24.25	2.8	25.7	A 4 H 3 85 87
2785	141290	3.88	-0.72	24.35	2.55	24.7	A 4 H 3 95 97      
2795	141710	-999	-1	24.45	2.55	24.7	A 4 H 3 105 107
2805	142140	-999	-1.14	24.55	2.84	25.9	A 4 H 3 115 117
2815	142570	-999	-1.02	24.65	2.72	25.4	A 4 H 3 125 127
2825	143000	3.73	-999	-999	-999	-999	
