# Oxygen isotope and sea surface temperature records from Site 1125 in the southwest Pacific, 0.13-2.8 Ma
#-----------------------------------------------------------------------
#               World Data Service for Paleoclimatology, Boulder
#                                   and
#                      NOAA Paleoclimatology Program
#-----------------------------------------------------------------------
# Template Version 3.0
# Encoding: UTF-8
# NOTE: Please cite original publication, online resource and date accessed when using this data.
# If there is no publication information, please cite Investigator, title, online resource and date accessed.
#
# Description/Documentation lines begin with #
# Data lines have no #
#
# Online_Resource: https://www.ncdc.noaa.gov/paleo/study/28490
#      Description: NOAA Landing Page
# Online_Resource: https://www1.ncdc.noaa.gov/pub/data/paleo/contributions_by_author/peterson2019/peterson2019-odp1125-d18o.txt
#      Description: NOAA location of the template
#
# Data_Type: Paleoceanography
#
# Dataset_DOI:
#
# Parameter_Keywords: oxygen isotopes, biomarkers, reconstructions
#---------------------------------------
# Contribution_Date
#    Date: 2019-12-09
#---------------------------------------
# File_Last_Modified_Date
#    Date: 2019-12-09
#---------------------------------------
# Title
#    Study_Name: Oxygen isotope and sea surface temperature records from Site 1125 in the southwest Pacific, 0.13-2.8 Ma
#---------------------------------------
# Investigators
#      Investigators: Peterson, Laura; Lawrence, Kira
#---------------------------------------
# Description_Notes_and_Keywords
#        Description: 
#         Provided Keywords: sea surface temperature, alkenone paleothermometry, Plio-Pleistocene climate, Milankovitch forcing
#---------------------------------------
# Publication
# Authors: L.C. Peterson, K.T. Lawrence, T.D. Herbert, R. Caballero-Gill, J. Wilson, K. Huska, H. Miller, C. Kelly, J. Seidenstein, D. Hovey, and L. Holte
# Published_Date_or_Year: 
# Published_Title: Plio-Pleistocene hemispheric (a)symmetries in the northern and southern hemisphere mid-latitudes
# Journal_Name: 
# Volume: 
# Edition: 
# Issue: 
# Pages: 
# Report_Number: 
# DOI: 
# Online_Resource: 
# Full_Citation: 
# Abstract: The transition from the warm, stable climate of the Pliocene to the progressively colder glaciations of the Pleistocene, as well as the climate system's evolving response to stationary orbital forcing over the Pleistocene, beg important questions about fundamental climate processes relevant to understanding the impacts of modern anthropogenic forcing of the Earth's energy budget. Here, we gain insight into the evolution of Plio-Pleistocene climate by generating an alkenone-derived, orbitally resolved sea surface temperature (SST) record from Ocean Drilling Program Site 1125 in the southwest Pacific. We compare our dataset to mid-latitude and equatorial SST records and to the benthic ?18O signal in order to evaluate similarities and differences in climate response between the hemispheres and across latitudes over the Plio-Pleistocene. Secular trends indicate first order symmetry between the northern and southern hemispheres in the magnitude of mean, glacial, and interglacial cooling. However, the tight coupling that is observed on both secular and orbital timescales between northern hemisphere, high latitude, and tropical upwelling climate throughout the last 4 Ma does not extend to southern hemisphere climate records as northern hemisphere glaciation intensifies in the late Pliocene. The 41-kyr signal remains weak at Site 1125 across the late Pliocene transition, but strengthens in conjunction with a major increase in global climate system sensitivity to obliquity forcing beginning around 1.8 Ma. Our analysis points to regionally varied responses across the late Pliocene transition and the emergence of a global feedback mechanism and strengthened obliquity-band climate sensitivity just prior to the mid-Pleistocene transition.
#---------------------------------------
# Funding_Agency
#    Funding_Agency_Name: NSF
#    Grant: OCE-1304480
#---------------------------------------
# Site_Information
# Site_Name: ODP 1125
# Location: South Pacific Ocean
# Country: 
# Northernmost_Latitude: -42.54993
# Southernmost_Latitude: -42.54993
# Easternmost_Longitude: -178.1665
# Westernmost_Longitude: -178.1665
# Elevation: -1365
#---------------------------------------
# Data_Collection
#   Collection_Name: ODP1125 Uk37-SST Peterson2019
#   First_Year: 2844200
#   Last_Year: 125500
#   Time_Unit: cal yr BP
#   Core_Length: 80.5
#   Notes: 
#---------------------------------------
# Chronology_Information 
# Chronology: 
# Chronology is based upon oxygen isotope stratigraphy using the accompanying benthic ?18O record from Site 1125. After initial age tiepoints were assigned based on visual correlation between the Site 1125 oxygen isotope record and the LR04 benthic ?18O stack, the oxygen isotope record was filtered at the obliquity frequency and tuned peak-to-peak to the obliquity-filtered LR04 benthic ?18O record.
# rMCD	age (ka)	
# 0.5733287907	145.1141105	
# 4.845430894	311.9429539	
# 5.473060691	349.0295518	
# 5.992686029	388.050212	
# 6.698402694	433.4940943	
# 7.813991777	474.1397122	
# 9.031512514	513.252938	
# 12.40800773	634.7104766	
# 12.9651273	668.8661835	
# 13.70837579	709.7133757	
# 14.39032117	746.0837957	
# 15.39369718	794.0959948	
# 16.9375158	840.0184664	
# 17.93768422	878.0457897	
# 19.85195996	963.5881984	
# 21.374	1000	
# 22.94635875	1044.15435	
# 23.85330554	1083.74324	
# 24.80994597	1121.697929	
# 25.80650241	1157.216747	
# 26.57970134	1192.735565	
# 27.88699215	1240.566405	
# 29.93012982	1290.842856	
# 31.59330652	1332.282663	
# 33.11962276	1372.356607	
# 33.99128979	1412.095673	
# 34.8818582	1453.686716	
# 36.41796991	1497.812531	
# 37.62086651	1539.180328	
# 38.96377421	1576.406936	
# 40.87573786	1621.686343	
# 42.5880416	1668.13472	
# 43.65091391	1704.545607	
# 44.9785502	1746.587423	
# 46.78871707	1793.409374	
# 47.82660585	1826.075852	
# 49.16269001	1865.289667	
# 50.48532023	1909.877341	
# 51.55172439	1948.596561	
# 52.89370703	1996.079746	
# 58.84907036	2197.108166	
# 59.83736785	2239.48594	
# 61.30660537	2284.164215	
# 62.23894686	2319.770161	
# 63.79013228	2359.353307	
# 65.41214253	2396.616659	
# 67.64332836	2442.06102	
# 70.06334597	2489.117109	
# 71.08159095	2526.268941	
# 71.93444238	2563.101766	
# 72.92754977	2602.322741	
# 74.36858758	2646.076648	
# 75.98461211	2692.761424	
# 76.98182383	2726.054715	
# 78.31077907	2766.023372	
# 
#---------------------------------------
# Variables
# Data variables follow that are preceded by "##" in columns one and two.
# Variables list, one per line, shortname-tab-longname components (9 components: what, material, error, units, seasonality, archive, detail, method, C or N for Character or Numeric data)
## Site	sample identification,,,,,paleoceanography,,,C,sampleID
## Hole	sample identification,,,,,paleoceanography,,,C,sampleID
## Core	sample identification,,,,,paleoceanography,,,N,sampleID
## Section	sample identification,,,,,paleoceanography,,,N,sampleID
## top_cm	depth at sample end,,,centimeter,,paleoceanography,,,N,depth at top of section
## bottom_cm	depth at sample start,,,centimeter,,paleoceanography,,,N,depth at bottom of section
## MCD	depth,,,meter,,paleoceanography,,,N,meter composite depth
## rMCD	depth,,,meter,,paleoceanography,,,N,revised meter composite depth
## age_ka	age,,,calendar kiloyear before present,,paleoceanography,,,N,
## Uk'37	alkenone unsaturation index Uk37 prime,,,,,paleoceanography,,gas chromatography,N,
## SST-Uk'37	sea surface temperature,alkenone unsaturation index,,degree Celsius,,climate reconstructions;paleoceanography,,,N,Uk'37 converted to SST using calibration of Mueller et al.(1998)
#------------------------
# Data:
# Data lines follow (have no #)
# Data line format - tab-delimited text, variable short name as header
# Missing_Values: 
Site	Hole	Core	Section	top_cm	bottom_cm	MCD	rMCD	age_ka	Uk'37	SST-Uk'37	
1125	A	1	1	6	8	0.07	0.07	125.5	0.624	17.6	
1125	A	1	1	12	14	0.13	0.13	127.9	0.568	15.9	
1125	A	1	1	18	20	0.19	0.19	130.2	0.536	14.9	
1125	A	1	1	24	26	0.25	0.25	132.5	0.481	13.3	
1125	A	1	1	32	34	0.33	0.33	135.6	0.444	12.1	
1125	A	1	1	36	38	0.37	0.37	137.2	0.428	11.6	
1125	A	1	1	43	45	0.44	0.44	139.9	0.431	11.7	
1125	A	1	1	55	57	0.56	0.56	144.6	0.453	12.4	
1125	A	1	1	62	64	0.63	0.63	147.3	0.440	12.0	
1125	A	1	1	66	68	0.67	0.67	148.9	0.508	14.1	
1125	A	1	1	78	80	0.79	0.79	153.6	0.456	12.5	
1125	A	1	1	84	86	0.85	0.85	155.9	0.493	13.6	
1125	A	1	1	90	92	0.91	0.91	158.3	0.482	13.3	
1125	A	1	1	96	98	0.97	0.97	160.6	0.487	13.4	
1125	A	1	1	102	104	1.03	1.03	162.9	0.484	13.3	
1125	A	1	1	114	116	1.15	1.15	167.6	0.479	13.2	
1125	A	1	1	126	128	1.27	1.27	172.3	0.510	14.1	
1125	A	1	2	2	4	1.53	1.53	182.4	0.526	14.6	
1125	A	1	2	6	8	1.57	1.57	184.0	0.582	16.3	
1125	A	1	2	12	14	1.63	1.63	186.3	0.534	14.8	
1125	A	1	2	20	22	1.71	1.71	189.4	0.536	14.9	
1125	A	1	2	24	26	1.75	1.75	191.0	0.573	16.0	
1125	A	1	2	30	32	1.81	1.81	193.3	0.576	16.1	
1125	A	1	2	36	38	1.87	1.87	195.7	0.522	14.5	
1125	A	1	2	42	44	1.93	1.93	198.0	0.553	15.4	
1125	A	1	2	48	50	1.99	1.99	200.3	0.465	12.7	
1125	A	1	2	54	56	2.05	2.05	202.7	0.474	13.0	
1125	A	1	2	58	60	2.09	2.09	204.2	0.477	13.1	
1125	A	1	2	66	68	2.17	2.17	207.4	0.494	13.6	
1125	A	1	2	72	74	2.23	2.23	209.7	0.474	13.0	
1125	A	1	2	78	80	2.29	2.29	212.0	0.540	15.0	
1125	A	1	2	84	86	2.35	2.35	214.4	0.527	14.6	
1125	A	1	2	96	98	2.47	2.47	219.1	0.530	14.7	
1125	A	1	2	102	104	2.53	2.53	221.4	0.520	14.4	
1125	A	1	2	114	116	2.65	2.65	226.1	0.486	13.4	
1125	A	1	2	120	122	2.71	2.71	228.4	0.490	13.5	
1125	A	1	2	126	128	2.77	2.77	230.8	0.480	13.2	
1125	A	1	2	132	134	2.83	2.83	233.1	0.479	13.2	
1125	A	1	2	138	140	2.89	2.89	235.4	0.480	13.2	
1125	A	1	3	2	4	3.03	3.03	240.9	0.482	13.26	
1125	A	1	3	12	14	3.13	3.13	244.8	0.511	14.14	
1125	A	1	3	22	24	3.23	3.23	248.7	0.554	15.45	
1125	A	1	3	32	34	3.33	3.33	252.6	0.528	14.65	
1125	A	1	3	42	44	3.43	3.43	256.5	0.426	11.57	
1125	A	1	3	52	54	3.53	3.53	260.4	0.459	12.58	
1125	A	1	3	62	64	3.63	3.63	264.3	0.445	12.14	
1125	B	1	2	12	14	3.17	3.69	266.6	0.503	13.9	
1125	B	1	2	18	20	3.23	3.75	268.9	0.499	13.8	
1125	B	1	2	24	26	3.29	3.81	271.3	0.540	15.0	
1125	B	1	2	30	32	3.35	3.87	273.6	0.548	15.3	
1125	B	1	2	36	38	3.41	3.93	276.0	0.538	15.0	
1125	B	1	2	42	44	3.47	3.99	278.3	0.541	15.1	
1125	B	1	2	48	50	3.53	4.05	280.6	0.521	14.4	
1125	B	1	2	54	56	3.59	4.11	283.0	0.536	14.9	
1125	B	1	2	60	62	3.65	4.17	285.3	0.562	15.7	
1125	B	1	2	66	68	3.71	4.23	287.7	0.557	15.6	
1125	B	1	2	72	74	3.77	4.29	290.0	0.571	16.0	
1125	B	1	2	78	80	3.83	4.35	292.3	0.597	16.8	
1125	B	1	2	84	86	3.89	4.41	294.7	0.581	16.3	
1125	B	1	2	90	92	3.95	4.47	297.0	0.570	15.9	
1125	B	1	2	96	98	4.01	4.53	299.4	0.562	15.7	
1125	B	1	2	102	104	4.07	4.59	301.7	0.579	16.2	
1125	B	1	2	108	110	4.13	4.65	304.0	0.587	16.4	
1125	B	1	2	114	116	4.19	4.71	306.4	0.601	16.9	
1125	B	1	2	120	122	4.25	4.77	308.9	0.616	17.3	
1125	B	1	2	126	128	4.31	4.83	311.3	0.614	17.3	
1125	B	1	2	132	134	4.37	4.89	313.8	0.632	17.8	
1125	B	1	2	138	140	4.43	4.95	316.3	0.631	17.8	
1125	B	1	2	144	146	4.49	5.01	318.7	0.645	18.2	
1125	B	1	3	0	2	4.55	5.07	321.2	0.662	18.7	
1125	B	1	3	6	8	4.61	5.13	324.8	0.670	19.0	
1125	B	1	3	12	14	4.67	5.19	329.0	0.674	19.1	
1125	B	1	3	18	20	4.73	5.25	333.1	0.634	17.9	
1125	B	1	3	24	26	4.79	5.31	337.3	0.571	16.0	
1125	B	1	3	30	32	4.85	5.37	341.5	0.473	13.0	
1125	B	1	3	36	38	4.91	5.43	345.8	0.479	13.2	
1125	B	1	3	42	44	4.97	5.49	350.3	0.410	11.1	
1125	B	1	3	48	50	5.03	5.55	354.8	0.458	12.5	
1125	B	1	3	54	56	5.09	5.61	359.4	0.425	11.6	
1125	B	1	3	60	62	5.15	5.67	363.9	0.455	12.5	
1125	B	1	3	66	68	5.21	5.73	368.4	0.446	12.2	
1125	B	1	3	72	74	5.27	5.79	373.0	0.487	13.4	
1125	B	1	3	78	80	5.33	5.85	377.5	0.492	13.6	
1125	B	1	3	84	86	5.39	5.91	382.0	0.493	13.6	
1125	B	1	3	90	92	5.45	5.97	386.5	0.588	16.5	
1125	B	1	3	96	98	5.51	6.03	390.6	0.582	16.3	
1125	B	1	3	102	104	5.57	6.09	394.5	0.598	16.8	
1125	B	1	3	108	110	5.63	6.15	398.3	0.570	15.9	
1125	B	1	3	114	116	5.69	6.21	402.2	0.595	16.7	
1125	B	1	3	120	122	5.75	6.27	406.1	0.564	15.8	
1125	B	1	3	126	128	5.81	6.33	409.9	0.573	16.0	
1125	B	1	3	132	134	5.87	6.39	413.8	0.567	15.8	
1125	B	1	3	138	140	5.93	6.45	417.7	0.564	15.8	
1125	B	1	3	144	146	5.99	6.51	421.5	0.538	15.0	
1125	B	1	4	0	2	6.05	6.57	425.4	0.520	14.4	
1125	B	1	4	6	8	6.11	6.63	429.3	0.489	13.5	
1125	B	1	4	12	14	6.17	6.69	433.2	0.492	13.6	
1125	B	1	4	18	20	6.23	6.75	435.3	0.470	12.9	
1125	B	1	4	24	26	6.29	6.81	437.5	0.447	12.2	
1125	B	1	4	30	32	6.35	6.87	439.7	0.447	12.2	
1125	B	1	4	36	38	6.41	6.93	441.9	0.441	12.0	
1125	B	1	4	42	44	6.47	6.99	444.1	0.448	12.2	
1125	B	1	4	48	50	6.53	7.05	446.3	0.439	12.0	
1125	B	1	4	54	56	6.59	7.11	448.5	0.501	13.8	
1125	B	1	4	60	62	6.65	7.17	450.7	0.491	13.5	
1125	B	1	4	66	68	6.71	7.23	452.9	0.491	13.6	
1125	B	1	4	72	74	6.77	7.29	455.1	0.482	13.3	
1125	B	1	4	78	80	6.83	7.35	457.3	0.469	12.9	
1125	A	2	1	102	104	6.90	7.41	459.5	0.448	12.2	
1125	A	2	1	108	110	6.96	7.47	461.7	0.436	11.9	
1125	A	2	1	114	116	7.02	7.53	463.8	0.432	11.7	
1125	A	2	1	120	122	7.08	7.59	466.0	0.443	12.1	
1125	A	2	1	126	128	7.14	7.65	468.2	0.468	12.9	
1125	A	2	1	132	134	7.20	7.71	470.4	0.468	12.8	
1125	A	2	1	138	140	7.26	7.77	472.6	0.478	13.1	
1125	A	2	1	144	146	7.32	7.83	474.7	0.477	13.1	
1125	A	2	2	0	2	7.38	7.89	476.6	0.485	13.4	
1125	A	2	2	6	8	7.44	7.95	478.5	0.491	13.5	
1125	A	2	2	12	14	7.50	8.01	480.4	0.532	14.8	
1125	A	2	2	18	20	7.56	8.07	482.3	0.534	14.8	
1125	A	2	2	24	26	7.62	8.13	484.2	0.554	15.5	
1125	A	2	2	30	32	7.68	8.19	486.1	0.581	16.3	
1125	A	2	2	36	38	7.74	8.25	488.0	0.585	16.4	
1125	A	2	2	42	44	7.80	8.31	489.9	0.584	16.4	
1125	A	2	2	48	50	7.86	8.37	491.8	0.572	16.0	
1125	A	2	2	54	56	7.92	8.43	493.8	0.555	15.5	
1125	A	2	2	60	62	7.98	8.49	495.7	0.548	15.3	
1125	A	2	2	66	68	8.10	8.55	497.6	0.531	14.8	
1125	A	2	2	72	74	8.10	8.61	499.5	0.534	14.8	
1125	A	2	2	78	80	8.16	8.67	501.4	0.549	15.3	
1125	A	2	2	84	86	8.22	8.73	503.3	0.556	15.5	
1125	A	2	2	90	92	8.28	8.79	505.2	0.559	15.6	
1125	A	2	2	96	98	8.34	8.85	507.1	0.562	15.7	
1125	A	2	2	102	104	8.40	8.91	509.0	0.571	16.0	
1125	A	2	2	108	110	8.46	8.97	511.1	0.581	16.3	
1125	A	2	2	114	116	8.52	9.03	513.2	0.585	16.4	
1125	A	2	2	120	122	8.58	9.09	515.3	0.576	16.1	
1125	A	2	2	126	128	8.64	9.15	517.5	0.581	16.3	
1125	A	2	2	132	134	8.70	9.21	519.6	0.566	15.8	
1125	A	2	2	138	140	8.76	9.27	521.7	0.580	16.2	
1125	A	2	2	144	146	8.82	9.33	523.8	0.562	15.7	
1125	A	2	3	0	2	8.88	9.39	526.0	0.549	15.3	
1125	A	2	3	6	8	8.94	9.45	528.1	0.538	15.0	
1125	A	2	3	12	14	9.00	9.51	530.2	0.523	14.5	
1125	A	2	3	18	20	9.06	9.57	532.4	0.513	14.2	
1125	A	2	3	25	27	9.13	9.64	534.8	0.513	14.2	
1125	A	2	3	30	32	9.18	9.69	536.6	0.509	14.1	
1125	A	2	3	36	38	9.24	9.75	538.8	0.517	14.3	
1125	A	2	3	41	43	9.29	9.80	540.5	0.521	14.4	
1125	A	2	3	48	50	9.36	9.87	543.0	0.549	15.3	
1125	A	2	3	54	56	9.42	9.93	545.1	0.552	15.4	
1125	A	2	3	60	62	9.48	9.99	547.3	0.558	15.6	
1125	A	2	3	66	68	9.54	10.05	549.4	0.556	15.5	
1125	A	2	3	72	74	9.60	10.11	551.5	0.555	15.5	
1125	A	2	3	78	80	9.66	10.17	553.7	0.551	15.4	
1125	A	2	3	84	86	9.72	10.23	555.8	0.542	15.1	
1125	A	2	3	90	92	9.78	10.29	557.9	0.539	15.0	
1125	A	2	3	96	98	9.84	10.35	560.0	0.538	15.0	
1125	A	2	3	102	104	9.90	10.41	562.2	0.538	15.0	
1125	A	2	3	108	110	9.96	10.47	564.3	0.517	14.3	
1125	A	2	3	114	116	10.02	10.53	566.4	0.503	13.9	
1125	A	2	3	120	122	10.08	10.59	568.6	0.499	13.8	
1125	A	2	3	126	128	10.14	10.65	570.7	0.499	13.8	
1125	A	2	3	132	134	10.20	10.71	572.8	0.496	13.7	
1125	A	2	3	138	140	10.26	10.77	575.0	0.488	13.4	
1125	A	2	3	144	146	10.32	10.83	577.1	0.489	13.5	
1125	A	2	4	0	2	10.38	10.89	579.2	0.463	12.7	
1125	A	2	4	6	8	10.44	10.95	581.3	0.467	12.8	
1125	A	2	4	14	16	10.52	11.03	584.2	0.478	13.1	
1125	A	2	4	18	20	10.56	11.07	585.6	0.475	13.1	
1125	A	2	4	24	26	10.62	11.13	587.7	0.470	12.9	
1125	A	2	4	30	32	10.68	11.19	589.9	0.475	13.1	
1125	A	2	4	36	38	10.74	11.25	592.0	0.483	13.3	
1125	A	2	4	42	44	10.80	11.31	594.1	0.485	13.4	
1125	A	2	4	48	50	10.86	11.37	596.3	0.510	14.1	
1125	A	2	4	54	56	10.92	11.43	598.4	0.545	15.2	
1125	A	2	4	60	62	10.98	11.49	600.5	0.564	15.8	
1125	A	2	4	66	68	11.04	11.55	602.6	0.581	16.3	
1125	A	2	4	72	74	11.10	11.61	604.8	0.586	16.4	
1125	A	2	4	78	80	11.16	11.67	606.9	0.582	16.3	
1125	A	2	4	84	86	11.22	11.73	609.0	0.514	14.3	
1125	A	2	4	90	92	11.28	11.79	611.2	0.497	13.7	
1125	A	2	4	96	98	11.34	11.85	613.3	0.497	13.7	
1125	A	2	4	102	104	11.40	11.91	615.4	0.488	13.5	
1125	A	2	4	108	110	11.46	11.97	617.6	0.544	15.2	
1125	A	2	4	114	116	11.52	12.03	619.7	0.587	16.5	
1125	A	2	4	120	122	11.58	12.09	621.8	0.599	16.8	
1125	A	2	4	132	134	11.70	12.21	626.1	0.585	16.4	
1125	A	2	4	138	140	11.76	12.27	628.2	0.515	14.3	
1125	A	2	4	144	146	11.82	12.33	630.4	0.494	13.6	
1125	A	2	5	0	2	11.88	12.39	633.6	0.486	13.4	
1125	A	2	5	6	8	11.94	12.45	637.3	0.468	12.8	
1125	A	2	5	15	18	12.04	12.55	643.4	0.492	13.6	
1125	A	2	5	24	26	12.12	12.63	648.3	0.497	13.7	
1125	A	2	5	30	32	12.18	12.69	652.0	0.497	13.7	
1125	A	2	5	36	38	12.24	12.75	655.7	0.517	14.3	
1125	A	2	5	45	47	12.33	12.84	661.2	0.511	14.2	
1125	A	2	5	48	50	12.36	12.87	663.0	0.524	14.5	
1125	A	2	5	54	56	12.42	12.93	666.7	0.520	14.4	
1125	A	2	5	60	62	12.48	12.99	670.4	0.488	13.5	
1125	A	2	5	66	68	12.54	13.05	674.1	0.486	13.4	
1125	B	2	1	126	128	12.62	13.11	677.4	0.503	13.9	
1125	B	2	1	130	132	12.66	13.17	680.6	0.504	13.9	
1125	B	2	1	138	140	12.74	13.23	683.9	0.552	15.4	
1125	B	2	1	146	148	12.82	13.29	687.1	0.598	16.8	
1125	B	2	2	0	2	12.86	13.35	690.3	0.617	17.4	
1125	B	2	2	7	9	12.93	13.42	694.1	0.597	16.8	
1125	B	2	2	12	14	12.98	13.47	696.8	0.604	17.0	
1125	B	2	2	18	20	13.04	13.53	700.1	0.596	16.7	
1125	B	2	2	22	24	13.08	13.57	702.2	0.612	17.2	
1125	B	2	2	30	32	13.16	13.65	706.6	0.611	17.2	
1125	B	2	2	36	38	13.22	13.71	709.8	0.605	17.0	
1125	B	2	2	42	44	13.28	13.77	713.1	0.603	16.9	
1125	B	2	2	48	50	13.34	13.83	716.3	0.592	16.6	
1125	B	2	2	54	56	13.40	13.89	719.5	0.572	16.0	
1125	B	2	2	60	62	13.46	13.95	722.7	0.556	15.5	
1125	B	2	2	62	64	13.48	13.97	723.8	0.544	15.1	
1125	B	2	2	72	74	13.58	14.07	729.1	0.526	14.6	
1125	B	2	2	78	80	13.64	14.13	732.3	0.576	16.1	
1125	B	2	2	82	84	13.68	14.17	734.4	0.538	15.0	
1125	B	2	2	90	92	13.76	14.25	738.6	0.567	15.8	
1125	B	2	2	98	100	13.84	14.33	742.9	0.557	15.5	
1125	B	2	2	102	104	13.88	14.37	745.0	0.562	15.7	
1125	B	2	2	108	110	13.94	14.43	748.2	0.564	15.8	
1125	B	2	2	112	114	13.98	14.47	750.3	0.549	15.3	
1125	B	2	2	120	122	14.06	14.55	754.6	0.537	14.9	
1125	B	2	2	123	125	14.09	14.58	756.2	0.554	15.5	
1125	B	2	2	132	134	14.18	14.67	760.4	0.560	15.6	
1125	B	2	2	138	140	14.24	14.73	763.2	0.572	16.0	
1125	B	2	2	143	145	14.29	14.78	765.5	0.584	16.4	
1125	B	2	3	0	2	14.36	14.85	768.8	0.590	16.6	
1125	B	2	3	8	10	14.44	14.93	772.5	0.598	16.8	
1125	B	2	3	12	14	14.48	14.97	774.4	0.604	17.0	
1125	B	2	3	20	22	14.56	15.05	778.1	0.608	17.1	
1125	B	2	3	23	25	14.59	15.08	779.5	0.606	17.0	
1125	B	2	3	30	32	14.66	15.15	782.7	0.632	17.8	
1125	B	2	3	38	40	14.74	15.23	786.5	0.619	17.4	
1125	B	2	3	42	44	14.78	15.27	788.3	0.612	17.2	
1125	B	2	3	48	50	14.84	15.33	791.1	0.601	16.9	
1125	B	2	3	52	54	14.88	15.37	793.0	0.597	16.8	
1125	B	2	3	60	62	14.96	15.45	796.7	0.567	15.9	
1125	B	2	3	62	64	14.98	15.47	797.6	0.568	15.9	
1125	B	2	3	72	74	15.08	15.57	802.1	0.530	14.7	
1125	B	2	3	78	80	15.14	15.63	804.3	0.494	13.6	
1125	B	2	3	83	85	15.19	15.68	805.6	0.430	11.7	
1125	B	2	3	90	92	15.26	15.75	807.5	0.496	13.7	
1125	B	2	3	93	95	15.29	15.78	808.3	0.511	14.1	
1125	B	2	3	102	104	15.38	15.87	810.7	0.523	14.5	
1125	B	2	3	108	110	15.44	15.93	812.3	0.519	14.4	
1125	B	2	3	113	115	15.49	15.98	813.6	0.517	14.3	
1125	B	2	3	120	122	15.56	16.05	815.5	0.513	14.2	
1125	B	2	3	123	125	15.59	16.08	816.3	0.515	14.3	
1125	B	2	3	132	134	15.68	16.17	818.7	0.514	14.2	
1125	B	2	4	3	5	15.89	16.38	824.3	0.524	14.6	
1125	B	2	4	7	9	15.93	16.42	825.3	0.529	14.7	
1125	B	2	4	12	14	15.98	16.47	826.7	0.546	15.2	
1125	B	2	4	19	21	16.05	16.54	828.5	0.542	15.1	
1125	B	2	4	22	24	16.08	16.57	829.3	0.551	15.4	
1125	B	2	4	30	32	16.16	16.65	831.5	0.564	15.8	
1125	B	2	4	38	40	16.24	16.73	833.6	0.570	16.0	
1125	B	2	4	42	44	16.28	16.77	834.7	0.605	17.0	
1125	B	2	4	48	50	16.34	16.83	836.3	0.612	17.2	
1125	B	2	4	53	55	16.39	16.88	837.8	0.596	16.7	
1125	B	2	4	60	62	16.46	16.95	840.5	0.546	15.2	
1125	B	2	4	69	71	16.55	17.04	843.9	0.557	15.6	
1125	B	2	4	72	74	16.58	17.07	845.0	0.581	16.3	
1125	B	2	4	78	80	16.64	17.13	847.3	0.581	16.3	
1125	B	2	4	83	85	16.68	17.18	849.2	0.572	16.0	
1125	B	2	4	90	92	16.76	17.25	851.9	0.592	16.6	
1125	B	2	4	98	100	16.84	17.33	854.9	0.621	17.5	
1125	B	2	4	102	104	16.88	17.37	856.4	0.596	16.7	
1125	B	2	4	108	110	16.94	17.43	858.7	0.599	16.8	
1125	B	2	4	118	120	17.04	17.53	862.5	0.623	17.5	
1125	B	2	4	120	122	17.06	17.55	863.3	0.624	17.6	
1125	B	2	4	127	129	17.13	17.62	865.9	0.630	17.8	
1125	B	2	4	132	134	17.18	17.67	867.8	0.585	16.4	
1125	B	2	4	138	140	17.24	17.73	870.1	0.550	15.3	
1125	B	2	4	143	145	17.29	17.78	872.0	0.466	12.8	
1125	B	2	5	0	2	17.36	17.85	874.7	0.448	12.2	
1125	B	2	5	8	10	17.44	17.93	877.7	0.476	13.1	
1125	B	2	5	12	14	17.48	17.97	879.5	0.514	14.2	
1125	B	2	5	18	20	17.54	18.03	882.2	0.507	14.0	
1125	B	2	5	23	25	17.59	18.08	884.4	0.522	14.5	
1125	B	2	5	30	32	17.66	18.15	887.6	0.521	14.4	
1125	B	2	5	33	35	17.69	18.18	888.9	0.533	14.8	
1125	B	2	5	42	44	17.78	18.27	892.9	0.507	14.0	
1125	B	2	5	48	50	17.84	18.33	895.6	0.495	13.7	
1125	B	2	5	53	55	17.89	18.38	897.8	0.499	13.8	
1125	B	2	5	60	62	17.96	18.45	901.0	0.516	14.3	
1125	B	2	5	69	71	18.05	18.54	905.0	0.491	13.5	
1125	B	2	5	72	74	18.08	18.57	906.3	0.498	13.8	
1125	B	2	5	78	80	18.14	18.63	909.0	0.520	14.4	
1125	A	3	4	0	2	18.20	18.69	911.7	0.500	13.8	
1125	A	3	4	6	8	18.26	18.75	914.4	0.509	14.1	
1125	A	3	4	12	14	18.32	18.81	917.0	0.542	15.1	
1125	A	3	4	17	19	18.37	18.86	919.3	0.549	15.3	
1125	A	3	4	24	26	18.44	18.93	922.4	0.554	15.4	
1125	A	3	4	30	32	18.5	18.99	925.1	0.554	15.4	
1125	A	3	4	36	38	18.56	19.05	927.8	0.555	15.5	
1125	A	3	4	42	44	18.62	19.11	930.4	0.547	15.2	
1125	A	3	4	48	50	18.68	19.17	933.1	0.547	15.2	
1125	A	3	4	54	56	18.74	19.23	935.8	0.549	15.3	
1125	A	3	4	60	62	18.8	19.29	938.5	0.541	15.1	
1125	A	3	4	66	68	18.86	19.35	941.2	0.561	15.7	
1125	A	3	4	72	74	18.92	19.41	943.8	0.566	15.8	
1125	A	3	4	78	80	18.98	19.47	946.5	0.551	15.4	
1125	A	3	4	84	86	19.04	19.53	949.2	0.573	16.0	
1125	A	3	4	89	91	19.09	19.58	951.4	0.579	16.2	
1125	A	3	4	96	98	19.16	19.65	954.6	0.581	16.3	
1125	A	3	4	102	104	19.22	19.71	957.2	0.572	16.0	
1125	A	3	4	108	110	19.28	19.77	959.9	0.540	15.0	
1125	A	3	4	114	116	19.34	19.83	962.6	0.533	14.8	
1125	A	3	4	118	120	19.38	19.87	964.4	0.520	14.4	
1125	A	3	4	126	128	19.46	19.95	967.5	0.491	13.5	
1125	A	3	4	132	134	19.52	20.01	968.9	0.512	14.2	
1125	A	3	4	138	140	19.58	20.07	970.3	0.520	14.4	
1125	A	3	4	144	146	19.64	20.13	971.6	0.514	14.3	
1125	A	3	5	0	2	19.70	20.19	973.0	0.530	14.7	
1125	A	3	5	6	8	19.76	20.25	974.4	0.535	14.9	
1125	A	3	5	12	14	19.82	20.31	975.7	0.537	14.9	
1125	A	3	5	17	19	19.87	20.36	976.9	0.563	15.7	
1125	A	3	5	24	26	19.94	20.43	978.5	0.586	16.4	
1125	A	3	5	30	32	20.00	20.49	979.8	0.599	16.8	
1125	A	3	5	36	38	20.06	20.55	981.2	0.602	16.9	
1125	A	3	5	42	44	20.12	20.61	982.6	0.609	17.1	
1125	A	3	5	48	50	20.18	20.67	983.9	0.607	17.1	
1125	A	3	5	54	56	20.24	20.73	985.3	0.610	17.1	
1125	A	3	5	59	61	20.29	20.78	986.4	0.593	16.6	
1125	A	3	5	66	68	20.36	20.85	988.0	0.598	16.8	
1125	A	3	5	72	74	20.42	20.91	989.4	0.573	16.0	
1125	A	3	5	78	80	20.48	20.97	990.8	0.569	15.9	
1125	A	3	5	84	86	20.54	21.03	992.1	0.590	16.6	
1125	A	3	5	90	92	20.60	21.09	993.5	0.591	16.6	
1125	A	3	5	96	98	20.66	21.15	994.8	0.597	16.7	
1125	A	3	5	102	104	20.72	21.21	996.2	0.595	16.7	
1125	A	3	5	108	110	20.78	21.27	997.6	0.592	16.6	
1125	A	3	5	114	116	20.84	21.33	998.9	0.601	16.9	
1125	A	3	5	120	122	20.90	21.39	1000.4	0.584	16.4	
1125	A	3	5	126	128	20.96	21.45	1002.0	0.589	16.5	
1125	A	3	5	132	134	21.02	21.51	1003.7	0.602	16.9	
1125	A	3	5	138	140	21.08	21.57	1005.4	0.606	17.0	
1125	A	3	5	144	146	21.14	21.63	1007.0	0.617	17.4	
1125	A	3	6	2	4	21.22	21.71	1009.2	0.622	17.5	
1125	A	3	6	6	8	21.26	21.75	1010.3	0.614	17.3	
1125	A	3	6	14	16	21.34	21.83	1012.6	0.625	17.6	
1125	A	3	6	18	20	21.38	21.87	1013.7	0.623	17.5	
1125	A	3	6	24	26	21.44	21.93	1015.3	0.624	17.6	
1125	A	3	6	28	30	21.48	21.97	1016.4	0.633	17.8	
1125	A	3	6	36	38	21.56	22.05	1018.7	0.639	18.0	
1125	A	3	6	40	42	21.60	22.09	1019.8	0.641	18.1	
1125	A	3	6	48	50	21.68	22.17	1022.0	0.643	18.1	
1125	A	3	6	54	56	21.74	22.23	1023.6	0.640	18.1	
1125	A	3	6	60	62	21.80	22.29	1025.3	0.641	18.1	
1125	A	3	6	66	68	21.86	22.35	1027.0	0.647	18.3	
1125	A	3	6	72	74	21.92	22.41	1028.6	0.665	18.8	
1125	A	3	6	78	80	21.98	22.47	1030.3	0.650	18.4	
1125	A	3	6	84	86	22.04	22.53	1032.0	0.648	18.3	
1125	A	3	6	90	92	22.10	22.59	1033.6	0.591	16.6	
1125	A	3	6	96	98	22.16	22.65	1035.3	0.597	16.8	
1125	A	3	6	102	104	22.22	22.71	1036.9	0.582	16.3	
1125	A	3	6	114	116	22.34	22.83	1040.3	0.565	15.8	
1125	B	3	1	48	50	22.38	22.89	1041.9	0.533	14.8	
1125	B	3	1	54	56	22.44	22.95	1044.3	0.491	13.5	
1125	B	3	1	60	62	22.50	23.01	1046.9	0.480	13.2	
1125	B	3	1	66	68	22.56	23.07	1049.5	0.474	13.0	
1125	B	3	1	72	74	22.62	23.13	1052.1	0.494	13.6	
1125	B	3	1	78	80	22.68	23.19	1054.7	0.495	13.7	
1125	B	3	1	84	86	22.74	23.25	1057.4	0.518	14.4	
1125	B	3	1	90	92	22.80	23.31	1060.0	0.542	15.1	
1125	B	3	1	96	98	22.86	23.37	1062.6	0.564	15.8	
1125	B	3	1	102	104	22.92	23.43	1065.2	0.557	15.6	
1125	B	3	1	108	110	22.98	23.49	1067.9	0.582	16.3	
1125	B	3	1	114	116	23.04	23.55	1070.5	0.579	16.2	
1125	B	3	1	120	122	23.10	23.61	1073.1	0.612	17.2	
1125	B	3	1	126	128	23.16	23.67	1075.7	0.623	17.5	
1125	B	3	1	132	134	23.22	23.73	1078.4	0.609	17.1	
1125	B	3	1	138	140	23.28	23.79	1081.0	0.621	17.5	
1125	B	3	1	144	146	23.34	23.85	1083.6	0.607	17.1	
1125	B	3	2	0	2	23.40	23.91	1086.2	0.618	17.4	
1125	B	3	2	6	8	23.46	23.97	1088.9	0.598	16.8	
1125	B	3	2	12	14	23.52	24.03	1091.5	0.574	16.1	
1125	B	3	2	18	20	23.58	24.09	1093.9	0.539	15.0	
1125	B	3	2	24	26	23.64	24.15	1096.2	0.513	14.2	
1125	B	3	2	30	32	23.70	24.21	1098.5	0.534	14.8	
1125	B	3	2	36	38	23.76	24.27	1100.8	0.540	15.0	
1125	B	3	2	42	44	23.82	24.33	1103.1	0.531	14.7	
1125	B	3	2	48	50	23.88	24.39	1105.5	0.539	15.0	
1125	B	3	2	54	56	23.94	24.45	1107.8	0.558	15.6	
1125	B	3	2	60	62	24.00	24.51	1110.1	0.584	16.4	
1125	B	3	2	66	68	24.06	24.57	1112.4	0.591	16.6	
1125	B	3	2	72	74	24.12	24.63	1114.7	0.598	16.8	
1125	B	3	2	78	80	24.18	24.69	1117.0	0.601	16.9	
1125	B	3	2	84	86	24.24	24.75	1119.4	0.610	17.2	
1125	B	3	2	90	92	24.30	24.81	1121.7	0.607	17.1	
1125	B	3	2	96	98	24.36	24.87	1124.0	0.579	16.2	
1125	B	3	2	102	104	24.42	24.93	1126.3	0.571	16.0	
1125	B	3	2	108	110	24.48	24.99	1128.6	0.546	15.2	
1125	B	3	2	114	116	24.54	25.05	1130.8	0.545	15.2	
1125	B	3	2	120	122	24.60	25.11	1133.0	0.546	15.2	
1125	B	3	2	126	128	24.66	25.17	1135.1	0.546	15.2	
1125	B	3	2	132	134	24.72	25.23	1137.2	0.553	15.4	
1125	B	3	2	138	140	24.78	25.29	1139.3	0.542	15.1	
1125	B	3	2	144	146	24.84	25.35	1141.4	0.531	14.8	
1125	B	3	3	0	2	24.90	25.41	1143.5	0.548	15.3	
1125	B	3	3	6	8	24.96	25.47	1145.5	0.547	15.2	
1125	B	3	3	12	14	25.02	25.53	1147.6	0.552	15.4	
1125	B	3	3	18	20	25.08	25.59	1149.7	0.538	15.0	
1125	B	3	3	36	38	25.26	25.77	1156.0	0.541	15.0	
1125	B	3	3	42	44	25.32	25.83	1158.0	0.539	15.0	
1125	B	3	3	48	50	25.38	25.89	1160.1	0.549	15.3	
1125	B	3	3	54	56	25.44	25.95	1162.4	0.557	15.5	
1125	B	3	3	60	62	25.50	26.01	1165.3	0.562	15.7	
1125	B	3	3	66	68	25.56	26.07	1168.2	0.581	16.3	
1125	B	3	3	72	74	25.62	26.13	1171.1	0.551	15.4	
1125	B	3	3	78	80	25.68	26.19	1174.0	0.564	15.7	
1125	B	3	3	84	86	25.74	26.25	1176.9	0.545	15.2	
1125	B	3	3	90	92	25.80	26.31	1179.7	0.586	16.4	
1125	B	3	3	96	98	25.86	26.37	1182.6	0.602	16.9	
1125	B	3	3	102	104	25.92	26.43	1185.5	0.599	16.8	
1125	B	3	3	108	110	25.98	26.49	1188.4	0.618	17.4	
1125	B	3	3	114	116	26.04	26.55	1191.3	0.603	16.9	
1125	B	3	3	120	122	26.10	26.61	1194.2	0.601	16.9	
1125	B	3	3	126	128	26.16	26.67	1197.1	0.618	17.4	
1125	B	3	3	132	134	26.22	26.73	1200.0	0.604	17.0	
1125	B	3	3	138	140	26.28	26.79	1202.9	0.610	17.1	
1125	B	3	3	144	146	26.34	26.85	1205.7	0.558	15.6	
1125	B	3	4	0	2	26.40	26.91	1208.2	0.514	14.2	
1125	B	3	4	6	8	26.46	26.97	1210.4	0.543	15.1	
1125	B	3	4	12	14	26.52	27.03	1212.5	0.559	15.6	
1125	B	3	4	18	20	26.58	27.09	1214.4	0.571	16.0	
1125	B	3	4	24	26	26.64	27.15	1216.4	0.545	15.2	
1125	B	3	4	30	32	26.70	27.21	1218.4	0.552	15.4	
1125	B	3	4	36	38	26.76	27.27	1220.3	0.562	15.7	
1125	B	3	4	42	44	26.82	27.33	1222.3	0.544	15.1	
1125	B	3	4	48	50	26.88	27.39	1224.3	0.554	15.4	
1125	B	3	4	54	56	26.94	27.45	1226.2	0.595	16.7	
1125	B	3	4	60	62	27.00	27.51	1228.2	0.597	16.8	
1125	B	3	4	66	68	27.06	27.57	1230.2	0.634	17.9	
1125	B	3	4	72	74	27.12	27.63	1232.2	0.638	18.0	
1125	B	3	4	78	80	27.18	27.69	1234.1	0.648	18.3	
1125	B	3	4	84	86	27.24	27.75	1236.1	0.653	18.5	
1125	B	3	4	90	92	27.30	27.81	1238.1	0.644	18.2	
1125	B	3	4	96	98	27.36	27.87	1240.0	0.655	18.5	
1125	B	3	4	102	104	27.42	27.93	1242.0	0.629	17.7	
1125	B	3	4	108	110	27.48	27.99	1244.0	0.603	16.9	
1125	B	3	4	114	116	27.54	28.05	1245.9	0.583	16.3	
1125	B	3	4	120	122	27.60	28.11	1247.9	0.588	16.5	
1125	B	3	4	126	128	27.66	28.17	1249.9	0.608	17.1	
1125	B	3	4	132	134	27.72	28.23	1251.8	0.612	17.2	
1125	B	3	4	138	140	27.78	28.29	1253.6	0.613	17.2	
1125	B	3	4	144	146	27.84	28.35	1255.3	0.577	16.1	
1125	B	3	5	0	2	27.90	28.41	1257.0	0.580	16.2	
1125	B	3	5	6	8	27.96	28.47	1258.8	0.573	16.0	
1125	B	3	5	12	14	28.02	28.53	1260.4	0.547	15.2	
1125	B	3	5	18	20	28.08	28.59	1261.7	0.580	16.2	
1125	B	3	5	24	26	28.14	28.65	1263.0	0.560	15.6	
1125	B	3	5	30	32	28.20	28.71	1264.3	0.542	15.1	
1125	B	3	5	36	38	28.26	28.77	1265.6	0.575	16.1	
1125	B	3	5	42	44	28.32	28.83	1266.9	0.566	15.8	
1125	B	3	5	48	50	28.38	28.89	1268.2	0.565	15.8	
1125	B	3	5	54	56	28.44	28.95	1269.5	0.559	15.6	
1125	B	3	5	60	62	28.50	29.01	1270.8	0.587	16.5	
1125	B	3	5	66	68	28.56	29.07	1272.1	0.610	17.1	
1125	B	3	5	72	74	28.62	29.13	1273.4	0.589	16.5	
1125	B	3	5	78	80	28.68	29.19	1274.7	0.598	16.8	
1125	B	3	5	84	86	28.74	29.25	1276.0	0.605	17.0	
1125	B	3	5	90	92	28.80	29.31	1277.3	0.608	17.1	
1125	B	3	5	96	98	28.86	29.37	1278.6	0.627	17.7	
1125	B	3	5	102	104	28.92	29.43	1279.9	0.626	17.6	
1125	B	3	5	108	110	28.98	29.49	1281.2	0.627	17.7	
1125	B	3	5	114	116	29.04	29.55	1282.6	0.629	17.7	
1125	B	3	5	120	122	29.10	29.61	1283.9	0.629	17.7	
1125	B	3	5	126	128	29.16	29.67	1285.2	0.630	17.8	
1125	B	3	5	132	134	29.22	29.73	1286.5	0.632	17.8	
1125	B	3	6	0	2	29.40	29.91	1290.4	0.626	17.64	
1125	B	3	6	10	12	29.50	30.01	1292.6	0.618	17.40	
1125	B	3	6	20	22	29.60	30.11	1294.9	0.612	17.20	
1125	B	3	6	30	32	29.70	30.21	1297.4	0.634	17.88	
1125	B	3	6	50	52	29.90	30.41	1302.4	0.533	14.81	
1125	B	3	6	60	62	30.00	30.51	1305.0	0.533	14.82	
1125	B	3	6	70	72	30.10	30.61	1307.5	0.579	16.22	
1125	A	4	1	90	92	27.31	30.71	1310.0	0.639	18.04	
1125	A	4	1	101	103	27.42	30.82	1312.8	0.649	18.33	
1125	A	4	1	110	112	27.51	30.91	1315.0	0.657	18.59	
1125	A	4	1	121	123	27.62	31.02	1317.8	0.652	18.43	
1125	A	4	1	130	132	27.71	31.11	1320.1	0.584	16.37	
1125	A	4	1	141	143	27.82	31.22	1322.9	0.564	15.75	
1125	A	4	2	0	2	27.91	31.31	1325.1	0.614	17.28	
1125	A	4	2	12	14	28.03	31.43	1328.2	0.612	17.22	
1125	A	4	2	20	22	28.11	31.51	1330.2	0.572	16.01	
1125	A	4	2	32	34	28.23	31.63	1333.2	0.528	14.66	
1125	A	4	2	40	42	28.31	31.71	1335.3	0.540	15.02	
1125	A	4	2	60	62	28.51	31.91	1340.6	0.566	15.82	
1125	A	4	2	72	74	28.63	32.03	1343.7	0.555	15.49	
1125	A	4	2	82	84	28.71	32.13	1346.3	0.577	16.17	
1125	A	4	2	90	92	28.79	32.21	1348.4	0.609	17.1	
1125	A	4	2	96	98	28.85	32.27	1350.0	0.621	17.5	
1125	A	4	2	102	104	28.91	32.33	1351.6	0.631	17.8	
1125	A	4	2	108	110	28.97	32.39	1353.2	0.629	17.7	
1125	A	4	2	114	116	29.03	32.45	1354.8	0.635	17.9	
1125	A	4	2	120	122	29.09	32.51	1356.3	0.638	18.0	
1125	A	4	2	126	128	29.15	32.57	1357.9	0.655	18.5	
1125	A	4	2	132	134	29.21	32.63	1359.5	0.658	18.6	
1125	A	4	2	138	140	29.27	32.69	1361.1	0.643	18.1	
1125	A	4	2	144	146	29.33	32.75	1362.6	0.643	18.1	
1125	A	4	3	0	2	29.40	32.81	1364.2	0.624	17.6	
1125	A	4	3	6	8	29.46	32.87	1365.8	0.615	17.3	
1125	A	4	3	12	14	29.52	32.93	1367.4	0.616	17.3	
1125	A	4	3	18	20	29.58	32.99	1369.0	0.605	17.0	
1125	A	4	3	24	26	29.64	33.05	1370.5	0.615	17.3	
1125	A	4	3	30	32	29.70	33.11	1372.1	0.543	15.1	
1125	A	4	3	36	38	29.76	33.17	1373.7	0.533	14.8	
1125	A	4	3	42	44	29.82	33.23	1376.2	0.530	14.7	
1125	A	4	3	48	50	29.88	33.29	1379.0	0.524	14.5	
1125	A	4	3	54	56	29.94	33.35	1381.8	0.588	16.5	
1125	A	4	3	60	62	30.00	33.41	1384.7	0.611	17.2	
1125	A	4	3	66	68	30.06	33.47	1387.5	0.579	16.2	
1125	A	4	3	72	74	30.12	33.53	1390.3	0.595	16.7	
1125	A	4	3	78	80	30.18	33.59	1393.2	0.642	18.1	
1125	A	4	3	84	86	30.24	33.65	1396.0	0.643	18.2	
1125	A	4	3	90	92	30.30	33.71	1398.8	0.645	18.2	
1125	A	4	3	96	98	30.36	33.77	1401.7	0.655	18.5	
1125	A	4	3	102	104	30.42	33.83	1404.5	0.664	18.8	
1125	A	4	3	108	110	30.48	33.89	1407.3	0.628	17.7	
1125	A	4	3	114	116	30.54	33.95	1410.1	0.631	17.8	
1125	A	4	3	120	122	30.60	34.01	1413.0	0.578	16.2	
1125	A	4	3	126	128	30.66	34.07	1415.8	0.563	15.7	
1125	A	4	3	130	132	30.70	34.11	1417.7	0.585	16.4	
1125	A	4	3	132	134	30.72	34.13	1418.6	0.593	16.6	
1125	A	4	3	135	137	30.75	34.16	1420.0	0.586	16.4	
1125	A	4	3	138	140	30.78	34.19	1421.4	0.583	16.3	
1125	A	4	3	140	142	30.80	34.21	1422.4	0.598	16.8	
1125	A	4	3	144	146	30.84	34.25	1424.2	0.603	17.0	
1125	A	4	4	0	2	30.90	34.31	1427.0	0.612	17.2	
1125	A	4	4	6	8	30.96	34.37	1429.8	0.585	16.4	
1125	A	4	4	12	14	31.02	34.43	1432.6	0.613	17.2	
1125	A	4	4	18	20	31.08	34.49	1435.4	0.637	18.0	
1125	A	4	4	24	26	31.14	34.55	1438.2	0.636	17.9	
1125	A	4	4	30	32	31.20	34.61	1441.0	0.640	18.0	
1125	A	4	4	36	38	31.26	34.67	1443.8	0.647	18.3	
1125	A	4	4	42	44	31.32	34.73	1446.6	0.661	18.7	
1125	A	4	4	48	50	31.38	34.79	1449.4	0.659	18.6	
1125	A	4	4	60	62	31.50	34.91	1455.0	0.663	18.8	
1125	A	4	4	66	68	31.56	34.97	1457.8	0.639	18.0	
1125	A	4	4	72	74	31.62	35.03	1460.5	0.583	16.3	
1125	A	4	4	78	80	31.68	35.09	1462.3	0.564	15.8	
1125	A	4	4	84	86	31.74	35.15	1463.9	0.576	16.1	
1125	A	4	4	90	92	31.80	35.21	1465.5	0.603	16.9	
1125	A	4	4	96	98	31.86	35.27	1467.1	0.602	16.9	
1125	A	4	4	102	104	31.92	35.33	1468.7	0.619	17.4	
1125	A	4	4	108	110	31.98	35.39	1470.3	0.622	17.5	
1125	A	4	4	114	116	32.04	35.45	1471.9	0.629	17.7	
1125	A	4	4	125	127	32.15	35.56	1474.9	0.658	18.6	
1125	A	4	4	132	134	32.22	35.63	1476.7	0.642	18.1	
1125	A	4	4	138	140	32.28	35.69	1478.3	0.638	18.0	
1125	A	4	4	144	146	32.34	35.75	1479.9	0.634	17.9	
1125	A	4	5	0	2	32.40	35.81	1481.5	0.658	18.6	
1125	A	4	5	6	8	32.46	35.87	1483.1	0.651	18.4	
1125	A	4	5	12	14	32.52	35.93	1484.7	0.659	18.6	
1125	A	4	5	18	20	32.58	35.99	1486.3	0.662	18.7	
1125	A	4	5	24	26	32.64	36.05	1487.9	0.669	18.9	
1125	A	4	5	30	32	32.70	36.11	1489.6	0.642	18.1	
1125	A	4	5	36	38	32.76	36.17	1491.2	0.686	19.4	
1125	A	4	5	42	44	32.82	36.23	1492.8	0.690	19.6	
1125	A	4	5	48	50	32.88	36.29	1494.4	0.676	19.1	
1125	A	4	5	54	56	32.94	36.35	1496.0	0.669	18.9	
1125	A	4	5	60	62	33.00	36.41	1497.6	0.595	16.7	
1125	A	4	5	66	68	33.06	36.47	1499.2	0.585	16.4	
1125	A	4	5	72	74	33.12	36.53	1501.0	0.582	16.3	
1125	A	4	5	78	80	33.18	36.59	1503.1	0.556	15.5	
1125	A	4	5	84	86	33.24	36.65	1505.2	0.555	15.5	
1125	A	4	5	90	92	33.30	36.71	1507.3	0.589	16.5	
1125	A	4	5	96	98	33.36	36.77	1509.4	0.611	17.2	
1125	A	4	5	102	104	33.42	36.83	1511.5	0.647	18.3	
1125	A	4	5	108	110	33.48	36.89	1513.6	0.644	18.2	
1125	A	4	5	114	116	33.54	36.95	1515.7	0.646	18.3	
1125	A	4	5	120	122	33.60	37.01	1517.8	0.642	18.1	
1125	A	4	5	126	128	33.66	37.07	1519.9	0.639	18.0	
1125	A	4	5	130	132	33.80	37.11	1521.3	0.644	18.18	
1125	A	4	5	140	142	33.90	37.18	1524.8	0.635	17.91	
1125	A	4	6	0	2	34.00	37.22	1527.0	0.644	18.17	
1125	A	4	6	20	22	34.20	37.30	1529.0	0.636	17.92	
1125	A	4	6	28	30	34.28	37.39	1531.1	0.625	17.62	
1125	A	4	6	40	42	34.40	37.51	1535.3	0.591	16.58	
1125	A	4	6	52	54	34.52	37.63	1539.5	0.570	15.94	
1125	A	4	6	60	62	34.60	37.71	1542.2	0.540	15.02	
1125	B	4	2	126	128	34.65	37.76	1543.6	0.532	14.8	
1125	B	4	2	138	140	34.77	37.88	1546.9	0.535	14.9	
1125	B	4	2	144	146	34.83	37.94	1548.5	0.533	14.8	
1125	B	4	3	0	2	34.89	38.00	1550.1	0.563	15.7	
1125	B	4	3	6	8	34.95	38.06	1551.8	0.577	16.2	
1125	B	4	3	12	14	35.01	38.12	1553.4	0.601	16.9	
1125	B	4	3	18	20	35.07	38.18	1555.0	0.612	17.2	
1125	B	4	3	24	26	35.13	38.24	1556.7	0.515	14.3	
1125	B	4	3	30	32	35.19	38.30	1558.3	0.600	16.8	
1125	B	4	3	36	38	35.25	38.36	1559.9	0.634	17.9	
1125	B	4	3	42	44	35.31	38.42	1561.6	0.644	18.2	
1125	B	4	3	48	50	35.37	38.48	1563.2	0.659	18.6	
1125	B	4	3	54	56	35.43	38.54	1564.9	0.659	18.6	
1125	B	4	3	60	62	35.49	38.60	1566.5	0.661	18.7	
1125	B	4	3	66	68	35.55	38.66	1568.1	0.663	18.7	
1125	B	4	3	72	74	35.61	38.72	1569.8	0.646	18.3	
1125	B	4	3	78	80	35.67	38.78	1571.4	0.628	17.7	
1125	B	4	3	84	86	35.73	38.84	1573.0	0.622	17.5	
1125	B	4	3	90	92	35.79	38.90	1574.7	0.595	16.7	
1125	B	4	3	96	98	35.85	38.96	1576.3	0.578	16.2	
1125	B	4	3	102	104	35.91	39.02	1578.0	0.569	15.9	
1125	B	4	3	108	110	35.97	39.08	1579.6	0.573	16.0	
1125	B	4	3	114	116	36.03	39.14	1581.3	0.584	16.4	
1125	B	4	3	120	122	36.09	39.20	1582.7	0.598	16.8	
1125	B	4	3	126	128	36.15	39.26	1584.1	0.600	16.9	
1125	B	4	3	132	134	36.21	39.32	1585.4	0.617	17.4	
1125	B	4	3	138	140	36.27	39.38	1586.8	0.645	18.2	
1125	B	4	3	144	146	36.33	39.44	1588.2	0.645	18.2	
1125	B	4	4	0	2	36.39	39.50	1589.6	0.638	18.0	
1125	B	4	4	6	8	36.45	39.56	1590.9	0.600	16.9	
1125	B	4	4	12	14	36.51	39.62	1592.3	0.610	17.1	
1125	B	4	4	18	20	36.57	39.68	1593.7	0.627	17.7	
1125	B	4	4	24	26	36.63	39.74	1595.1	0.626	17.6	
1125	B	4	4	30	32	36.69	39.80	1596.5	0.644	18.2	
1125	B	4	4	36	38	36.75	39.86	1597.8	0.653	18.5	
1125	B	4	4	42	44	36.81	39.92	1599.2	0.654	18.5	
1125	B	4	4	48	50	36.87	39.98	1600.6	0.635	17.9	
1125	B	4	4	54	56	36.93	40.04	1602.0	0.625	17.6	
1125	B	4	4	60	62	36.99	40.10	1603.4	0.625	17.6	
1125	B	4	4	66	68	37.05	40.16	1604.7	0.618	17.4	
1125	B	4	4	72	74	37.11	40.22	1606.1	0.633	17.8	
1125	B	4	4	78	80	37.17	40.28	1607.5	0.641	18.1	
1125	B	4	4	84	86	37.23	40.34	1608.9	0.625	17.6	
1125	B	4	4	90	92	37.29	40.40	1610.3	0.613	17.2	
1125	B	4	4	96	98	37.35	40.46	1611.6	0.635	17.9	
1125	B	4	4	102	104	37.41	40.52	1613.0	0.641	18.1	
1125	B	4	4	108	110	37.47	40.58	1614.4	0.645	18.2	
1125	B	4	4	114	116	37.53	40.64	1615.8	0.654	18.5	
1125	B	4	4	120	122	37.59	40.70	1617.2	0.656	18.5	
1125	B	4	4	126	128	37.65	40.76	1618.7	0.655	18.5	
1125	B	4	4	132	134	37.71	40.82	1620.2	0.651	18.4	
1125	B	4	4	138	140	37.77	40.88	1621.8	0.648	18.3	
1125	B	4	4	144	146	37.83	40.94	1623.3	0.643	18.1	
1125	B	4	5	0	2	37.89	41.00	1624.9	0.626	17.6	
1125	B	4	5	6	8	37.95	41.06	1626.4	0.631	17.8	
1125	B	4	5	12	14	38.01	41.12	1628.0	0.647	18.3	
1125	B	4	5	18	20	38.07	41.18	1629.5	0.653	18.4	
1125	B	4	5	24	26	38.13	41.24	1631.1	0.653	18.5	
1125	B	4	5	30	32	38.19	41.30	1632.6	0.661	18.7	
1125	B	4	5	36	38	38.25	41.36	1634.2	0.642	18.1	
1125	B	4	5	42	44	38.31	41.42	1635.7	0.626	17.6	
1125	B	4	5	48	50	38.37	41.48	1637.3	0.619	17.4	
1125	B	4	5	54	56	38.43	41.54	1638.8	0.631	17.8	
1125	B	4	5	60	62	38.49	41.60	1640.4	0.636	17.9	
1125	A	5	1	70	72	38.56	41.70	1643.0	0.587	16.45	
1125	A	5	1	78	80	38.64	41.78	1645.0	0.575	16.1	
1125	A	5	1	84	86	38.70	41.84	1646.6	0.576	16.1	
1125	A	5	1	90	92	38.76	41.90	1648.1	0.590	16.6	
1125	A	5	1	96	98	38.82	41.96	1649.7	0.597	16.8	
1125	A	5	1	102	104	38.88	42.02	1651.2	0.604	17.0	
1125	A	5	1	108	110	38.94	42.08	1652.8	0.625	17.6	
1125	A	5	1	114	116	39.00	42.14	1654.3	0.629	17.7	
1125	A	5	1	120	122	39.06	42.20	1655.9	0.623	17.6	
1125	A	5	1	126	128	39.12	42.26	1657.4	0.597	16.8	
1125	A	5	1	132	134	39.18	42.32	1659.0	0.583	16.3	
1125	A	5	1	138	140	39.24	42.38	1661.0	0.585	16.4	
1125	A	5	1	144	146	39.30	42.44	1663.0	0.595	16.7	
1125	A	5	2	0	2	39.36	42.50	1665.1	0.602	16.9	
1125	A	5	2	6	8	39.42	42.56	1667.2	0.583	16.3	
1125	A	5	2	12	14	39.48	42.62	1669.2	0.635	17.9	
1125	A	5	2	18	20	39.54	42.68	1671.3	0.645	18.2	
1125	A	5	2	24	26	39.60	42.74	1673.4	0.636	17.9	
1125	A	5	2	30	32	39.66	42.80	1675.4	0.637	18.0	
1125	A	5	2	36	38	39.72	42.86	1677.5	0.645	18.2	
1125	A	5	2	42	44	39.78	42.92	1679.6	0.645	18.2	
1125	A	5	2	48	50	39.84	42.98	1681.6	0.628	17.7	
1125	A	5	2	54	56	39.90	43.04	1683.7	0.637	18.0	
1125	A	5	2	60	62	39.96	43.10	1685.8	0.630	17.8	
1125	A	5	2	66	68	40.02	43.16	1687.8	0.620	17.4	
1125	A	5	2	72	74	40.08	43.22	1689.9	0.610	17.2	
1125	A	5	2	78	80	40.14	43.28	1691.9	0.601	16.9	
1125	A	5	2	84	86	40.20	43.34	1694.0	0.628	17.7	
1125	A	5	2	90	92	40.26	43.40	1696.1	0.612	17.2	
1125	A	5	2	96	98	40.32	43.46	1698.1	0.625	17.6	
1125	A	5	2	102	104	40.38	43.52	1700.2	0.639	18.0	
1125	A	5	2	108	110	40.44	43.58	1702.3	0.626	17.6	
1125	A	5	2	114	116	40.50	43.64	1704.2	0.639	18.0	
1125	A	5	2	120	122	40.56	43.70	1706.1	0.629	17.7	
1125	A	5	2	126	128	40.62	43.76	1708.0	0.619	17.4	
1125	A	5	2	132	134	40.68	43.82	1709.9	0.629	17.7	
1125	A	5	2	138	140	40.74	43.88	1711.8	0.628	17.7	
1125	A	5	2	144	146	40.80	43.94	1713.7	0.635	17.9	
1125	A	5	3	0	2	40.86	44.00	1715.6	0.640	18.1	
1125	A	5	3	1	3	40.87	44.01	1715.9	0.640	18.1	
1125	A	5	3	6	8	40.92	44.06	1717.5	0.646	18.2	
1125	A	5	3	12	14	40.98	44.12	1719.4	0.645	18.2	
1125	A	5	3	18	20	41.04	44.18	1721.3	0.659	18.6	
1125	A	5	3	24	26	41.10	44.24	1723.2	0.657	18.6	
1125	A	5	3	30	32	41.16	44.30	1725.1	0.656	18.6	
1125	A	5	3	36	38	41.22	44.36	1727.0	0.645	18.2	
1125	A	5	3	42	44	41.28	44.42	1728.9	0.649	18.3	
1125	A	5	3	48	50	41.34	44.48	1730.8	0.638	18.0	
1125	A	5	3	54	56	41.40	44.54	1732.7	0.640	18.1	
1125	A	5	3	66	68	41.52	44.66	1736.5	0.600	16.8	
1125	A	5	3	72	74	41.58	44.72	1738.4	0.611	17.2	
1125	A	5	3	78	80	41.64	44.78	1740.3	0.613	17.3	
1125	A	5	3	84	86	41.70	44.84	1742.2	0.616	17.3	
1125	A	5	3	90	92	41.76	44.90	1744.1	0.613	17.2	
1125	A	5	3	96	98	41.82	44.96	1746.0	0.602	16.9	
1125	A	5	3	102	104	41.88	45.02	1747.9	0.606	17.0	
1125	A	5	3	108	110	41.94	45.08	1749.7	0.617	17.4	
1125	A	5	3	114	116	42.00	45.14	1751.3	0.599	16.8	
1125	A	5	3	120	122	42.06	45.20	1752.8	0.612	17.2	
1125	A	5	3	126	128	42.12	45.26	1754.3	0.608	17.1	
1125	A	5	3	132	134	42.18	45.32	1755.8	0.601	16.9	
1125	A	5	3	138	140	42.24	45.38	1757.3	0.593	16.6	
1125	A	5	3	144	146	42.30	45.44	1758.8	0.627	17.7	
1125	A	5	4	0	2	42.36	45.50	1760.3	0.617	17.4	
1125	A	5	4	6	8	42.42	45.56	1761.9	0.634	17.9	
1125	A	5	4	12	14	42.48	45.62	1763.4	0.651	18.4	
1125	A	5	4	18	20	42.54	45.68	1764.9	0.666	18.9	
1125	A	5	4	24	26	42.60	45.74	1766.4	0.644	18.2	
1125	A	5	4	30	32	42.66	45.80	1767.9	0.610	17.2	
1125	A	5	4	36	38	42.72	45.86	1769.4	0.619	17.4	
1125	A	5	4	42	44	42.78	45.92	1770.9	0.643	18.1	
1125	A	5	4	48	50	42.84	45.98	1772.4	0.650	18.3	
1125	A	5	4	54	56	42.90	46.04	1774.0	0.644	18.2	
1125	A	5	4	60	62	42.96	46.10	1775.5	0.652	18.4	
1125	A	5	4	66	68	43.02	46.16	1777.0	0.660	18.7	
1125	A	5	4	72	74	43.08	46.22	1778.5	0.672	19.0	
1125	A	5	4	78	80	43.14	46.28	1780.0	0.654	18.5	
1125	A	5	4	84	86	43.20	46.34	1781.5	0.656	18.5	
1125	A	5	4	90	92	43.26	46.40	1783.0	0.636	17.9	
1125	A	5	4	96	98	43.32	46.46	1784.5	0.632	17.8	
1125	A	5	4	102	104	43.38	46.52	1786.1	0.628	17.7	
1125	A	5	4	108	110	43.44	46.58	1787.6	0.613	17.2	
1125	A	5	4	114	116	43.50	46.64	1789.1	0.597	16.8	
1125	A	5	4	120	122	43.56	46.70	1790.6	0.589	16.5	
1125	B	5	1	84	86	46.81	46.76	1792.5	0.595	16.7	
1125	B	5	1	90	92	46.87	46.82	1794.4	0.625	17.6	
1125	B	5	1	96	98	46.93	46.88	1796.3	0.638	18.0	
1125	B	5	1	102	104	46.99	46.94	1798.2	0.647	18.3	
1125	B	5	1	108	110	47.05	47.00	1800.0	0.630	17.7	
1125	B	5	1	114	116	47.11	47.06	1801.9	0.657	18.6	
1125	B	5	1	120	122	47.17	47.12	1803.8	0.651	18.4	
1125	B	5	1	126	128	47.23	47.18	1805.7	0.647	18.3	
1125	B	5	1	132	134	47.29	47.24	1807.6	0.647	18.3	
1125	B	5	1	138	140	47.35	47.30	1809.5	0.662	18.7	
1125	B	5	1	144	146	47.41	47.36	1811.4	0.628	17.7	
1125	B	5	2	0	2	47.47	47.42	1813.3	0.637	18.0	
1125	B	5	2	6	8	47.53	47.48	1815.2	0.654	18.5	
1125	B	5	2	12	14	47.59	47.54	1817.1	0.668	18.9	
1125	B	5	2	18	20	47.65	47.60	1819.0	0.655	18.5	
1125	B	5	2	24	26	47.71	47.66	1820.8	0.649	18.3	
1125	B	5	2	30	32	47.77	47.72	1822.7	0.663	18.7	
1125	B	5	2	36	38	47.83	47.78	1824.6	0.667	18.9	
1125	B	5	2	42	44	47.89	47.84	1826.5	0.665	18.8	
1125	B	5	2	48	50	47.95	47.90	1828.3	0.654	18.5	
1125	B	5	2	54	56	48.01	47.96	1830.0	0.649	18.3	
1125	B	5	2	58	61	48.055	48.01	1831.5	0.639	18.0	
1125	B	5	2	60	62	48.07	48.02	1831.8	0.640	18.1	
1125	B	5	2	66	68	48.13	48.08	1833.6	0.638	18.0	
1125	B	5	2	72	74	48.19	48.14	1835.3	0.647	18.3	
1125	B	5	2	78	80	48.25	48.20	1837.1	0.636	17.9	
1125	B	5	2	84	86	48.31	48.26	1838.8	0.639	18.0	
1125	B	5	2	90	92	48.37	48.32	1840.6	0.646	18.2	
1125	B	5	2	96	98	48.43	48.38	1842.4	0.648	18.3	
1125	B	5	2	102	104	48.49	48.44	1844.1	0.647	18.3	
1125	B	5	2	108	110	48.55	48.50	1845.9	0.646	18.2	
1125	B	5	2	114	116	48.61	48.56	1847.6	0.655	18.5	
1125	B	5	2	120	122	48.67	48.62	1849.4	0.651	18.4	
1125	B	5	2	126	128	48.73	48.68	1851.2	0.659	18.6	
1125	B	5	2	132	134	48.79	48.74	1852.9	0.638	18.0	
1125	B	5	2	138	140	48.85	48.80	1854.7	0.654	18.5	
1125	B	5	2	144	146	48.91	48.86	1856.4	0.662	18.7	
1125	B	5	3	0	2	48.97	48.92	1858.2	0.671	19.0	
1125	B	5	3	6	8	49.03	48.98	1860.0	0.672	19.0	
1125	B	5	3	12	14	49.09	49.04	1861.7	0.651	18.4	
1125	B	5	3	18	20	49.15	49.10	1863.5	0.677	19.2	
1125	B	5	3	24	26	49.21	49.16	1865.2	0.606	17.0	
1125	B	5	3	30	32	49.27	49.22	1867.2	0.603	16.9	
1125	B	5	3	36	38	49.33	49.28	1869.3	0.608	17.1	
1125	B	5	3	42	44	49.39	49.34	1871.3	0.603	17.0	
1125	B	5	3	48	50	49.45	49.40	1873.3	0.635	17.9	
1125	B	5	3	54	56	49.51	49.46	1875.3	0.651	18.4	
1125	B	5	3	60	62	49.57	49.52	1877.3	0.665	18.8	
1125	B	5	3	66	68	49.63	49.58	1879.4	0.667	18.9	
1125	B	5	3	72	74	49.69	49.64	1881.4	0.678	19.2	
1125	B	5	3	78	80	49.75	49.70	1883.4	0.680	19.3	
1125	B	5	3	84	86	49.81	49.76	1885.4	0.683	19.4	
1125	B	5	3	90	92	49.87	49.82	1887.4	0.676	19.1	
1125	B	5	3	96	98	49.93	49.88	1889.5	0.673	19.1	
1125	B	5	3	100	102	49.97	49.92	1890.8	0.670	19.0	
1125	B	5	3	102	104	49.99	49.94	1891.5	0.676	19.1	
1125	B	5	3	108	110	50.05	50.00	1893.5	0.676	19.2	
1125	B	5	3	114	116	50.11	50.06	1895.5	0.676	19.2	
1125	B	5	3	120	122	50.17	50.12	1897.5	0.662	18.7	
1125	B	5	3	126	128	50.23	50.18	1899.6	0.663	18.8	
1125	B	5	3	132	134	50.29	50.24	1901.6	0.659	18.6	
1125	B	5	3	138	140	50.35	50.30	1903.6	0.655	18.5	
1125	B	5	3	144	146	50.41	50.36	1905.6	0.654	18.5	
1125	B	5	4	0	2	50.47	50.42	1907.6	0.650	18.4	
1125	B	5	4	1	4	50.48	50.44	1908.3	0.652	18.4	
1125	B	5	4	6	8	50.53	50.48	1909.7	0.636	17.9	
1125	B	5	4	12	14	50.59	50.54	1911.7	0.632	17.8	
1125	B	5	4	18	20	50.65	50.60	1913.9	0.632	17.8	
1125	B	5	4	24	26	50.71	50.66	1916.1	0.627	17.7	
1125	B	5	4	30	32	50.77	50.72	1918.3	0.633	17.8	
1125	B	5	4	36	38	50.83	50.78	1920.5	0.646	18.2	
1125	B	5	4	42	44	50.89	50.84	1922.7	0.690	19.6	
1125	B	5	4	48	50	50.95	50.90	1924.8	0.695	19.7	
1125	B	5	4	54	56	51.01	50.96	1927.0	0.695	19.7	
1125	B	5	4	60	62	51.07	51.02	1929.2	0.682	19.3	
1125	B	5	4	66	68	51.13	51.08	1931.4	0.694	19.7	
1125	B	5	4	72	74	51.19	51.14	1933.6	0.689	19.5	
1125	B	5	4	78	80	51.25	51.20	1935.8	0.685	19.4	
1125	B	5	4	84	86	51.31	51.26	1938.0	0.691	19.6	
1125	B	5	4	90	92	51.37	51.32	1940.1	0.681	19.3	
1125	B	5	4	96	98	51.43	51.38	1942.3	0.691	19.6	
1125	B	5	4	102	104	51.49	51.44	1944.5	0.682	19.3	
1125	B	5	4	108	110	51.55	51.50	1946.7	0.681	19.3	
1125	B	5	4	114	116	51.61	51.56	1948.9	0.680	19.3	
1125	B	5	4	120	122	51.67	51.62	1951.1	0.627	17.7	
1125	B	5	4	126	128	51.73	51.68	1953.2	0.654	18.5	
1125	B	5	4	132	134	51.79	51.74	1955.3	0.645	18.2	
1125	B	5	4	138	140	51.85	51.80	1957.4	0.663	18.8	
1125	B	5	4	144	146	51.91	51.86	1959.6	0.672	19.0	
1125	B	5	5	0	2	51.97	51.92	1961.7	0.660	18.7	
1125	B	5	5	6	8	52.03	51.98	1963.8	0.656	18.6	
1125	B	5	5	12	14	52.09	52.04	1965.9	0.631	17.8	
1125	B	5	5	18	20	52.15	52.10	1968.0	0.642	18.1	
1125	B	5	5	24	26	52.21	52.16	1970.2	0.640	18.1	
1125	B	5	5	30	32	52.27	52.22	1972.3	0.655	18.5	
1125	B	5	5	36	38	52.33	52.28	1974.4	0.645	18.2	
1125	A	6	2	0	2	52.24	52.34	1976.5	0.641	18.08	
1125	A	6	2	10	12	52.34	52.44	1980.1	0.617	17.38	
1125	A	6	2	18	20	52.42	52.52	1982.9	0.621	17.5	
1125	A	6	2	24	26	52.48	52.58	1985.0	0.613	17.2	
1125	A	6	2	30	32	52.54	52.64	1987.1	0.615	17.3	
1125	A	6	2	36	38	52.60	52.70	1989.2	0.607	17.1	
1125	A	6	2	42	44	52.66	52.76	1991.4	0.608	17.1	
1125	A	6	2	48	50	52.72	52.82	1993.5	0.610	17.1	
1125	A	6	2	54	56	52.78	52.88	1995.6	0.624	17.6	
1125	A	6	2	60	62	52.84	52.94	1997.7	0.635	17.9	
1125	A	6	2	78	80	53.02	53.12	2004.1	0.643	18.1	
1125	A	6	2	84	86	53.08	53.18	2006.0	0.651	18.4	
1125	A	6	2	90	92	53.14	53.24	2007.9	0.648	18.3	
1125	A	6	2	96	98	53.20	53.30	2009.8	0.653	18.4	
1125	A	6	2	102	104	53.26	53.36	2011.7	0.652	18.4	
1125	A	6	2	108	110	53.32	53.42	2013.6	0.649	18.3	
1125	A	6	2	114	116	53.38	53.48	2015.5	0.652	18.4	
1125	A	6	2	120	122	53.44	53.54	2017.4	0.652	18.4	
1125	A	6	2	126	128	53.50	53.60	2019.3	0.656	18.6	
1125	A	6	2	132	134	53.56	53.66	2021.2	0.655	18.5	
1125	A	6	2	138	140	53.62	53.72	2023.1	0.652	18.4	
1125	A	6	2	144	146	53.68	53.78	2025.0	0.666	18.8	
1125	A	6	3	0	2	53.74	53.84	2026.9	0.687	19.5	
1125	A	6	3	6	8	53.80	53.90	2028.8	0.674	19.1	
1125	A	6	3	12	14	53.86	53.96	2030.7	0.676	19.1	
1125	A	6	3	18	20	53.92	54.02	2032.6	0.682	19.3	
1125	A	6	3	24	26	53.98	54.08	2034.5	0.680	19.3	
1125	A	6	3	30	32	54.04	54.14	2036.4	0.695	19.7	
1125	A	6	3	36	38	54.10	54.20	2038.3	0.693	19.7	
1125	A	6	3	42	44	54.16	54.26	2040.2	0.703	20.0	
1125	A	6	3	48	50	54.22	54.32	2042.1	0.675	19.1	
1125	A	6	3	54	56	54.28	54.38	2044.0	0.663	18.8	
1125	A	6	3	60	62	54.34	54.44	2045.9	0.659	18.6	
1125	A	6	3	66	68	54.40	54.50	2047.8	0.663	18.8	
1125	A	6	3	72	74	54.46	54.56	2049.7	0.669	18.9	
1125	A	6	3	80	82	54.54	54.64	2052.2	0.643	18.1	
1125	A	6	3	84	86	54.58	54.68	2053.5	0.635	17.9	
1125	A	6	3	90	92	54.56	54.74	2055.4	0.640	18.1	
1125	A	6	3	96	98	54.70	54.80	2057.3	0.657	18.6	
1125	A	6	3	102	104	54.76	54.86	2059.2	0.654	18.5	
1125	A	6	3	108	110	54.82	54.92	2061.1	0.653	18.5	
1125	A	6	3	114	116	54.88	54.98	2063.0	0.656	18.5	
1125	A	6	3	120	122	54.94	55.04	2064.9	0.666	18.9	
1125	A	6	3	124	126	54.98	55.08	2066.2	0.647	18.3	
1125	A	6	3	130	132	55.04	55.14	2068.1	0.630	17.7	
1125	A	6	3	132	134	55.06	55.16	2068.7	0.645	18.2	
1125	A	6	3	138	140	55.12	55.22	2070.6	0.638	18.0	
1125	A	6	3	144	146	55.18	55.28	2072.5	0.629	17.7	
1125	A	6	4	0	2	55.24	55.34	2074.4	0.604	17.0	
1125	A	6	4	1	3	55.25	55.35	2074.7	0.613	17.2	
1125	A	6	4	6	8	55.30	55.40	2076.3	0.629	17.7	
1125	A	6	4	12	14	55.36	55.46	2078.2	0.635	17.9	
1125	A	6	4	18	20	55.42	55.52	2080.1	0.608	17.1	
1125	A	6	4	24	26	55.48	55.58	2082.0	0.624	17.6	
1125	A	6	4	30	32	55.54	55.64	2083.9	0.626	17.6	
1125	A	6	4	36	38	55.60	55.70	2085.8	0.625	17.6	
1125	A	6	4	42	44	55.66	55.76	2087.7	0.627	17.7	
1125	A	6	4	48	50	55.72	55.82	2089.6	0.628	17.7	
1125	A	6	4	54	56	55.78	55.88	2091.5	0.631	17.8	
1125	A	6	4	60	62	55.84	55.94	2093.4	0.620	17.4	
1125	A	6	4	66	68	55.90	56.00	2095.3	0.606	17.0	
1125	A	6	4	72	74	55.96	56.06	2097.2	0.607	17.1	
1125	A	6	4	78	80	56.02	56.12	2099.1	0.623	17.6	
1125	A	6	4	84	86	56.08	56.18	2101.0	0.600	16.8	
1125	A	6	4	90	92	56.14	56.24	2102.9	0.605	17.0	
1125	A	6	4	96	98	56.20	56.30	2104.8	0.603	17.0	
1125	A	6	4	102	104	56.26	56.36	2106.7	0.596	16.7	
1125	A	6	4	108	110	56.32	56.42	2108.6	0.602	16.9	
1125	A	6	4	114	116	56.38	56.48	2110.5	0.606	17.0	
1125	A	6	4	120	122	56.44	56.54	2112.4	0.613	17.2	
1125	A	6	4	126	128	56.50	56.60	2114.3	0.617	17.4	
1125	A	6	4	132	134	56.56	56.66	2116.2	0.627	17.7	
1125	A	6	4	138	140	56.62	56.72	2118.1	0.636	17.9	
1125	A	6	4	144	146	56.68	56.78	2120.0	0.636	17.9	
1125	A	6	5	0	2	56.74	56.84	2121.9	0.638	18.0	
1125	A	6	5	7	9	56.81	56.91	2124.1	0.643	18.2	
1125	A	6	5	12	14	56.87	56.96	2125.7	0.648	18.3	
1125	A	6	5	18	20	56.93	57.02	2127.6	0.651	18.4	
1125	A	6	5	24	26	56.99	57.08	2129.5	0.660	18.7	
1125	A	6	5	32	34	57.07	57.16	2132.0	0.665	18.8	
1125	A	6	5	36	38	57.11	57.20	2133.3	0.642	18.1	
1125	A	6	5	42	44	57.17	57.26	2135.2	0.654	18.5	
1125	A	6	5	48	50	57.23	57.32	2137.1	0.662	18.7	
1125	A	6	5	54	56	57.29	57.38	2139.0	0.677	19.2	
1125	A	6	5	60	62	57.35	57.44	2140.9	0.660	18.7	
1125	A	6	5	66	68	57.41	57.50	2142.8	0.652	18.4	
1125	A	6	5	72	74	57.47	57.56	2144.7	0.647	18.3	
1125	A	6	5	78	80	57.53	57.62	2146.6	0.635	17.9	
1125	A	6	5	84	86	57.59	57.68	2148.5	0.638	18.0	
1125	A	6	5	90	92	57.65	57.74	2150.4	0.635	17.9	
1125	A	6	5	96	98	57.71	57.80	2152.3	0.638	18.0	
1125	A	6	5	102	104	57.77	57.86	2154.2	0.603	16.9	
1125	A	6	5	108	110	57.83	57.92	2156.1	0.598	16.8	
1125	A	6	5	114	116	57.89	57.98	2158.0	0.592	16.6	
1125	B	6	2	48	50	58.09	58.04	2160.3	0.561	15.7	
1125	B	6	2	54	56	58.17	58.10	2163.0	0.567	15.8	
1125	B	6	2	60	62	58.25	58.16	2165.7	0.588	16.5	
1125	B	6	2	66	68	58.34	58.22	2168.5	0.593	16.6	
1125	B	6	2	72	74	58.42	58.28	2171.2	0.592	16.6	
1125	B	6	2	78	80	58.50	58.34	2173.9	0.565	15.8	
1125	B	6	2	84	86	58.58	58.40	2176.6	0.575	16.1	
1125	B	6	2	90	92	58.64	58.46	2179.4	0.587	16.5	
1125	B	6	2	96	98	58.70	58.52	2182.1	0.598	16.8	
1125	B	6	2	102	104	58.76	58.58	2184.8	0.592	16.6	
1125	B	6	2	108	110	58.82	58.64	2187.6	0.617	17.4	
1125	B	6	2	114	116	58.88	58.70	2190.3	0.596	16.7	
1125	B	6	2	120	122	58.94	58.76	2193.0	0.589	16.5	
1125	B	6	2	126	128	59.00	58.82	2195.8	0.566	15.8	
1125	B	6	2	132	134	59.06	58.88	2198.5	0.568	15.9	
1125	B	6	2	138	140	59.12	58.94	2201.2	0.567	15.9	
1125	B	6	2	144	146	59.18	59.00	2203.7	0.560	15.6	
1125	B	6	3	0	2	59.24	59.06	2206.3	0.572	16.0	
1125	B	6	3	6	8	59.30	59.12	2208.9	0.589	16.5	
1125	B	6	3	12	14	59.36	59.18	2211.4	0.597	16.7	
1125	B	6	3	18	20	59.42	59.24	2214.0	0.613	17.2	
1125	B	6	3	24	26	59.48	59.30	2216.6	0.668	18.9	
1125	B	6	3	30	32	59.54	59.36	2219.1	0.686	19.4	
1125	B	6	3	36	38	59.60	59.42	2221.7	0.674	19.1	
1125	B	6	3	42	44	59.66	59.48	2224.2	0.681	19.3	
1125	B	6	3	48	50	59.72	59.54	2226.8	0.654	18.5	
1125	B	6	3	54	56	59.78	59.60	2229.4	0.643	18.2	
1125	B	6	3	60	62	59.84	59.66	2231.9	0.665	18.8	
1125	B	6	3	66	68	59.90	59.72	2234.5	0.651	18.4	
1125	B	6	3	72	74	59.96	59.78	2237.0	0.660	18.7	
1125	B	6	3	78	80	60.02	59.84	2239.6	0.659	18.6	
1125	B	6	3	82	84	60.06	59.88	2241.0	0.633	17.8	
1125	B	6	3	84	86	60.08	59.90	2241.6	0.659	18.6	
1125	B	6	3	90	92	60.14	59.96	2243.3	0.660	18.7	
1125	B	6	3	96	98	60.20	60.02	2245.1	0.645	18.2	
1125	B	6	3	102	104	60.26	60.08	2246.9	0.648	18.3	
1125	B	6	3	108	110	60.32	60.14	2248.6	0.660	18.7	
1125	B	6	3	114	116	60.38	60.20	2250.4	0.648	18.3	
1125	B	6	3	120	122	60.44	60.26	2252.2	0.644	18.2	
1125	B	6	3	126	128	60.50	60.32	2253.9	0.645	18.2	
1125	B	6	3	132	134	60.56	60.38	2255.7	0.622	17.5	
1125	B	6	3	138	140	60.62	60.44	2257.5	0.627	17.7	
1125	B	6	3	144	146	60.68	60.50	2259.2	0.632	17.8	
1125	B	6	4	0	2	60.74	60.56	2261.0	0.667	18.9	
1125	B	6	4	6	8	60.80	60.62	2262.8	0.660	18.7	
1125	B	6	4	12	14	60.86	60.68	2264.5	0.655	18.5	
1125	B	6	4	18	20	60.92	60.74	2266.3	0.670	19.0	
1125	B	6	4	24	26	60.98	60.80	2268.1	0.640	18.1	
1125	B	6	4	30	32	61.04	60.86	2269.8	0.642	18.1	
1125	B	6	4	36	38	61.10	60.92	2271.6	0.636	17.9	
1125	B	6	4	42	44	61.16	60.98	2273.4	0.618	17.4	
1125	B	6	4	48	50	61.22	61.04	2275.1	0.659	18.6	
1125	B	6	4	54	56	61.28	61.10	2276.9	0.603	17.0	
1125	B	6	4	60	62	61.34	61.16	2278.7	0.632	17.8	
1125	B	6	4	66	68	61.40	61.22	2280.8	0.649	18.3	
1125	B	6	4	72	74	61.46	61.28	2283.1	0.643	18.2	
1125	B	6	4	78	80	61.52	61.34	2285.5	0.639	18.0	
1125	B	6	4	84	86	61.58	61.40	2287.8	0.650	18.4	
1125	B	6	4	90	92	61.64	61.46	2290.2	0.642	18.1	
1125	B	6	4	96	98	61.70	61.52	2292.5	0.644	18.2	
1125	B	6	4	102	104	61.76	61.58	2294.8	0.628	17.7	
1125	B	6	4	108	110	61.82	61.64	2297.2	0.647	18.3	
1125	B	6	4	114	116	61.88	61.70	2299.5	0.644	18.2	
1125	B	6	4	120	122	61.94	61.76	2301.8	0.626	17.6	
1125	B	6	4	126	128	62.00	61.82	2304.2	0.624	17.6	
1125	B	6	4	132	134	62.06	61.88	2306.5	0.634	17.9	
1125	B	6	5	0	2	62.24	62.06	2313.5	0.637	18.0	
1125	B	6	5	6	8	62.30	62.12	2315.9	0.585	16.4	
1125	B	6	5	12	14	62.36	62.18	2318.1	0.602	16.9	
1125	B	6	5	18	20	62.42	62.24	2319.8	0.605	17.0	
1125	B	6	5	24	26	62.48	62.30	2321.5	0.584	16.4	
1125	B	6	5	30	32	62.54	62.36	2323.0	0.615	17.3	
1125	B	6	5	36	38	62.60	62.42	2324.5	0.622	17.5	
1125	B	6	5	42	44	62.66	62.48	2326.1	0.504	13.9	
1125	B	6	5	48	50	62.72	62.54	2327.6	0.518	14.4	
1125	B	6	5	54	56	62.78	62.60	2329.1	0.517	14.3	
1125	B	6	5	60	62	62.84	62.66	2330.6	0.622	17.5	
1125	B	6	5	66	68	62.90	62.72	2332.1	0.617	17.4	
1125	B	6	5	72	74	62.96	62.78	2333.7	0.630	17.8	
1125	B	6	5	78	80	63.02	62.84	2335.2	0.611	17.2	
1125	B	6	5	84	86	63.08	62.90	2336.7	0.628	17.7	
1125	B	6	5	90	92	63.14	62.96	2338.2	0.621	17.5	
1125	B	6	5	96	98	63.20	63.02	2339.8	0.622	17.5	
1125	B	6	5	102	104	63.26	63.08	2341.3	0.636	17.9	
1125	B	6	5	108	110	63.32	63.14	2342.8	0.655	18.5	
1125	B	6	5	114	116	63.38	63.20	2344.3	0.664	18.8	
1125	B	6	5	120	122	63.44	63.26	2345.9	0.666	18.8	
1125	B	6	5	126	128	63.50	63.32	2347.4	0.643	18.2	
1125	B	6	5	132	134	63.56	63.38	2348.9	0.670	19.0	
1125	B	6	5	138	140	63.62	63.44	2350.4	0.632	17.8	
1125	B	6	5	144	146	63.68	63.50	2352.0	0.670	19.0	
1125	A	7	2	24	26	63.73	63.56	2353.5	0.659	18.6	
1125	A	7	2	30	32	63.79	63.62	2355.0	0.649	18.3	
1125	A	7	2	36	38	63.85	63.68	2356.5	0.644	18.2	
1125	A	7	2	42	44	63.91	63.74	2358.1	0.643	18.2	
1125	A	7	2	48	50	63.97	63.80	2359.6	0.653	18.5	
1125	A	7	2	54	56	64.03	63.86	2361.1	0.649	18.3	
1125	A	7	2	60	62	64.09	63.92	2362.6	0.632	17.8	
1125	A	7	2	66	68	64.15	63.98	2364.0	0.606	17.0	
1125	A	7	2	72	74	64.21	64.04	2365.4	0.604	17.0	
1125	A	7	2	78	80	64.27	64.10	2366.8	0.601	16.9	
1125	A	7	2	84	86	64.33	64.16	2368.1	0.575	16.1	
1125	A	7	2	90	92	64.39	64.22	2369.5	0.596	16.7	
1125	A	7	2	96	98	64.45	64.28	2370.9	0.578	16.2	
1125	A	7	2	102	104	64.51	64.34	2372.2	0.590	16.6	
1125	A	7	2	108	110	64.57	64.40	2373.6	0.593	16.6	
1125	A	7	2	114	116	64.63	64.46	2375.0	0.586	16.4	
1125	A	7	2	120	122	64.69	64.52	2376.3	0.581	16.3	
1125	A	7	2	126	128	64.75	64.58	2377.7	0.585	16.4	
1125	A	7	2	132	134	64.81	64.64	2379.1	0.605	17.0	
1125	A	7	2	138	140	64.87	64.70	2380.4	0.602	16.9	
1125	A	7	2	144	146	64.93	64.76	2381.8	0.598	16.8	
1125	A	7	3	0	2	64.99	64.82	2383.2	0.593	16.6	
1125	A	7	3	6	8	65.05	64.88	2384.5	0.594	16.7	
1125	A	7	3	12	14	65.11	64.94	2385.9	0.596	16.7	
1125	A	7	3	18	20	65.17	65.00	2387.2	0.602	16.9	
1125	A	7	3	24	26	65.23	65.06	2388.6	0.592	16.6	
1125	A	7	3	30	32	65.29	65.12	2390.0	0.590	16.5	
1125	A	7	3	36	38	65.35	65.18	2391.3	0.584	16.4	
1125	A	7	3	42	44	65.41	65.24	2392.7	0.583	16.3	
1125	A	7	3	48	50	65.47	65.30	2394.1	0.597	16.8	
1125	A	7	3	54	56	65.53	65.36	2395.4	0.596	16.7	
1125	A	7	3	60	62	65.59	65.42	2396.8	0.597	16.8	
1125	A	7	3	66	68	65.65	65.48	2398.2	0.597	16.8	
1125	A	7	3	72	74	65.71	65.54	2399.5	0.575	16.1	
1125	A	7	3	78	80	65.77	65.60	2400.7	0.592	16.6	
1125	A	7	3	84	86	65.83	65.66	2402.0	0.593	16.6	
1125	A	7	3	90	92	65.89	65.72	2403.3	0.594	16.7	
1125	A	7	3	96	98	65.95	65.78	2404.6	0.587	16.4	
1125	A	7	3	100	102	65.99	65.82	2405.5	0.592	16.6	
1125	A	7	3	108	110	66.07	65.90	2407.2	0.598	16.8	
1125	A	7	3	114	116	66.13	65.96	2408.5	0.611	17.2	
1125	A	7	3	120	122	66.19	66.02	2409.7	0.601	16.9	
1125	A	7	3	125	127	66.24	66.07	2410.8	0.619	17.4	
1125	A	7	3	132	134	66.31	66.14	2412.3	0.627	17.7	
1125	A	7	3	138	140	66.37	66.20	2413.6	0.650	18.4	
1125	A	7	3	144	146	66.43	66.26	2414.9	0.654	18.5	
1125	A	7	4	0	2	66.49	66.32	2416.2	0.647	18.3	
1125	A	7	4	6	8	66.55	66.38	2417.5	0.653	18.5	
1125	A	7	4	12	14	66.61	66.44	2418.8	0.644	18.2	
1125	A	7	4	18	20	66.67	66.50	2420.0	0.633	17.9	
1125	A	7	4	24	26	66.73	66.56	2421.3	0.631	17.8	
1125	A	7	4	30	32	66.79	66.62	2422.6	0.598	16.8	
1125	A	7	4	36	38	66.85	66.68	2423.9	0.605	17.0	
1125	A	7	4	42	44	66.91	66.74	2425.2	0.591	16.6	
1125	A	7	4	48	50	66.97	66.80	2426.5	0.581	16.3	
1125	A	7	4	54	56	67.03	66.86	2427.8	0.601	16.9	
1125	A	7	4	60	62	67.09	66.92	2429.0	0.598	16.8	
1125	A	7	4	66	68	67.15	66.98	2430.3	0.608	17.1	
1125	A	7	4	72	74	67.21	67.04	2431.5	0.546	15.2	
1125	A	7	4	84	86	67.33	67.16	2433.6	0.618	17.4	
1125	A	7	4	90	92	67.39	67.22	2434.7	0.552	15.4	
1125	A	7	4	96	98	67.45	67.28	2435.7	0.552	15.4	
1125	A	7	4	102	104	67.51	67.34	2436.7	0.561	15.7	
1125	A	7	4	108	110	67.57	67.40	2437.8	0.604	17.0	
1125	A	7	4	114	116	67.63	67.46	2438.8	0.613	17.2	
1125	A	7	4	120	122	67.69	67.52	2439.9	0.610	17.1	
1125	A	7	4	126	128	67.75	67.58	2440.9	0.612	17.2	
1125	A	7	4	132	134	67.81	67.64	2442.0	0.610	17.1	
1125	A	7	4	138	140	67.87	67.70	2443.1	0.597	16.8	
1125	A	7	5	0	2	67.99	67.82	2445.2	0.598	16.8	
1125	A	7	5	6	8	68.05	67.88	2446.3	0.608	17.1	
1125	A	7	5	12	14	68.11	67.94	2447.4	0.603	16.9	
1125	A	7	5	18	20	68.17	68.00	2448.4	0.596	16.7	
1125	A	7	5	24	26	68.23	68.06	2449.5	0.607	17.0	
1125	A	7	5	30	32	68.29	68.12	2450.6	0.621	17.5	
1125	A	7	5	36	38	68.35	68.18	2451.6	0.605	17.0	
1125	A	7	5	42	44	68.41	68.24	2452.7	0.565	15.8	
1125	A	7	5	48	50	68.47	68.30	2453.8	0.575	16.1	
1125	A	7	5	54	56	68.53	68.36	2454.9	0.610	17.1	
1125	A	7	5	60	62	68.59	68.42	2455.9	0.613	17.2	
1125	A	7	5	66	68	68.65	68.48	2457.0	0.619	17.4	
1125	A	7	5	72	74	68.71	68.54	2458.1	0.621	17.5	
1125	A	7	5	78	80	68.77	68.60	2459.1	0.625	17.6	
1125	A	7	5	84	86	68.83	68.66	2460.2	0.628	17.7	
1125	A	7	5	90	92	68.89	68.72	2461.3	0.637	18.0	
1125	A	7	5	96	98	68.95	68.78	2462.4	0.627	17.7	
1125	A	7	5	102	104	69.01	68.84	2463.4	0.611	17.2	
1125	A	7	5	108	110	69.07	68.90	2464.5	0.615	17.3	
1125	A	7	5	114	116	69.13	68.96	2465.6	0.613	17.2	
1125	A	7	5	120	122	69.19	69.02	2466.6	0.602	16.9	
1125	A	7	5	126	128	69.25	69.08	2467.7	0.607	17.1	
1125	A	7	5	132	134	69.31	69.14	2468.8	0.597	16.8	
1125	A	7	5	138	140	69.37	69.20	2469.8	0.618	17.4	
1125	A	7	5	144	146	69.43	69.26	2470.9	0.601	16.9	
1125	A	7	6	0	2	69.49	69.32	2472.0	0.602	16.9	
1125	A	7	6	6	8	69.55	69.38	2473.1	0.617	17.4	
1125	A	7	6	12	14	69.61	69.44	2474.1	0.598	16.8	
1125	A	7	6	18	20	69.67	69.50	2475.2	0.592	16.6	
1125	A	7	6	24	26	69.73	69.56	2476.3	0.588	16.5	
1125	A	7	6	30	32	69.79	69.62	2477.3	0.566	15.8	
1125	A	7	6	36	38	69.85	69.68	2478.4	0.562	15.7	
1125	A	7	6	40	42	69.89	69.72	2479.1	0.550	15.34	
1125	A	7	6	50	52	69.99	69.82	2480.9	0.548	15.26	
1125	B	7	2	42	44	69.85	69.88	2482.5	0.545	15.2	
1125	B	7	2	48	50	69.91	69.94	2484.7	0.559	15.6	
1125	B	7	2	54	56	69.97	70.00	2486.8	0.563	15.7	
1125	B	7	2	60	62	70.03	70.06	2489.0	0.572	16.0	
1125	B	7	2	66	68	70.09	70.12	2491.1	0.581	16.3	
1125	B	7	2	72	74	70.15	70.18	2493.3	0.581	16.3	
1125	B	7	2	78	80	70.21	70.24	2495.4	0.600	16.8	
1125	B	7	2	84	86	70.27	70.30	2497.6	0.611	17.2	
1125	B	7	2	90	92	70.33	70.36	2499.7	0.630	17.8	
1125	B	7	2	96	98	70.39	70.42	2501.9	0.649	18.3	
1125	B	7	2	102	104	70.45	70.48	2504.0	0.630	17.7	
1125	B	7	2	108	110	70.51	70.54	2506.2	0.649	18.3	
1125	B	7	2	114	116	70.57	70.60	2508.3	0.663	18.8	
1125	B	7	2	120	122	70.63	70.66	2510.5	0.647	18.3	
1125	B	7	2	126	128	70.69	70.72	2512.6	0.645	18.2	
1125	B	7	2	132	134	70.75	70.78	2514.8	0.647	18.3	
1125	B	7	2	138	140	70.81	70.84	2516.9	0.656	18.6	
1125	B	7	2	144	146	70.87	70.90	2519.1	0.641	18.1	
1125	B	7	3	0	2	70.93	70.96	2521.2	0.650	18.4	
1125	B	7	3	6	8	70.99	71.02	2523.6	0.636	17.9	
1125	B	7	3	12	14	71.05	71.08	2526.2	0.628	17.7	
1125	B	7	3	18	20	71.11	71.14	2528.8	0.630	17.8	
1125	B	7	3	24	26	71.17	71.20	2531.4	0.627	17.7	
1125	B	7	3	30	32	71.23	71.26	2533.9	0.620	17.5	
1125	B	7	3	36	38	71.29	71.32	2536.5	0.561	15.7	
1125	B	7	3	42	44	71.35	71.38	2539.1	0.604	17.0	
1125	B	7	3	48	50	71.41	71.44	2541.7	0.686	19.4	
1125	B	7	3	54	56	71.47	71.50	2544.3	0.702	19.9	
1125	B	7	3	60	62	71.53	71.56	2546.9	0.687	19.5	
1125	B	7	3	66	68	71.59	71.62	2549.5	0.659	18.6	
1125	B	7	3	72	74	71.65	71.68	2552.1	0.668	18.9	
1125	B	7	3	78	80	71.71	71.74	2554.7	0.673	19.1	
1125	B	7	3	84	86	71.77	71.80	2557.3	0.656	18.5	
1125	B	7	3	90	92	71.83	71.86	2559.9	0.649	18.3	
1125	B	7	3	96	98	71.89	71.92	2562.5	0.638	18.0	
1125	B	7	3	102	104	71.95	71.98	2565.0	0.648	18.3	
1125	B	7	3	108	110	72.01	72.04	2567.4	0.662	18.7	
1125	B	7	3	114	116	72.07	72.10	2569.7	0.659	18.6	
1125	B	7	3	120	126	72.15	72.20	2573.7	0.670	19.0	
1125	B	7	3	126	128	72.17	72.22	2574.5	0.669	18.9	
1125	B	7	3	132	134	72.23	72.28	2576.8	0.669	19.0	
1125	B	7	3	138	140	72.29	72.34	2579.2	0.675	19.1	
1125	B	7	3	144	146	72.35	72.40	2581.6	0.663	18.8	
1125	B	7	4	0	2	72.41	72.46	2583.9	0.664	18.8	
1125	B	7	4	6	8	72.47	72.52	2586.3	0.650	18.4	
1125	B	7	4	12	14	72.53	72.58	2588.7	0.643	18.2	
1125	B	7	4	18	20	72.59	72.64	2591.1	0.661	18.7	
1125	B	7	4	24	26	72.65	72.70	2593.4	0.644	18.2	
1125	B	7	4	30	32	72.71	72.76	2595.8	0.648	18.3	
1125	B	7	4	36	38	72.77	72.82	2598.2	0.645	18.2	
1125	B	7	4	42	44	72.83	72.88	2600.5	0.653	18.5	
1125	B	7	4	48	50	72.89	72.94	2602.8	0.649	18.3	
1125	B	7	4	54	56	72.95	73.00	2604.6	0.645	18.2	
1125	B	7	4	60	62	73.01	73.06	2606.4	0.645	18.2	
1125	B	7	4	66	68	73.07	73.12	2608.3	0.643	18.1	
1125	B	7	4	72	74	73.13	73.18	2610.1	0.640	18.1	
1125	B	7	4	78	80	73.19	73.24	2611.9	0.645	18.2	
1125	B	7	4	84	86	73.25	73.30	2613.7	0.638	18.0	
1125	B	7	4	90	96	73.33	73.40	2616.8	0.635	17.9	
1125	B	7	4	96	98	73.37	73.42	2617.4	0.641	18.1	
1125	B	7	4	102	104	73.43	73.48	2619.2	0.635	17.9	
1125	B	7	4	108	110	73.49	73.54	2621.0	0.658	18.6	
1125	B	7	4	114	116	73.55	73.60	2622.9	0.658	18.6	
1125	B	7	4	120	122	73.61	73.66	2624.7	0.662	18.7	
1125	B	7	4	126	128	73.67	73.72	2626.5	0.656	18.5	
1125	B	7	4	132	134	73.73	73.78	2628.3	0.665	18.8	
1125	B	7	4	138	140	73.79	73.84	2630.2	0.657	18.6	
1125	B	7	4	144	146	73.85	73.90	2632.0	0.650	18.4	
1125	B	7	5	0	2	73.91	73.96	2633.8	0.653	18.4	
1125	B	7	5	6	8	73.97	74.02	2635.6	0.657	18.6	
1125	B	7	5	12	14	74.03	74.08	2637.5	0.662	18.7	
1125	B	7	5	18	20	74.09	74.14	2639.3	0.658	18.6	
1125	B	7	5	24	26	74.15	74.20	2641.1	0.667	18.9	
1125	B	7	5	30	32	74.21	74.26	2642.9	0.674	19.1	
1125	B	7	5	36	38	74.27	74.32	2644.7	0.677	19.2	
1125	B	7	5	42	44	74.33	74.38	2646.4	0.679	19.3	
1125	B	7	5	48	50	74.39	74.44	2648.1	0.676	19.2	
1125	B	7	5	54	56	74.45	74.50	2649.7	0.682	19.3	
1125	B	7	5	60	62	74.51	74.56	2651.4	0.670	19.0	
1125	B	7	5	66	68	74.57	74.62	2653.1	0.677	19.2	
1125	B	7	5	72	74	74.63	74.68	2654.7	0.668	18.9	
1125	B	7	5	78	80	74.69	74.74	2656.4	0.677	19.2	
1125	B	7	5	84	86	74.75	74.80	2658.1	0.673	19.1	
1125	B	7	5	90	92	74.83	74.86	2659.7	0.681	19.3	
1125	B	7	5	96	98	74.87	74.92	2661.4	0.676	19.2	
1125	B	7	5	102	104	74.93	74.98	2663.1	0.659	18.6	
1125	B	7	5	108	110	74.99	75.04	2664.7	0.658	18.6	
1125	B	7	5	114	116	75.05	75.10	2666.4	0.645	18.2	
1125	B	7	5	120	126	75.13	75.20	2669.2	0.660	18.7	
1125	A	8	2	60	62	74.86	75.26	2670.8	0.647	18.3	
1125	A	8	2	66	68	74.92	75.32	2672.5	0.644	18.2	
1125	A	8	2	72	74	74.98	75.38	2674.2	0.643	18.2	
1125	A	8	2	78	80	75.04	75.44	2675.8	0.634	17.9	
1125	A	8	2	84	86	75.10	75.50	2677.5	0.630	17.8	
1125	A	8	2	90	92	75.16	75.56	2679.2	0.627	17.7	
1125	A	8	2	96	98	75.22	75.62	2680.8	0.630	17.7	
1125	A	8	2	102	104	75.28	75.68	2682.5	0.638	18.0	
1125	A	8	2	108	110	75.34	75.74	2684.2	0.624	17.6	
1125	A	8	2	114	116	75.40	75.80	2686.1	0.627	17.7	
1125	A	8	2	120	122	75.46	75.86	2688.3	0.614	17.3	
1125	A	8	2	126	128	75.52	75.92	2690.4	0.614	17.3	
1125	A	8	2	132	134	75.58	75.98	2692.6	0.610	17.2	
1125	A	8	2	138	140	75.64	76.04	2694.7	0.613	17.2	
1125	A	8	2	144	146	75.70	76.10	2696.9	0.613	17.2	
1125	A	8	3	0	2	75.76	76.16	2699.0	0.619	17.4	
1125	A	8	3	6	8	75.82	76.22	2701.2	0.615	17.3	
1125	A	8	3	12	14	75.88	76.28	2703.3	0.608	17.1	
1125	A	8	3	18	20	75.94	76.34	2705.5	0.615	17.3	
1125	A	8	3	24	26	76.00	76.40	2707.6	0.613	17.3	
1125	A	8	3	30	32	76.06	76.46	2709.7	0.620	17.5	
1125	A	8	3	36	68	76.12	76.52	2711.6	0.622	17.5	
1125	A	8	3	42	44	76.18	76.58	2713.5	0.626	17.6	
1125	A	8	3	48	50	76.24	76.64	2715.4	0.637	18.0	
1125	A	8	3	54	56	76.30	76.70	2717.3	0.627	17.7	
1125	A	8	3	60	62	76.36	76.76	2719.2	0.634	17.9	
1125	A	8	3	66	68	76.42	76.82	2721.1	0.634	17.9	
1125	A	8	3	72	74	76.48	76.88	2722.9	0.623	17.5	
1125	A	8	3	78	80	76.54	76.94	2724.8	0.648	18.3	
1125	A	8	3	84	86	76.60	77.00	2726.6	0.635	17.9	
1125	A	8	3	90	92	76.66	77.06	2728.4	0.648	18.3	
1125	A	8	3	96	98	76.72	77.12	2730.2	0.663	18.8	
1125	A	8	3	102	104	76.78	77.18	2732.0	0.665	18.8	
1125	A	8	3	108	110	76.84	77.24	2733.8	0.667	18.9	
1125	A	8	3	114	116	76.90	77.30	2735.6	0.674	19.1	
1125	A	8	3	120	122	76.96	77.36	2737.4	0.671	19.0	
1125	A	8	3	126	128	77.02	77.42	2739.2	0.674	19.1	
1125	A	8	3	132	134	77.08	77.48	2741.0	0.667	18.9	
1125	A	8	3	138	140	77.14	77.54	2742.8	0.677	19.2	
1125	A	8	3	144	146	77.20	77.60	2744.6	0.670	19.0	
1125	A	8	4	0	2	77.26	77.66	2746.4	0.694	19.7	
1125	A	8	4	6	8	77.32	77.72	2748.3	0.703	20.0	
1125	A	8	4	12	14	77.38	77.78	2750.1	0.703	20.0	
1125	A	8	4	18	20	77.44	77.84	2751.9	0.697	19.8	
1125	A	8	4	24	26	77.50	77.90	2753.7	0.695	19.7	
1125	A	8	4	30	32	77.56	77.96	2755.5	0.685	19.4	
1125	A	8	4	36	38	77.62	78.02	2757.3	0.687	19.5	
1125	A	8	4	42	44	77.68	78.08	2759.1	0.672	19.0	
1125	A	8	4	48	50	77.74	78.14	2760.9	0.647	18.3	
1125	A	8	4	54	56	77.80	78.20	2762.7	0.651	18.4	
1125	A	8	4	60	62	77.86	78.26	2764.5	0.656	18.5	
1125	A	8	4	66	68	77.92	78.32	2766.3	0.651	18.4	
1125	A	8	4	72	74	77.98	78.38	2768.0	0.677	19.2	
1125	A	8	4	78	80	78.04	78.44	2769.7	0.690	19.6	
1125	A	8	4	84	86	78.10	78.50	2771.5	0.702	19.9	
1125	A	8	4	90	92	78.16	78.56	2773.2	0.701	19.9	
1125	A	8	4	96	98	78.22	78.62	2775.0	0.697	19.8	
1125	A	8	4	102	104	78.28	78.68	2776.7	0.685	19.4	
1125	A	8	4	108	110	78.34	78.74	2778.5	0.683	19.4	
1125	A	8	4	114	116	78.40	78.80	2780.2	0.685	19.4	
1125	A	8	4	120	122	78.46	78.86	2782.0	0.652	18.4	
1125	A	8	4	126	128	78.52	78.92	2783.7	0.646	18.2	
1125	A	8	4	132	134	78.58	78.98	2785.5	0.621	17.5	
1125	A	8	4	138	140	78.64	79.04	2787.2	0.637	18.0	
1125	A	8	4	144	146	78.70	79.10	2788.9	0.664	18.8	
1125	A	8	5	0	2	78.76	79.16	2790.7	0.686	19.5	
1125	A	8	5	6	8	78.82	79.22	2792.4	0.697	19.8	
1125	A	8	5	12	14	78.88	79.28	2794.2	0.673	19.1	
1125	A	8	5	18	20	78.94	79.34	2795.9	0.673	19.1	
1125	A	8	5	24	26	79.00	79.40	2797.7	0.684	19.4	
1125	A	8	5	30	32	79.06	79.46	2799.4	0.681	19.3	
1125	A	8	5	36	38	79.12	79.52	2801.2	0.672	19.0	
1125	A	8	5	42	44	79.18	79.58	2802.9	0.673	19.1	
1125	A	8	5	48	50	79.24	79.64	2804.7	0.682	19.3	
1125	A	8	5	54	56	79.30	79.70	2806.4	0.685	19.4	
1125	A	8	5	60	62	79.36	79.76	2808.2	0.683	19.4	
1125	A	8	5	66	68	79.42	79.82	2810.1	0.681	19.3	
1125	A	8	5	72	74	79.48	79.88	2812.0	0.677	19.2	
1125	A	8	5	78	80	79.54	79.94	2813.9	0.686	19.4	
1125	A	8	5	90	92	79.66	80.06	2817.7	0.691	19.6	
1125	A	8	5	96	98	79.72	80.12	2819.6	0.690	19.6	
1125	A	8	5	102	104	79.78	80.18	2821.5	0.681	19.3	
1125	A	8	5	108	110	79.84	80.24	2823.4	0.690	19.6	
1125	A	8	5	114	116	79.90	80.30	2825.2	0.700	19.9	
1125	A	8	5	120	122	79.96	80.36	2827.1	0.704	20.0	
1125	A	8	5	126	128	80.02	80.42	2829.0	0.711	20.2	
1125	A	8	5	132	134	80.08	80.48	2830.9	0.713	20.3	
1125	A	8	5	138	140	80.14	80.54	2832.8	0.696	19.8	
1125	A	8	5	144	146	80.20	80.60	2834.7	0.673	19.0	
1125	A	8	6	0	2	80.26	80.66	2836.6	0.677	19.2	
1125	A	8	6	6	8	80.32	80.72	2838.5	0.666	18.9	
1125	A	8	6	12	14	80.38	80.78	2840.4	0.647	18.3	
1125	A	8	6	18	20	80.44	80.84	2842.3	0.642	18.1	
1125	A	8	6	24	26	80.50	80.90	2844.2	0.645	18.2	
