# NOAA Paleoclimatology Program - Paleocean Site Data
# q200-tab.txt
# Complete Data
# File Created: 18-Jan-2005
#
#*********************************************************************************
# Please cite the contributor and the original publications when using these data
#*********************************************************************************
#
# Missing Values indicated by '-999'
#
# PI:             Philip P.E. Weaver
# Core/Site:      Q200
# Latitude:       45.59.42S	( -45.995)
# Longitude:      172.01.30E	( 172.025)
# Water Depth(m): 1370
#
# Publications:
#   Weaver, P.P.E., L. Carter, and H.L. Neil. 1998. Response of surface water masses
#     and circulation to late Quaternary climate change east of New Zealand. Paleoceanography
#     13(1):70-83.
#------------------
#
# Description & Notes:
#   Late Quaternary SW Pacific Foraminifer Data.
#   
#
# Variables:
#             depth         Depth (cm)
#             yrBP          radiocarbon years B.P. (Libby half-life; B.P. = 1950)
#             carb%         Calcium Carbonate percent
#             commun        Communality
#             gyrmar        Gyre margin foraminifer assemblage
#             polar         Polar foraminifer assemblage
#             sst-aug       Sea Surface Temperature (C, August)
#             sst-feb       Sea Surface Temperature (C, February)
#             subpolar      Subpolar foraminifer assemblage
#             trans         Transitional foraminifer assemblage
#             trop/sub      Tropical/Subtropical foraminifer assemblage
#             upwell        Upwelling foraminifer assemblage
#             d13Cforams-b  delta C13 PDB (Benthic Foraminifers)
#             d13Cforams-p  delta C13 PDB (Planktonic Foraminifers)
#             d18Oforams-b  delta O18 PDB (Benthic Foraminifers)
#             d18Oforams-p  delta O18 PDB (Planktonic Foraminifers)
#             forams-b      Benthic Foraminifers (Count)
#             foramsfrag    Foraminifers Fragments
#             frag%         Fragments percent
#             g.aequi       Globigerinella aequilateralis (Count)
#             g.bull        Globigerina bulloides (Count)
#             g.calid       Globigerina calida (Count)
#             g.cavern      Globorotalia cavernula (Count)
#             g.congl       Globigerinoides conglobatus (Count)
#             g.crass       Globorotalia crassaformis (Count)
#             g.crsula      Globorotalia crassula (Count)
#             g.digit       Globigerina digitata (Count)
#             g.falco       Globigerina falconensis (Count)
#             g.glut        Globigerinita glutinata (Count)
#             g.hirsu       Globorotalia hirsuta (Count)
#             g.infla       Globorotalia inflata (Count)
#             g.menar       Globorotalia menardii (Count)
#             g.quinq       Globigerina quinquiloba (Count)
#             g.rub-p       Globigerinoides ruber (pink) (Count)
#             g.rub-w       Globigerinoides ruber (white) (Count)
#             g.rubes       Globigerina rubescens (Count)
#             g.sac-ns      Globigerinoides sacculifer (no sac) (Count)
#             g.sac-ws      Globigerinoides sacculifer (with sac) (Count)
#             g.scit        Globorotalia scitula (Count)
#             g.tenn        Globigerinoides tenellus (Count)
#             g.trc-l       Globorotalia truncatulinoides (left coiling) (Count)
#             g.trc-r       Globorotalia truncatulinoides (right coiling) (Count)
#             g.tumi        Globorotalia tumida (Count)
#             n.duter       Neogloboquadrina dutertrei (Count)
#             n.pachy-l     Neogloboquadrina pachyderma (left coiling) (Count)
#             n.pachy-r     Neogloboquadrina pachyderma (right coiling) (Count)
#             o.univer      Orbulina universa (Count)
#             otherfor      Unidentified planktonic foraminifers (Count)
#             p.obliq       Pulleniatina obliquiloculata (Count)
#             pd            Globigerina pachyderma x Globoquadrina dutertrei intergrade (Count)
#             plank         Planktonic foraminifers (Count)
#             s.dehisc      Sphaeroidinella dehiscens (Count)
#
# CORE: Q200
depth	yrBP 	carb%	commun	gyrmar	polar	sst-aug	sst-feb	subpolar	trans	trop/sub	upwell	d13Cforams-b	d13Cforams-p	d18Oforams-b	d18Oforams-p	forams-b	foramsfrag	frag%	g.aequi	g.bull	g.calid	g.cavern	g.congl	g.crass	g.crsula	g.digit	g.falco	g.glut	g.hirsu	g.infla	g.menar	g.quinq	g.rub-p	g.rub-w	g.rubes	g.sac-ns	g.sac-ws	g.scit	g.tenn	g.trc-l	g.trc-r	g.tumi	n.duter	n.pachy-l	n.pachy-r	o.univer	otherfor	p.obliq	pd	plank	s.dehisc	
0	0	61.4	0.875	0.056	0.189	8.086	12.642	-0.742	0.321	-0.005	0.427	-999	-999	-999	-999	-999	-999	-999	-999	-999	-999	-999	-999	-999	-999	-999	-999	-999	-999	-999	-999	-999	-999	-999	-999	-999	-999	-999	-999	-999	-999	-999	-999	-999	-999	-999	-999	-999	-999	-999	-999	
9	2700	62.5	0.883	0.065	0.169	8.799	13.498	-0.73	0.343	0.005	0.448	-0.06	0.55	3.31	2.16	7	90	3.5	0	122	0	1	0	1	0	0	0	30	0	48	0	35	0	0	0	0	0	1	0	21	0	0	0	12	38	0	0	0	1	310	0	
19	5700	58.3	0.876	0.07	0.148	9.272	13.966	-0.701	0.339	0.009	0.494	-0.31	0.51	3.68	2.25	9	130	5	0	124	0	0	0	0	0	0	0	31	0	47	0	34	0	0	0	0	0	1	0	32	0	0	0	9	26	4	0	0	3	311	0	
24	7200	-999	0.853	0.075	0.117	9.381	14.132	-0.684	0.376	-0.018	0.473	-0.22	0.43	3.21	1.87	17	90	3.7	0	124	0	2	0	1	0	1	0	14	0	55	0	35	0	0	0	0	0	1	0	21	1	0	0	4	33	1	0	0	2	295	0	
29	8700	54	0.886	0.064	0.218	7.182	11.645	-0.738	0.236	-0.009	0.485	-0.31	0.21	3.51	2.61	19	170	4	0	224	0	0	0	0	0	0	0	34	0	54	0	67	0	0	0	0	0	1	0	27	2	0	0	32	63	4	4	0	1	513	0	
34	10200	-999	0.894	0.067	0.298	6.067	10.526	-0.709	0.181	-0.013	0.514	0.04	0.27	4.13	2.76	18	120	3.8	0	175	0	0	0	1	0	0	0	23	0	32	0	56	0	0	0	0	0	0	0	14	1	0	0	40	35	2	1	0	2	382	0	
39	11700	25.4	0.921	0.051	0.676	6.29	10.024	-0.53	0.204	0.01	0.374	-0.48	0.24	4.12	3.72	47	180	5.6	0	106	2	0	0	1	0	0	0	35	0	35	0	59	0	0	0	0	0	1	0	17	0	0	1	99	16	1	4	0	1	378	0	
44	13700	-999	0.904	0.055	0.611	4.929	8.797	-0.555	0.164	-0.012	0.44	-999	0.12	-999	2.78	60	223	7.4	0	121	0	0	0	0	0	0	0	20	0	29	0	65	0	0	0	0	0	0	0	11	0	0	0	89	14	0	1	0	0	350	0	
49	15550	7.1	0.985	0.033	0.881	4.524	7.835	-0.346	0.102	-0.012	0.278	-999	-0.01	-999	2.99	137	372	10.1	0	113	0	0	0	2	0	0	0	20	0	23	0	39	0	0	0	0	0	1	0	6	1	0	0	196	13	0	0	0	0	414	0	
54	17405	-999	0.997	0.003	0.991	2.069	6.232	-0.087	0.018	-0.018	0.08	-999	0.03	-999	3.07	63	321	9.6	0	47	0	0	0	0	0	0	0	0	0	3	0	29	0	0	0	0	0	0	0	5	0	0	0	287	5	0	0	0	0	376	0	
59	19257	-999	0.985	-0.004	0.992	1.401	5.956	-0.002	0.016	-0.015	0.01	-999	-999	-999	-999	70	463	17.2	0	20	0	0	0	0	0	0	0	0	0	2	0	3	0	0	0	0	0	0	0	1	0	0	0	251	1	0	0	0	0	278	0	
60	-999	6.9	-999	-999	-999	-999	-999	-999	-999	-999	-999	-999	-999	-999	-999	-999	-999	-999	-999	-999	-999	-999	-999	-999	-999	-999	-999	-999	-999	-999	-999	-999	-999	-999	-999	-999	-999	-999	-999	-999	-999	-999	-999	-999	-999	-999	-999	-999	-999	-999	-999	
69	22960	10.3	0.978	0.005	0.98	2.488	6.49	-0.087	0.07	-0.013	0.061	-999	0.23	-999	3.74	50	723	16.9	0	38	0	0	0	0	0	0	0	8	1	26	0	81	0	0	0	0	0	1	0	2	0	0	0	287	1	0	0	0	0	445	0	
79	26664	14.7	0.995	0.003	0.989	2.706	6.717	-0.1	0.037	-0.01	0.079	-999	0.17	-999	3.59	27	251	9.6	0	31	0	0	0	0	1	0	0	8	0	8	0	38	0	0	0	0	0	0	0	6	0	0	0	201	2	0	0	0	0	295	0	
89	30367	-999	0.936	0.034	0.855	4.347	7.273	-0.312	0.176	-0.011	0.275	-0.03	0.49	4.1	3.37	22	220	7.8	0	67	0	0	0	0	0	0	0	14	1	32	0	60	0	0	0	0	0	1	0	16	0	0	0	133	2	0	0	0	0	326	0	
90	-999	14.6	-999	-999	-999	-999	-999	-999	-999	-999	-999	-999	-999	-999	-999	-999	-999	-999	-999	-999	-999	-999	-999	-999	-999	-999	-999	-999	-999	-999	-999	-999	-999	-999	-999	-999	-999	-999	-999	-999	-999	-999	-999	-999	-999	-999	-999	-999	-999	-999	-999	
99	34070	13.2	0.927	0.041	0.748	5.143	8.451	-0.449	0.132	0.002	0.385	-0.15	0.68	4.44	3.7	30	130	5.1	0	80	0	1	0	1	0	0	0	22	0	19	0	52	0	0	0	0	0	0	0	22	0	0	0	97	5	0	1	0	0	300	0	
108	-999	25.5	-999	-999	-999	-999	-999	-999	-999	-999	-999	-999	-999	-999	-999	-999	-999	-999	-999	-999	-999	-999	-999	-999	-999	-999	-999	-999	-999	-999	-999	-999	-999	-999	-999	-999	-999	-999	-999	-999	-999	-999	-999	-999	-999	-999	-999	-999	-999	-999	-999	
109	38476	-999	0.996	0.005	0.987	3.008	7.01	-0.112	0.052	-0.008	0.081	-999	0.52	-999	3.9	25	440	14	0	37	0	0	0	0	0	0	0	14	0	13	0	28	0	0	0	0	0	0	0	4	0	0	0	237	5	0	0	0	0	338	0	
118	-999	25.8	-999	-999	-999	-999	-999	-999	-999	-999	-999	-999	-999	-999	-999	-999	-999	-999	-999	-999	-999	-999	-999	-999	-999	-999	-999	-999	-999	-999	-999	-999	-999	-999	-999	-999	-999	-999	-999	-999	-999	-999	-999	-999	-999	-999	-999	-999	-999	-999	-999	
119	41110	-999	0.99	0.024	0.924	3.545	6.878	-0.277	0.065	-0.021	0.234	-999	0.61	-999	3.39	13	180	6.3	0	85	0	0	0	0	0	0	0	5	0	11	0	33	0	0	0	0	0	1	0	8	0	0	0	181	11	0	1	0	0	336	0	
128	-999	35.6	-999	-999	-999	-999	-999	-999	-999	-999	-999	-999	-999	-999	-999	-999	-999	-999	-999	-999	-999	-999	-999	-999	-999	-999	-999	-999	-999	-999	-999	-999	-999	-999	-999	-999	-999	-999	-999	-999	-999	-999	-999	-999	-999	-999	-999	-999	-999	-999	-999	
129	45064	-999	0.976	0.026	0.862	4.812	7.46	-0.394	0.125	-0.023	0.246	-0.22	0.63	4.37	3.7	3	90	2.7	0	103	0	0	0	0	0	0	0	7	0	22	0	41	0	0	0	0	0	2	0	15	0	0	0	177	35	0	0	0	2	404	0	
138	-999	31.9	-999	-999	-999	-999	-999	-999	-999	-999	-999	-999	-999	-999	-999	-999	-999	-999	-999	-999	-999	-999	-999	-999	-999	-999	-999	-999	-999	-999	-999	-999	-999	-999	-999	-999	-999	-999	-999	-999	-999	-999	-999	-999	-999	-999	-999	-999	-999	-999	-999	
139	49017	-999	0.946	0.013	0.836	5.286	8.371	-0.459	0.086	-0.023	0.17	-0.33	0.44	4.67	3.09	8	130	3.8	0	99	0	0	0	0	0	0	0	7	0	10	0	35	0	0	0	0	0	1	0	6	0	0	0	176	71	0	1	0	0	406	0	
148	-999	17.9	-999	-999	-999	-999	-999	-999	-999	-999	-999	-999	-999	-999	-999	-999	-999	-999	-999	-999	-999	-999	-999	-999	-999	-999	-999	-999	-999	-999	-999	-999	-999	-999	-999	-999	-999	-999	-999	-999	-999	-999	-999	-999	-999	-999	-999	-999	-999	-999	-999	
149	52970	-999	0.988	0.01	0.946	4.123	7.64	-0.272	0.048	-0.02	0.131	-1.05	0.38	3.7	3.31	29	100	3.4	0	68	0	0	0	4	0	0	0	4	0	5	0	31	0	0	0	0	0	1	0	6	0	0	0	199	33	0	0	0	2	353	0	
158	-999	9.6	-999	-999	-999	-999	-999	-999	-999	-999	-999	-999	-999	-999	-999	-999	-999	-999	-999	-999	-999	-999	-999	-999	-999	-999	-999	-999	-999	-999	-999	-999	-999	-999	-999	-999	-999	-999	-999	-999	-999	-999	-999	-999	-999	-999	-999	-999	-999	-999	-999	
159	56923	-999	0.981	0.011	0.908	5.332	8.444	-0.363	0.094	-0.019	0.127	-0.34	0.17	4.46	3.67	16	130	3.3	0	101	0	0	0	1	0	0	0	11	0	16	0	37	0	0	0	0	0	0	0	7	0	0	0	228	59	0	0	0	9	469	0	
168	-999	13.8	-999	-999	-999	-999	-999	-999	-999	-999	-999	-999	-999	-999	-999	-999	-999	-999	-999	-999	-999	-999	-999	-999	-999	-999	-999	-999	-999	-999	-999	-999	-999	-999	-999	-999	-999	-999	-999	-999	-999	-999	-999	-999	-999	-999	-999	-999	-999	-999	-999	
169	61583	-999	0.993	-0.004	0.995	1.988	6.412	-0.037	0.014	-0.013	0.02	-999	0.02	-999	3.83	39	70	2.8	0	25	0	0	0	0	0	0	0	4	0	2	0	16	0	0	0	0	0	1	0	1	0	0	0	249	5	0	0	0	0	303	0	
178	-999	16.2	-999	-999	-999	-999	-999	-999	-999	-999	-999	-999	-999	-999	-999	-999	-999	-999	-999	-999	-999	-999	-999	-999	-999	-999	-999	-999	-999	-999	-999	-999	-999	-999	-999	-999	-999	-999	-999	-999	-999	-999	-999	-999	-999	-999	-999	-999	-999	-999	-999	
179	67448	-999	0.995	-0.001	0.993	2.233	6.607	-0.073	0.011	-0.014	0.051	-999	0.27	-999	3.89	49	95	3.3	0	40	0	0	0	0	0	0	0	5	0	1	0	22	0	0	0	0	0	0	0	1	0	0	0	274	7	0	0	0	0	350	0	
188	-999	31.9	-999	-999	-999	-999	-999	-999	-999	-999	-999	-999	-999	-999	-999	-999	-999	-999	-999	-999	-999	-999	-999	-999	-999	-999	-999	-999	-999	-999	-999	-999	-999	-999	-999	-999	-999	-999	-999	-999	-999	-999	-999	-999	-999	-999	-999	-999	-999	-999	-999	
189	72993	-999	0.994	0.007	0.984	2.348	6.477	-0.119	0.02	-0.018	0.106	-999	0.36	-999	3.27	56	160	6.1	0	46	0	0	0	1	0	0	0	2	0	2	0	17	0	0	0	0	0	1	0	4	1	0	0	226	6	0	0	0	0	306	0	
195	-999	59.7	-999	-999	-999	-999	-999	-999	-999	-999	-999	-999	-999	-999	-999	-999	-999	-999	-999	-999	-999	-999	-999	-999	-999	-999	-999	-999	-999	-999	-999	-999	-999	-999	-999	-999	-999	-999	-999	-999	-999	-999	-999	-999	-999	-999	-999	-999	-999	-999	-999	
199	76660	-999	0.983	0.019	0.939	3.088	6.715	-0.243	0.05	-0.025	0.195	-0.37	0.53	4.3	3.02	45	76	2.9	0	72	0	0	0	1	0	0	0	0	0	6	0	16	0	0	0	0	0	0	0	7	0	0	0	195	15	0	0	0	1	313	0	
204	-999	72.8	-999	-999	-999	-999	-999	-999	-999	-999	-999	-999	-999	-999	-999	-999	-999	-999	-999	-999	-999	-999	-999	-999	-999	-999	-999	-999	-999	-999	-999	-999	-999	-999	-999	-999	-999	-999	-999	-999	-999	-999	-999	-999	-999	-999	-999	-999	-999	-999	-999	
209	80329	-999	0.944	0.031	0.731	5.854	8.749	-0.554	0.178	-0.02	0.262	-0.41	0.93	3.89	2.97	9	50	1.9	0	80	0	0	0	1	0	0	0	12	0	23	0	20	0	0	0	0	0	0	0	12	1	0	0	118	52	0	0	0	5	324	0	
213	-999	81.1	-999	-999	-999	-999	-999	-999	-999	-999	-999	-999	-999	-999	-999	-999	-999	-999	-999	-999	-999	-999	-999	-999	-999	-999	-999	-999	-999	-999	-999	-999	-999	-999	-999	-999	-999	-999	-999	-999	-999	-999	-999	-999	-999	-999	-999	-999	-999	-999	-999	
219	83997	-999	0.936	0.058	0.645	4.752	8.213	-0.539	0.183	-0.022	0.438	-0.5	0.91	4.5	3.12	11	90	3.4	0	112	0	0	0	0	0	0	0	14	0	31	0	31	0	0	0	0	0	0	0	9	0	0	0	104	19	0	0	0	0	320	0	
223	-999	79.5	-999	-999	-999	-999	-999	-999	-999	-999	-999	-999	-999	-999	-999	-999	-999	-999	-999	-999	-999	-999	-999	-999	-999	-999	-999	-999	-999	-999	-999	-999	-999	-999	-999	-999	-999	-999	-999	-999	-999	-999	-999	-999	-999	-999	-999	-999	-999	-999	-999	
229	87665	-999	0.929	0.064	0.656	4.258	8.028	-0.504	0.174	-0.025	0.458	-0.34	0.76	4.03	3.1	11	90	3	0	124	0	0	0	7	0	0	0	12	0	35	0	35	0	0	0	0	0	2	0	9	1	0	0	124	10	0	0	0	1	360	0	
233	-999	85.8	-999	-999	-999	-999	-999	-999	-999	-999	-999	-999	-999	-999	-999	-999	-999	-999	-999	-999	-999	-999	-999	-999	-999	-999	-999	-999	-999	-999	-999	-999	-999	-999	-999	-999	-999	-999	-999	-999	-999	-999	-999	-999	-999	-999	-999	-999	-999	-999	-999	
239	91333	-999	0.874	0.079	0.441	4.743	9.376	-0.569	0.182	-0.024	0.561	-0.23	0.73	3.95	2.87	6	40	1.8	0	128	0	0	0	5	0	0	0	11	0	29	0	10	0	0	0	0	0	0	0	12	1	0	0	66	3	0	0	0	2	267	0	
245	-999	83.3	-999	-999	-999	-999	-999	-999	-999	-999	-999	-999	-999	-999	-999	-999	-999	-999	-999	-999	-999	-999	-999	-999	-999	-999	-999	-999	-999	-999	-999	-999	-999	-999	-999	-999	-999	-999	-999	-999	-999	-999	-999	-999	-999	-999	-999	-999	-999	-999	-999	
249	97000	-999	0.863	0.087	0.317	6.639	11.389	-0.6	0.276	-0.016	0.564	-0.25	0.61	3.48	2.57	10	85	3.5	0	137	0	0	0	6	0	0	0	21	0	50	0	14	0	0	0	0	0	1	0	11	0	0	0	44	6	0	0	0	0	290	0	
253	-999	78.9	-999	-999	-999	-999	-999	-999	-999	-999	-999	-999	-999	-999	-999	-999	-999	-999	-999	-999	-999	-999	-999	-999	-999	-999	-999	-999	-999	-999	-999	-999	-999	-999	-999	-999	-999	-999	-999	-999	-999	-999	-999	-999	-999	-999	-999	-999	-999	-999	-999	
259	102053	-999	0.915	0.068	0.475	5.105	9.205	-0.617	0.177	-0.015	0.522	-0.09	0.74	3.76	2.83	9	80	2.3	0	174	0	0	0	0	0	0	0	26	0	40	0	53	0	0	0	0	0	0	0	19	0	0	0	94	21	0	0	0	0	427	0	
262	-999	71.3	-999	-999	-999	-999	-999	-999	-999	-999	-999	-999	-999	-999	-999	-999	-999	-999	-999	-999	-999	-999	-999	-999	-999	-999	-999	-999	-999	-999	-999	-999	-999	-999	-999	-999	-999	-999	-999	-999	-999	-999	-999	-999	-999	-999	-999	-999	-999	-999	-999	
269	107106	-999	0.931	0.062	0.647	4.143	8.138	-0.524	0.133	-0.022	0.465	-0.12	0.68	4.42	3.36	11	96	2.8	0	162	0	0	0	0	0	0	0	19	0	33	0	49	0	0	0	0	0	1	0	1	0	0	0	146	11	0	0	0	1	423	0	
273	-999	79.6	-999	-999	-999	-999	-999	-999	-999	-999	-999	-999	-999	-999	-999	-999	-999	-999	-999	-999	-999	-999	-999	-999	-999	-999	-999	-999	-999	-999	-999	-999	-999	-999	-999	-999	-999	-999	-999	-999	-999	-999	-999	-999	-999	-999	-999	-999	-999	-999	-999	
278	-999	81.3	-999	-999	-999	-999	-999	-999	-999	-999	-999	-999	-999	-999	-999	-999	-999	-999	-999	-999	-999	-999	-999	-999	-999	-999	-999	-999	-999	-999	-999	-999	-999	-999	-999	-999	-999	-999	-999	-999	-999	-999	-999	-999	-999	-999	-999	-999	-999	-999	-999	
279	112158	-999	0.932	0.058	0.665	4.237	7.851	-0.504	0.149	-0.022	0.457	-0.4	0.73	4.17	2.79	7	94	2.8	0	148	0	0	0	0	0	0	0	15	0	33	0	59	0	0	0	0	0	0	0	13	1	0	0	132	9	0	0	0	0	410	0	
288	116705	-999	0.939	0.056	0.744	4.237	7.833	-0.436	0.242	-0.022	0.365	-0.28	0.88	4.14	2.92	13	87	3.2	0	100	0	0	0	0	0	0	0	13	0	45	0	40	0	0	0	0	0	1	0	4	0	0	0	120	10	0	0	0	0	333	0	
