# NOAA Paleoclimatology Program - Paleocean Site Data
# rc13-115-tab.txt
# Complete Data
# File Created: 18-Jan-2005
#
#*********************************************************************************
# Please cite the contributor and the original publications when using these data
#*********************************************************************************
#
# Missing Values indicated by '-999'
#
# PI:             Nicklas G. Pisias
# Core/Site:      RC13-115
# Latitude:       1.23.00S	( -1.38333)
# Longitude:      104.30.00W	( -104.5)
# Water Depth(m): 3621
#
# Publications:
#   Pisias, N.G., and A.C. Mix. 1997. Spatial and temporal oceanographic variability
#     of the eastern equatorial Pacific during the late Pleistocene: Evidence from
#     Radiolaria microfossils. Paleoceanography 12(3):381-393.
#------------------
#
# Description & Notes:
#   Eastern Equatorial Pacific Radiolaria Data.
#   Eight Radiolaria-based SST records covering the past 150 KYrBP are dominated
#   by the orbital frequency periods plus a non-orbital 31KYr period. Last Glacial
#   Maximum SST cooling is estimated at 3 to 5 degrees C.
#
# Variables:
#             depth         Depth (cm)
#             yrBP          radiocarbon years B.P. (Libby half-life; B.P. = 1950)
#             a.dent%       Antarctissa denticulata percent
#             a.ophir%      Anthocyrtidium ophirense percent
#             antarc.r      Antarctic radiolarian factor assemblage
#             b.aquil%      Botryostrobus aquilonaris percent
#             b.aur/aus%    Botryostrobus auritus/australis group percent
#             bering.r      Bering Sea radiolarian factor assemblage
#             c.bicor%      Cycladophora bicornis percent
#             c.boreal%     Ceratospyris borealis percent
#             c.dav2%       Cycladophora davisiana davisiana percent
#             c.davcor%     Cycladophora davisiana cornutoides percent
#             commun        Communality
#             d.hirun%      Dictyophimus hirundo percent
#             d.prof%       Dictyocoryne profunda percent
#             d.tetra%      Didymocyrtis tetrahalamus percent
#             e.delic%      Echinomma delicatum percent
#             e.fur+eleg%   Euchitonia furcata + Euchitonia elegans percent
#             e.trian%      Euchotonia triangulum percent
#             ebc.r         eastern boundary current radiolarian factor assemblage
#             ecf.lepto%    Echinomma cf leptodermum percent
#             g.angul%      Giraffospyris angulata percent
#             gyrmar.r      gyre margin radiolarian factor assemblage
#             h.aster%      Heliodiscus astericus percent
#             h.entha%      Hexacontium enthacanthum percent
#             h.euclid%     Hymenastrium euclidis percent
#             l.butsch%     Larcopyle butschlii percent
#             l.juno%       Lamprocyclas junonis percent
#             l.minor%      Lithelius minor percent
#             l.nigri%      L. nigriniae percent
#             l.retic%      Liriospyris reticulata percent
#             p.antarc%     Prunopyle antarctica percent
#             p.clau+zan%   Pterocorys clausus and Pterocorys zancleus percent
#             p.corb%       Phormostichoartus corbula percent
#             p.mini%       Pt minithorax percent
#             p.prae+euc%   Pterocanium praetextum and Pterocanium eucolpum percent
#             p.spino%      Polysolenia spinosa percent
#             porod.b%      Porodiscus sp. B percent
#             ptero.sp%     Pterocanium sp. Percent
#             radio         Radiolarians (Count)
#             s.aster%      Stylochlamydium asteriscus percent
#             s.ellip%      Spongurus elliptica percent
#             s.oscul%      Spongopyle osculosa percent
#             s.tetra%      Spongaster tetras percent
#             s.valid%      Stylodictya validispina percent
#             seasdif       August to February SST difference (C)
#             spong.sp%     Spongurus sp.-percent
#             sst           Sea Surface Temperature (C)
#             t.oct+o.ste%  Tetrapyle octacantha and Octopyle stenozona percent
#             t.scaph%      Tholospyris scaphipes percent
#             t.trach2%     Theocorythium trachelium trachelium percent
#             transit.r     Transitional radiolarian factor assemblage
#             tropic.r      Tropical radiolarian factor assemblage
#             wpacif.r      Western Pacific radiolarian factor assemblage
#
# CORE: RC13-115
depth	yrBP 	a.dent%	a.ophir%	antarc.r	b.aquil%	b.aur/aus%	bering.r	c.bicor%	c.boreal%	c.dav2%	c.davcor%	commun	d.hirun%	d.prof%	d.tetra%	e.delic%	e.fur+eleg%	e.trian%	ebc.r	ecf.lepto%	g.angul%	gyrmar.r	h.aster%	h.entha%	h.euclid%	l.butsch%	l.juno%	l.minor%	l.nigri%	l.retic%	p.antarc%	p.clau+zan%	p.corb%	p.mini%	p.prae+euc%	p.spino%	porod.b%	ptero.sp%	radio	s.aster%	s.ellip%	s.oscul%	s.tetra%	s.valid%	seasdif	spong.sp%	sst	t.oct+o.ste%	t.scaph%	t.trach2%	transit.r	tropic.r	wpacif.r	
1	321.4	0	0.62	0.1838	0.5	1.99	0.0301	0.5	0	0.25	0.12	0.881	0.5	0.12	2.87	1.24	2.62	0.25	0.2432	0.12	0.75	-0.0566	0.5	0.5	0.37	2.74	0.12	1.99	0.12	0.5	0.5	1.37	0	1.99	1.12	0.5	0.5	0.12	801	3.49	0.12	1	0.75	1.62	3.61	0.5	22.92	11.9	1	0.25	0.3498	0.8056	-0.1119	
5	1607	0	0.62	0.1685	0.37	2.48	0.0499	0.12	0	0.74	0.12	0.8248	0.62	0.25	2.97	0.5	2.48	0.25	0.2066	0	0.37	-0.1007	0.74	0.5	0.25	2.97	0	2.23	0.25	0	0.12	1.48	0.12	2.1	0.99	0.5	0.5	0	806	6.2	0	1.73	0.99	0.99	3.81	0.5	23.24	8.8	0.37	0.12	0.3221	0.7981	-0.0218	
15	4821	0	0.75	0.1145	1.49	1.49	-0.0018	0.25	0	0.62	0.12	0.903	0.37	0.37	2.99	1.24	1.62	0	0.2905	0.25	1.24	-0.1134	1	1.49	0.25	2.11	0.25	1	0.12	0.12	0.25	1.49	0.37	2.99	1.49	0.75	0.25	0.12	802	2.86	0	0.25	0.5	0.37	2.44	0.37	24.3	12.2	1.12	0.12	0.2968	0.818	-0.188	
20	6429	0	1.62	0.1876	1.12	1	0.0031	0.25	0	0.25	0.13	0.8988	0.5	0.13	2.5	1.25	1.62	0	0.2766	0.25	0.75	-0.0687	1.25	0.88	0.5	1.62	0.13	1	0.25	0.38	0.13	1.12	0.13	2.75	1	0.25	0.25	0	800	3.62	0	1	0.5	1	2.22	0.63	24.03	14.5	1.75	0.25	0.2637	0.8244	-0.1823	
25	8036	0	0.37	0.169	0.98	0.98	0.0331	0.49	0	0.49	0	0.8338	0.37	0.49	2.44	1.58	2.68	0.37	0.1991	0.37	0.24	-0.1028	0.86	1.22	0.98	2.68	0.49	1.1	0.24	0.49	0.24	1.22	0.24	2.07	0.37	1.1	0.61	0.61	818	4.03	0	1.22	0.86	1.1	4.43	0.73	22.46	7.09	0.61	0.24	0.3674	0.7865	-0.0197	
30	9643	0	0.87	0.172	1.37	2.12	-0.0184	1	0	0.5	0.12	0.8415	0.25	0.12	1.99	1	1	0.12	0.2991	0.37	1.12	-0.1404	0	1	0.25	2.12	0	1.37	1.12	0.25	0.25	1.62	0.25	2.37	1	0	0	0	801	3.37	0.25	0.62	1	1.12	2.75	0.25	22.44	8.73	2.12	0.25	0.3466	0.7458	-0.1615	
35	11250	0	0.25	0.2393	1.11	0.87	0.0258	0.74	0	0.37	0.12	0.8606	0.12	0.25	1.36	1.36	1.73	0.5	0.3389	0	0.25	-0.0712	0.37	1.36	0.25	1.48	0.25	2.1	0.62	0.12	0.25	1.86	0.12	1.61	0.12	0.12	0.74	0.74	806	3.22	0	0.99	0.37	2.1	4.41	2.23	21.36	14.2	1.73	0	0.4082	0.7172	-0.0409	
40	12857	0	0.63	0.2088	1.12	2.37	0.0025	0	0	0.63	0	0.8726	0.13	0.13	2.75	1.25	1.87	0.38	0.2696	0.13	0.5	-0.0341	0.38	1.5	0.13	1.12	0.13	2.87	0.5	0.38	0.75	1.87	0.25	0.88	0.25	0.13	0.25	0	800	3.62	0.13	0.63	0.88	1.62	4.41	1	21.68	11.1	1.5	0	0.3903	0.7725	-0.0776	
45	14464	0	0.62	0.1681	0	1.12	-0.0149	1.12	0	0.5	0	0.8763	0.37	0	2.99	1.37	1.24	0.75	0.3717	0.12	0.5	-0.1281	0.12	1.49	0	2.49	0.62	1.37	1.24	0.12	1.12	2.49	0.25	1.87	0.87	0.12	0.37	0.37	801	2.12	0	1	0.5	0.25	4.24	1.37	21.78	10.2	1.74	0.25	0.4231	0.7121	-0.0845	
55	17719	0	0.75	0.2247	0.25	1.49	0.0503	0.12	0	0.25	0	0.8891	0.37	0.25	2.99	2.49	1.12	0.5	0.3367	0.37	0.75	-0.0106	0.12	0.5	0.12	2.87	0.5	2.74	0.87	0.12	1	1.99	0.12	1.37	0.37	0.37	0.25	0.12	801	2.87	0.25	1.12	0.5	1.24	5.16	1.62	21.02	12.1	1	0	0.4536	0.7187	-0.0171	
60	19723	0	0	0.1764	0.5	0.87	0.0054	0.5	0	0.99	0	0.8525	0.12	0	4.08	2.22	0.74	0.25	0.3807	0.12	0.25	-0.0114	0	0.62	0.74	4.82	0.62	2.59	0.99	0	0.5	1.6	0.25	2.72	1.11	0.5	0	0.74	808	1.73	0	0.74	0.5	0.87	4.83	1.36	20.91	13.8	1.48	0	0.4495	0.6853	-0.0676	
65	21857	0	0	0.1478	0.88	1.25	0.0081	1	0	1.12	0	0.9105	0.5	0.13	3.25	1.75	1.37	0.38	0.3756	0.5	1	-0.0344	0.13	1.12	0.38	2.75	0.75	2.37	1.5	0.13	0.63	1.62	0.5	2.75	1.12	0.38	0.38	0.38	800	2.12	0	0.75	0.38	0.75	5.17	0.63	21.55	14.5	0.63	0.13	0.4645	0.7234	-0.0854	
70	24071	0	0.37	0.1795	0.5	1.6	0.0289	0.87	0	0.25	0	0.8898	0.25	0	3.71	1.98	1.36	0.25	0.3748	0	0.37	-0.0944	0.37	0.62	0.25	3.58	0.37	1.85	0.74	0	1.23	3.83	0.62	2.22	0.62	0.5	0.12	0.37	808	2.97	0	0.62	0.37	1.48	4.95	1.23	21.61	13.4	0.99	0	0.4513	0.7089	-0.0345	
75	27829	0	0.25	0.1662	1.35	1.6	-0.0019	0.74	0	0.74	0.12	0.8773	0.12	0.37	2.96	1.35	1.48	0.12	0.4034	0	0.12	-0.0837	0.74	1.11	0	2.47	0.62	2.71	1.48	0.49	0.62	3.33	0.25	3.21	1.48	0	0.12	0.49	809	2.34	0	0.62	0.25	0.87	4.44	0.74	21.69	10	1.23	0.12	0.4351	0.6928	-0.1034	
80	31757	0	0.38	0.1412	1.12	1.5	0.003	0.13	0	0.5	0	0.8938	0.63	0	3.37	1.25	1.87	0.25	0.3916	0.25	0.5	-0.1513	0.25	1.5	0.25	2.37	0.75	1.12	1	0.38	0.88	2.75	0	3.75	1.25	0.13	0.38	0.38	800	2.62	0	0.25	0.63	1	3.47	1.37	23.44	11.2	1.12	0	0.3605	0.7398	-0.1425	
85	35686	0	0.37	0.1416	0.74	1.6	0.0681	0.62	0	1.23	0	0.8687	0.12	0	7.16	1.85	0.12	0.25	0.4495	0.12	0.87	-0.0588	0	1.48	0.62	1.6	0.12	1.6	0.74	0.12	1.35	2.59	0.25	4.82	0.87	0	0.62	1.11	809	1.6	0	0.37	0.37	0.74	4.96	1.11	22.41	11	1.48	0	0.4185	0.6661	-0.1406	
90	39614	0	0.38	0.1701	1.75	1	0.0727	0.5	0	0.75	0.13	0.8661	0.5	0	5	0.63	0.75	0	0.437	0.13	0.38	-0.056	0.38	0.63	0.5	2	0	2	1.75	0	0.75	2.62	0.25	3.25	0	0.5	0.5	0.63	800	2.25	0.13	0.38	0.13	1.12	4.91	1.5	22.71	11	1.12	0.13	0.3956	0.6937	-0.0031	
95	41443	0	0.75	0.1182	0.88	2	0.0724	0.63	0	0.75	0.13	0.8719	0.5	0.25	5.12	1.12	0.38	0.25	0.4613	0.25	0.25	-0.0772	0	1.12	0.25	1.12	0.25	1.12	0.63	0	0.5	1.87	0.25	5.5	1.12	0.38	0.38	0.63	800	2.25	0	0.13	0.38	0.38	4.53	1.25	24.25	11.8	0.88	0	0.3338	0.7144	-0.1098	
105	44633	0	1.12	0.1231	1.12	2.5	0.005	0.5	0	0.25	0	0.8575	1.25	0.13	5.25	1.5	1.12	0.13	0.4212	0.63	0.38	-0.1315	0.25	1	0.88	1.5	0.25	0.75	0.88	0	0.5	2.87	0.13	4.5	1.37	0.38	0.25	0.5	800	1.87	0.13	0.25	0.38	0.5	3.18	1	23.95	9.25	1.12	0	0.3061	0.7256	-0.1658	
110	47429	0	0.88	0.1257	1	1.25	0.0105	0.75	0	0.88	0.13	0.8548	0.63	0.13	4.37	0.88	0.75	0.25	0.4174	0.5	0	-0.1629	0.13	1	0.38	2.62	0.13	1.12	1.25	0.38	0.38	3.75	0.38	5.25	0.88	0.38	0.13	0.25	800	2.62	0	0.5	0.5	0.38	3.83	1	22.91	8.25	1	0	0.3758	0.699	-0.0912	
115	50357	0	0.62	0.1246	1.49	1.99	0.017	0.75	0	0.62	0.12	0.8653	0.75	0	4.73	1.49	0.75	0.12	0.4468	0.25	0.25	-0.1286	0.12	2.36	0.75	2.36	0.62	1.12	1	0.25	1.24	3.61	0	4.61	0.62	0.37	0.37	0.75	802	1.62	0.12	0.37	0.12	0.87	4.25	0.5	22.57	11	1.12	0.25	0.4094	0.6745	-0.104	
120	52386	0	0.63	0.1636	0.88	3.12	0.0175	0.25	0	0.13	0	0.8566	0.88	0	4.37	1.87	1.12	0.38	0.3748	0.38	0.5	-0.0982	0.38	2.5	0.5	3.75	0.38	2.25	0.5	0.13	0.75	1.87	0.25	3.37	0.75	0.25	0.13	0.25	800	2.5	0.13	0.5	0.25	1	4.28	1.62	22.26	11.7	0.75	0	0.3951	0.7191	-0.0787	
125	54314	0	0.75	0.1562	1	3.74	0.0248	0.5	0	0.25	0	0.8411	0.37	0	4.36	2.87	2.12	0.62	0.3595	0	0.5	-0.0909	0.75	1.24	1	2.74	0.5	1.62	1.24	0	0.37	2.24	0.25	2.87	0.62	0.25	0.5	0.37	801	2.99	0	0.37	0.5	1	3.86	1.74	22.75	11.9	1.49	0	0.3576	0.7345	-0.1058	
130	56642	0	0.75	0.1426	1.37	2.37	0.0355	0.75	0	0.63	0.13	0.8704	0.5	0.13	4.62	0.75	1.62	0.38	0.4569	0.25	0.13	-0.1229	0.38	1.37	0.63	2.12	0.38	2	1	0	0	3.5	0.25	3.62	0.88	0	0.5	0.75	800	1.87	0	0.75	0.38	0.5	4.19	1.37	23.49	10	0.63	0	0.3622	0.6975	-0.085	
134	58410.8	0	0.61	0.1493	0.86	2.44	0.0343	1.1	0	0.37	0.37	0.8511	0.73	0.24	3.66	2.2	0.61	0	0.4427	0.37	0.12	-0.1388	0	1.22	0.73	1.95	0.12	0.73	1.1	0	0.61	3.42	0.49	3.66	0.98	0.37	0.24	0.61	818	2.07	0	0.73	0.12	0.61	4.13	1.34	22.24	8.67	0.86	0	0.4134	0.6546	-0.1143	
140	59607	0	0.62	0.1463	0.37	1.99	0.0174	1.37	0	0.5	0.25	0.8391	1	0	3.99	1.62	1	0.5	0.3958	0	0.25	-0.097	0.25	1.49	0	2.74	0.12	2.12	1.24	0.25	0.37	2.37	0.12	4.11	1	0.37	0.37	0.37	801	2.37	0	0.75	0	0.37	4.3	1.24	21.93	8.23	1.12	0	0.4107	0.6884	-0.0934	
145	62218	0	0.25	0.1991	0.5	3.24	0.0224	1	0	0.62	0.12	0.8447	0.62	0	3.49	1.12	0.37	0.37	0.4159	0.62	0.12	-0.0715	0.25	0.87	0	1.87	0.25	3.49	0.75	0.12	0.5	2.37	0.25	3.37	0.62	0.25	0.62	1	801	1.99	0	0.5	0.12	0.87	4.58	2.12	20.64	7.99	1.37	0	0.4668	0.6371	-0.0524	
155	69886	0	0	0.2123	0.75	2.5	0.0073	0.75	0	0.25	0.13	0.8824	0.25	0.38	3.12	1.87	0.63	0	0.3597	0.38	0.38	-0.0476	0	0.63	0.13	2	0.38	2.87	1.25	0.25	0.88	2.12	0.38	1.5	0.88	0.13	0.25	0.25	800	3.5	0	0.75	0.38	1	4.85	1.75	20.89	11.3	1.12	0	0.4568	0.7035	-0.0456	
160	72940	0	0.25	0.1634	0.5	1.99	0.0186	0.5	0	0.5	0.12	0.8853	0.87	0.25	4.49	2.24	0.5	0.25	0.3508	0.25	0.25	-0.0575	0.25	1.12	0.12	1.87	0.5	1.87	1.49	0	0.5	1.99	0.5	0.87	0.87	0.12	0.87	0.5	801	1.99	0.12	0.5	0.62	0.62	4.92	1.12	21.54	10.2	1.24	0	0.4479	0.7248	-0.0773	
165	76640	0	0.13	0.1928	1.25	1.87	0.0149	0.25	0	0.25	0.38	0.8573	0.38	0.13	3.87	1.25	1.37	0.38	0.4165	0.25	0.38	-0.0384	0	0.75	0.5	1.87	0.38	2	0.75	0.25	0.5	2	0.13	2	1.25	0.25	0	0.38	800	1.87	0	0.88	0.25	0.13	4	2.75	22.86	11.7	1.25	0	0.3348	0.7205	-0.1172	
170	80440	0	6.85	0.1534	1	0.75	0.0103	0.75	0	0.5	0	0.7364	0.25	0.12	2.61	1.62	1.12	0.12	0.3453	0	0	0.0291	0.5	0.75	0.25	1.24	0.12	3.86	0.5	0.37	0.25	1.24	0.25	3.49	0.62	0.5	0.12	0.5	802	2.36	0	0.25	0.25	0.75	4.25	2.24	20.59	7.73	0.25	0	0.3847	0.6619	-0.0808	
175	86854	0	0.36	0.1686	1.07	2.14	0.0079	0.36	0	0.36	0.12	0.8692	0.6	0.24	3.45	1.9	0.72	0.12	0.3841	0.36	0.36	-0.0664	0.12	1.43	0.24	2.38	0.24	2.26	0.72	0.12	0.6	2.02	0.24	3.33	1.07	0.48	0.48	0	839	2.26	0	0.48	0.48	0.83	4.48	2.74	21.89	12	0.6	0.24	0.4159	0.7121	-0.093	
180	93123	0	0.63	0.2302	1.62	2.12	0.0115	0.13	0	0.5	0	0.859	0.5	0.13	2.62	1	1.25	0.13	0.3965	0.13	0.13	-0.0701	0.88	0.63	0.25	2.12	0.25	1.87	0.5	0.13	0.38	2.62	0	2	0.5	0.25	0.13	0.25	800	2.37	0	1.37	0.13	0.88	3.99	2.25	22.15	11.2	1.37	0.13	0.3641	0.7111	-0.0744	
185	99344	0	0.74	0.1714	0.99	3.22	0.0416	0.25	0	0.62	0.12	0.8628	0.74	0	4.21	0.87	1.36	0	0.3819	0.25	0.5	-0.0564	0.62	0.99	0.5	3.22	0.12	1.98	0.37	0.25	0.5	1.36	0	2.6	0.87	0.62	0.25	0.12	807	2.23	0.12	0.62	0.12	0.62	4.16	2.1	23.15	13.7	1.11	0.25	0.3462	0.7452	-0.0863	
190	107718	0	0.12	0.1702	0.99	2.22	0.0026	0.25	0	0.12	0.37	0.874	0.62	0.12	4.07	1.35	1.35	0.25	0.3757	0	0.49	-0.0804	0.37	0.99	0.37	2.71	0.12	1.35	0.62	0.74	0.49	2.59	0.25	2.84	0.87	0.37	0.37	0.25	809	1.97	0	0.74	0.12	0.49	3.3	1.11	23.41	13.4	2.22	0.25	0.3142	0.7554	-0.1677	
195	115432	0	0.63	0.1611	0.63	1.62	0.0222	0.25	0	0.25	0.13	0.892	0.63	0	4.25	0.5	0.75	0.13	0.4148	0.13	1.12	-0.0985	0.38	0.88	0.75	2.5	0.25	2.12	0.5	0.25	0.5	2.75	0	3.5	2	0.38	0	0.63	800	2	0	0.38	0.25	1	3.75	1.12	23.91	11	1.25	0	0.327	0.7477	-0.1331	
205	122109	0	0.5	0.1537	1	2.23	-0.0011	0.37	0	0	0	0.8382	0.37	0.37	3.1	1	1.49	0.5	0.3056	0.12	0.75	-0.1389	0.37	0.62	0.25	4.35	0.12	1.49	1	0.5	0.37	1.86	0.12	3.35	1.49	0.87	0.5	0.37	804	2.98	0.12	0.75	0.5	0.62	2.75	0.62	23.53	10.4	1.61	0.12	0.2952	0.7746	-0.1213	
210	124773	0	0.87	0.1476	0.99	1.61	-0.0152	0.37	0	0.25	0	0.8429	0.5	0	4.09	0.62	1.24	0.62	0.2685	0	0.87	-0.0878	0.62	0.62	0.5	3.6	0.5	1.98	0.25	0	0.25	2.11	0.5	1.24	0.75	1.98	0.5	0.37	805	2.23	0	0.87	0.37	0.37	4.01	0.5	22.92	10.6	1.11	0.12	0.3228	0.796	-0.0581	
215	126515	0	0.94	0.1501	0.35	2.94	-0.0186	0.24	0	0.83	0	0.8274	0.47	0.47	3.18	1.06	1.17	0	0.2974	0.12	0.12	-0.0679	0.59	0.71	0	2.12	0.35	1.53	0	0.35	0	1.53	0.12	3.77	1.29	0.35	0	0.12	848	3.89	0.12	0.59	0.71	0.47	3.09	0.94	23.07	11.4	1.53	0.35	0.289	0.7813	-0.1323	
220	128160	0	0.75	0.2134	1.24	3.1	0.0146	0.25	0	0.12	0.12	0.8259	0.37	0.25	1.73	1.24	0.62	0.12	0.3662	0.12	0.25	-0.1183	0.25	0.87	0.12	1.86	0.37	1.98	0.62	0	0.12	1.73	0	2.23	0.62	0.12	0.75	0.62	805	3.35	0	0.99	0	0.75	3.56	0.75	22	8.19	1.61	0	0.362	0.7017	-0.0934	
225	130350	0	0.63	0.204	1	2	0.0366	0.25	0	0.88	0.13	0.8314	0.5	0	3.62	2	1.87	0	0.3656	0.13	0	-0.0581	0.25	0.88	0.13	3.5	0.25	2.37	0.88	0.25	0.75	1.37	0.13	3	1	0.13	0.13	0.25	800	2.87	0	0.63	0.25	1.12	4.29	2.37	21.17	9.75	2.12	0.13	0.4209	0.6807	-0.1043	
230	135300	0	0.88	0.1845	1.12	1.87	0.0094	0	0	0.25	0.13	0.8461	0.13	0	4.5	1.12	0.63	0.38	0.3466	0.13	0.63	-0.0932	0.25	1.12	0	3.25	0.38	1.87	0.5	0.25	0.63	1.87	0.63	4	1.5	0.5	0	0.25	800	3.25	0.25	0.75	0.25	0.75	3.27	1.37	22.93	12	2.12	0	0.325	0.748	-0.1347	
235	137850	0	0.75	0.2051	0.88	3.12	0.0231	0.25	0	0	0.13	0.8047	1	0.13	3.5	0.88	1.5	0	0.3635	0.25	0.25	-0.1407	0.38	1.5	0	3.12	0.25	2.37	0.25	0	0.38	2.12	0.5	4.12	0.75	0.63	0.38	0.38	800	2.87	0	1.12	0.38	0.38	3.16	1.12	22.46	8.25	2.62	0	0.3272	0.7031	-0.0936	
240	140167	0	0.88	0.1502	0.75	2.5	0.0155	0.5	0	0.38	0.13	0.8457	1.12	0	2.62	1.25	0.63	0.5	0.4554	0	0.5	-0.1533	0.25	1.75	0	3.75	0.25	1.12	1.87	0.13	0.38	2.12	0.38	2.62	1.5	0	0	0.5	800	1.12	0.13	0.25	0.38	0.63	3.44	1.25	22.98	11	2.75	0	0.357	0.6607	-0.1672	
245	144000	0	0.73	0.1773	1.57	2.66	-0.0199	0.85	0	0.36	0.12	0.8184	0.24	0	2.3	1.09	0.85	0.36	0.4153	0.12	0	-0.1566	0.12	1.33	0	3.39	0.24	2.06	0.61	0	0.36	2.78	0.36	2.9	1.09	0.61	0.48	0.24	825	1.21	0	0.61	0.48	0.48	3.47	2.18	21.29	8.96	1.69	0	0.4044	0.6411	-0.1222	
255	151100	0	0.37	0.1442	0.62	3.37	-0.0637	1	0	0.37	0	0.8308	0.5	0	2.87	1	0.25	0.37	0.4113	0.12	0.37	-0.1701	0.12	1.74	0.12	4.36	0.37	2.49	1.24	0	0.62	3.49	0.25	4.24	1.12	0	0.25	0.37	801	1.37	0.12	0.5	0.5	0.75	3.48	0.75	20.96	9.48	1.49	0	0.4271	0.6392	-0.1294	
260	155540	0	0.75	0.1753	0.87	2.98	0.0003	0.75	0	0.62	0.12	0.8404	0.25	0.25	2.48	1.61	0.37	0.25	0.3964	0.37	0.12	-0.136	0.37	1.36	0.12	2.48	0.75	1.86	1.11	0.12	0.62	2.11	0.12	2.6	1.61	0.25	0.12	0.99	805	1.86	0	0.25	0.37	1.11	3.98	1.49	20.94	7.2	1.73	0	0.4497	0.6472	-0.1137	
265	162300	0	0.12	0.2128	0.75	2.24	0.0082	0.12	0	0.5	0.25	0.834	0.62	0	2.24	1	0.87	0.12	0.4381	0.25	0.25	-0.1087	0.37	1.12	0.25	3.74	0.37	2.99	1.62	0.12	0.75	2.49	0.37	4.11	0.62	0	0.37	0.62	802	1.49	0	1	0.12	0.75	4.05	1.62	20.7	7.98	1.99	0	0.4458	0.6138	-0.0969	
270	170890	0	0.37	0.186	1.24	1.62	0.0201	0.5	0	0.5	0	0.838	0.25	0	2.62	1.49	1	0.37	0.3743	0.12	0.12	-0.1318	0.37	1	0.25	4.99	0.37	2.12	1.12	0.37	1	1.87	0.62	4.24	0.75	0.12	0.75	0.75	801	2.62	0	0.75	0.25	1.12	4.22	2.24	20.94	9.86	1.12	0	0.4493	0.6613	-0.0801	
275	178667	0	0.25	0.2118	1	1.99	0.043	0.37	0	1.12	0.12	0.8238	0.12	0	1.61	1.24	1.12	0.37	0.3409	0	0.12	-0.1586	0.5	1	0.12	4.85	0	2.49	0.87	0.12	0.62	1.99	0	2.86	1.36	0.12	0.25	0.25	803	3.11	0	0.87	0.75	1.12	4.04	2.11	20.61	7.22	1.99	0	0.4496	0.6548	-0.0696	
280	186333	0	0.63	0.1865	1.25	1.12	0.1193	0.75	0	0.88	0.25	0.8813	0.38	0.13	2	1.25	1.5	0.38	0.421	0.13	0.38	-0.1056	0.5	1	0	4.25	0.13	2.12	0.75	0.38	0.63	1.87	0.13	2.5	0.63	0.5	0.75	0.25	800	1.5	0.25	0.63	0.5	0.5	5.38	2.25	21.9	9.62	1.25	0	0.4553	0.6598	-0.0355	
285	193805	0	0.88	0.1792	0.63	1.62	0.0216	0.75	0	0.25	0	0.8877	0.5	0	2	0.5	1.25	0.13	0.4198	0.13	0.25	-0.1778	0.75	0.75	0.13	4.37	0.13	2.25	1.12	0.25	1	4.12	0	1.87	0.63	0.5	0.13	0.25	800	2.62	0	0.38	0.38	0.38	4.51	1.62	22.28	10.7	1.62	0.13	0.4086	0.6931	0.0079	
290	199500	0	0.62	0.2103	0.99	3.72	0.065	0.25	0	0.62	0.25	0.8421	0.62	0.12	1.61	1.86	0.12	0.12	0.4485	0.5	0.37	-0.1039	0.5	1.24	0	3.84	0.37	2.6	1.36	0.12	0.74	2.72	0.12	2.72	1.86	0.37	0	0.74	806	1.73	0.12	1.24	0.37	0.74	4.68	1.86	20.52	8.8	0.99	0.12	0.4781	0.5914	-0.0582	
295	205000	0	0.49	0.2263	0.62	3.69	0.1261	0.25	0	0.74	0.37	0.8317	0.25	0.25	1.72	1.72	0.37	0.86	0.4232	0	0.12	-0.0659	0.62	1.72	0.49	3.07	0.12	2.82	0.62	0.12	0.25	2.33	0.12	2.33	0.86	0.74	0.25	0.37	813	1.96	0.12	1.35	0.12	1.1	5.19	2.82	20.83	8.11	1.23	0.12	0.4537	0.6125	0.0142	
