# NOAA Paleoclimatology Program - Paleocean Site Data
# tr163-22_sytr-tab.txt
# SYNTRACE data only
# File Created: 27-Apr-2009
#
#*********************************************************************************
# Please cite the contributor and the original publications when using these data
#*********************************************************************************
#
# Missing Values indicated by '-999'
#
# PI:             David W. Lea
# Core/Site:      TR163-22
# Latitude:       0.31.00N	( 0.51667)
# Longitude:      92.24.00W	( -92.4)
# Water Depth(m): 2830
#
# Publications:
#   Lea, D.W., D.K. Pak, C.L. Belanger, H.J. Spero, M.A. Hall, and N.J. Shackleton.
#     2006. Paleoclimate history of Galápagos surface waters over the last 135,000
#     yr. Quaternary Science Reviews, 25(11-12), 1152-1167.
#------------------
#
# Description & Notes:
#   Galapagos TR163-22 Foraminiferal d18O and Mg/Ca Data and SST Reconstruction
#   Mg/Ca is corrected for Al-silicated contamination as described in Lea et al.,
#   2005, G^3.
#
# TR163-22 C14 Dates
# 
#   yrBP      radiocarbon years B.P. (Libby half-life; B.P. = 1950)
# 
#  Depth      yrBP          Error+        Error-            Material    Thickness    Lab Num.     Notes
#  1           1560          60            60           n. dutertrei     2          22382         Calendar age 1040 +/- 85
#  43.5        6190          40            40           n. dutertrei     1          59169         Calendar age 6550 +/- 70
#  89          10990         40            40           n. dutertrei     2          59170         Calendar age 12500 +/- 125
#  139         14640         40            40           n. dutertrei     2          59171         Calendar age 16890 +/- 205
#  189         18770         60            60           n. dutertrei     2          59172         Calendar age 21795 +/- 220
#  249         23580         90            90           n. dutertrei     2          59173         Calendar age 27640 +/- 200
#  319         32130         280           280          n. dutertrei     2          94703         Calendar age 36970 +/- 370
#  335         30500         230           230          n. dutertrei     2          94702         Calendar age 35230 +/- 240
#  399         42970         1050          1050         n. dutertrei     2          94704         Calendar age 46240 +/- 1670
# 
# Variables:
#             depth         Depth (cm)
#             calyrBP       calendar years B.P. (B.P. = 1950)
#             Mg/Ca-g.rub-w Magnesium/Calcium ratio (Globigerinoides ruber, white)
#             sst-mg/ca     Sea surface temperature from Mg/Ca
#
# CORE: TR163-22
depth	calyrBP 	Mg/Ca-g.rub-w	sst-mg/ca	
2	1200	2.467	24.1	
6	1700	2.635	24.8	
8	2000	2.539	24.4	
10	2300	2.416	23.9	
12	2600	2.576	24.6	
16	3100	2.347	23.6	
18	3400	2.502	24.3	
20	3700	2.36	23.6	
22	4000	2.493	24.2	
26	4500	2.443	24	
28	4800	2.538	24.4	
30	5000	2.448	24	
32	5300	2.587	24.6	
36	5800	2.435	24	
38	6100	2.517	24.3	
40	6300	2.43	23.9	
42	6600	2.446	24	
46	7100	2.534	24.4	
48	7300	2.517	24.3	
50	7600	2.523	24.4	
52	7800	2.537	24.4	
56	8300	2.624	24.8	
58	8500	2.47	24.1	
60	8800	2.478	24.2	
62	9000	2.507	24.3	
66	9500	2.618	24.8	
68	9700	2.532	24.4	
70	9900	2.605	24.7	
72	10200	2.72	25.2	
76	10600	2.615	24.8	
78	10800	2.557	24.5	
80	11100	2.599	24.7	
82	11300	2.815	25.6	
86	11700	2.636	24.8	
88	12000	2.543	24.4	
90	12200	2.445	24	
92	12400	2.452	24	
96	12800	2.432	24	
98	13000	2.373	23.7	
100	13200	2.488	24.2	
102	13500	2.456	24.1	
106	13900	2.412	23.9	
108	14100	2.57	24.6	
110	14300	2.499	24.3	
112	14500	2.273	23.2	
116	14900	2.613	24.7	
118	15100	2.47	24.1	
120	15300	2.489	24.2	
122	15500	2.51	24.3	
126	15900	2.497	24.2	
128	16100	2.535	24.4	
130	16300	2.337	23.5	
132	16500	2.428	23.9	
136	16900	2.28	23.2	
138	17100	2.04	22	
140	17300	2.21	22.9	
142	17500	2.351	23.6	
144	17700	2.32	23.4	
146	17900	2.415	23.9	
148	18100	2.313	23.4	
150	18200	2.193	22.8	
152	18400	2.162	22.6	
154	18600	2.27	23.2	
156	18800	2.143	22.5	
158	19000	2.138	22.5	
160	19200	2.175	22.7	
162	19400	1.987	21.7	
164	19600	2.232	23	
166	19800	1.936	21.4	
168	20000	2.129	22.5	
170	20100	2.154	22.6	
172	20300	2.009	21.8	
174	20500	2.153	22.6	
176	20700	2.206	22.9	
178	20900	2.319	23.4	
180	21100	2.193	22.8	
182	21300	2.183	22.8	
184	21500	2.065	22.1	
186	21700	2.257	23.1	
188	21800	2.088	22.3	
190	22000	2.029	21.9	
192	22200	1.987	21.7	
194	22400	1.989	21.7	
196	22600	2.083	22.2	
198	22800	2.05	22.1	
200	23000	2.203	22.9	
202	23100	2.152	22.6	
204	23300	2.294	23.3	
206	23500	2.369	23.7	
208	23700	2.343	23.5	
210	23900	2.324	23.4	
212	24100	2.344	23.5	
214	24300	2.135	22.5	
216	24500	2.272	23.2	
218	24700	2.168	22.7	
220	24800	2.181	22.7	
221	24900	2.035	22	
223	25100	2.101	22.3	
225	25300	2.159	22.6	
227	25500	1.981	21.7	
229	25700	2.181	22.7	
231	25900	2.057	22.1	
233	26100	2.162	22.6	
235	26300	2.429	23.9	
237	26500	2.115	22.4	
239	26700	2.03	21.9	
241	26900	2.082	22.2	
243	27100	2.045	22	
245	27300	2.043	22	
247	27500	2.016	21.9	
249	27600	2.007	21.8	
251	27800	2.101	22.3	
253	28000	2.103	22.3	
255	28200	2.171	22.7	
257	28400	2.274	23.2	
259	28600	2.141	22.5	
261	28800	2.168	22.7	
263	29000	1.954	21.5	
265	29300	2.159	22.6	
267	29500	2.35	23.6	
269	29700	2.093	22.3	
271	29900	2.133	22.5	
273	30100	2.143	22.5	
275	30300	2.024	21.9	
277	30500	2.172	22.7	
279	30700	2.164	22.7	
281	30900	2.072	22.2	
283	31100	2.205	22.9	
285	31300	2.287	23.3	
287	31600	2.315	23.4	
289	31800	2.103	22.3	
291	32000	2.251	23.1	
293	32200	2.283	23.2	
295	32400	2.237	23	
297	32600	2.253	23.1	
299	32900	2.026	21.9	
301	33100	2.319	23.4	
303	33300	2.234	23	
305	33500	2.186	22.8	
307	33800	1.931	21.4	
309	34000	2.125	22.5	
311	34200	2.132	22.5	
313	34400	2.347	23.6	
315	34700	2.162	22.6	
317	34900	2.175	22.7	
319	35100	2.145	22.6	
321	35400	2.243	23.1	
323	35600	2.236	23	
325	35900	2.278	23.2	
327	36100	2.258	23.1	
329	36300	2.354	23.6	
331	36600	2.218	22.9	
333	36800	2.352	23.6	
335	37100	2.363	23.6	
337	37300	2.253	23.1	
339	37600	2.13	22.5	
341	37800	2.237	23	
343	38100	2.154	22.6	
345	38400	2.031	22	
347	38600	1.999	21.8	
349	38900	2.014	21.9	
351	39100	1.97	21.6	
353	39400	2.116	22.4	
355	39700	2.112	22.4	
357	39900	2.22	22.9	
359	40200	1.94	21.4	
361	40500	2.019	21.9	
363	40700	1.984	21.7	
365	41000	2.071	22.2	
367	41300	2.108	22.4	
369	41600	2.07	22.2	
371	41900	2.025	21.9	
373	42200	2.12	22.4	
375	42400	2.217	22.9	
377	42700	2.18	22.7	
379	43000	2.161	22.6	
381	43300	2.207	22.9	
383	43600	2.051	22.1	
385	43900	2.185	22.8	
387	44200	2.317	23.4	
389	44500	2.145	22.6	
391	44800	2.147	22.6	
393	45100	2.346	23.6	
395	45400	2.246	23.1	
397	45700	2.414	23.9	
399	46100	2.246	23.1	
401	46500	2.263	23.2	
403	46700	2.313	23.4	
405	46900	2.15	22.6	
407	47200	2.315	23.4	
409	47400	2.366	23.6	
411	47600	2.309	23.4	
413	47900	2.318	23.4	
415	48100	2.232	23	
417	48300	2.143	22.5	
419	48500	2.161	22.6	
421	48800	2.268	23.2	
423	49000	2.192	22.8	
425	49200	2.154	22.6	
427	49500	2.229	23	
429	49700	2.184	22.8	
431	49900	2.131	22.5	
433	50200	2.144	22.6	
435	50400	2.166	22.7	
437	50600	2.115	22.4	
439	50900	2.356	23.6	
441	51100	2.264	23.2	
443	51300	2.248	23.1	
445	51600	2.294	23.3	
447	51800	2.337	23.5	
449	52000	2.269	23.2	
451	52200	2.221	22.9	
453	52500	2.295	23.3	
455	52700	2.024	21.9	
457	52900	2.019	21.9	
459	53200	2.139	22.5	
461	53400	2.19	22.8	
463	53600	2.236	23	
465	53900	2.17	22.7	
467	54100	2.442	24	
469	54300	2.397	23.8	
471	54600	2.165	22.7	
473	54800	2.224	23	
475	55000	2.07	22.2	
477	55200	2.229	23	
479	55500	2.161	22.6	
481	55700	2.103	22.3	
483	55900	2.185	22.8	
485	56200	2.197	22.8	
487	56400	2.131	22.5	
489	56600	2.008	21.8	
491	56900	2.098	22.3	
493	57100	2.142	22.5	
495	57300	2.149	22.6	
497	57600	2.101	22.3	
499	57800	2.088	22.3	
501	58000	2.059	22.1	
503	58300	2.132	22.5	
505	58500	2.155	22.6	
507	58700	2.071	22.2	
509	58900	2.233	23	
511	59200	2.23	23	
513	59400	2.123	22.4	
515	59600	2.194	22.8	
517	59900	2.31	23.4	
519	60100	2.411	23.9	
521	60300	2.176	22.7	
523	60600	2.232	23	
525	60800	2.166	22.7	
527	61000	2.33	23.5	
529	61300	2.304	23.4	
531	61500	2.093	22.3	
533	61700	2.138	22.5	
535	61900	2.293	23.3	
537	62200	1.981	21.7	
539	62400	2.182	22.7	
541	62600	2.213	22.9	
543	62900	2.063	22.1	
545	63100	2.09	22.3	
547	63300	2.204	22.9	
549	63600	2.228	23	
551	63800	2.278	23.2	
553	64000	2.074	22.2	
555	64300	2.247	23.1	
557	64500	2.142	22.5	
559	64700	2.229	23	
563	65200	1.965	21.6	
565	65400	2.166	22.7	
567	65600	1.983	21.7	
569	65900	2.112	22.4	
571	66100	2.078	22.2	
573	66300	1.958	21.5	
577	66800	2.219	22.9	
581	67300	2.092	22.3	
583	67500	2.032	22	
585	67700	2.252	23.1	
587	68000	2.012	21.8	
589	68200	2.131	22.5	
591	68400	2.177	22.7	
593	68700	2.12	22.4	
595	68900	2.157	22.6	
599	69300	1.979	21.7	
601	69600	2.097	22.3	
603	69800	2.048	22	
605	70000	2.328	23.5	
607	70300	2.114	22.4	
609	70500	2.179	22.7	
611	70800	2.15	22.6	
613	71200	2.001	21.8	
615	71500	2.199	22.8	
617	71900	2.284	23.3	
619	72200	2.213	22.9	
621	72600	2.232	23	
627	73600	2.284	23.3	
629	74000	2.195	22.8	
631	74300	2.222	22.9	
633	74700	2.126	22.5	
635	75000	2.304	23.4	
637	75300	2.397	23.8	
639	75700	2.284	23.3	
641	76000	2.283	23.3	
643	76400	2.227	23	
645	76700	2.158	22.6	
647	77100	2.295	23.3	
649	77400	2.167	22.7	
651	77800	2.302	23.3	
653	78100	2.122	22.4	
655	78500	2.267	23.2	
657	78800	2.145	22.6	
659	79200	2.315	23.4	
661	79500	2.269	23.2	
663	79800	2.395	23.8	
665	80200	2.243	23.1	
667	80500	2.294	23.3	
669	80900	2.352	23.6	
671	81200	2.431	23.9	
673	81600	2.506	24.3	
675	81900	2.446	24	
677	82300	2.422	23.9	
679	82600	2.539	24.4	
681	83000	2.382	23.7	
683	83300	2.618	24.8	
685	83600	2.386	23.7	
687	84000	2.439	24	
689	84300	2.304	23.4	
691	84700	2.363	23.6	
695	85400	2.315	23.4	
697	85700	2.189	22.8	
699	86100	2.059	22.1	
701	86400	2.184	22.8	
703	86800	2.132	22.5	
707	87500	2.318	23.4	
709	87800	2.194	22.8	
713	88900	2.224	23	
717	89900	2.363	23.6	
719	90500	2.341	23.5	
721	91000	2.53	24.4	
723	91500	2.144	22.6	
725	92100	2.239	23	
729	93100	2.123	22.4	
731	93700	2.327	23.5	
733	94200	2.452	24	
735	94800	2.406	23.8	
737	95300	2.388	23.7	
739	95800	2.281	23.2	
741	96400	2.442	24	
743	96900	2.4	23.8	
745	97400	2.411	23.9	
747	98000	2.426	23.9	
749	98500	2.462	24.1	
751	99000	2.338	23.5	
753	99600	2.461	24.1	
755	100100	2.326	23.5	
757	100600	2.47	24.1	
759	101200	2.552	24.5	
761	101700	2.489	24.2	
763	102200	2.335	23.5	
765	102800	2.41	23.8	
767	103300	2.683	25	
769	103800	2.392	23.8	
771	104400	2.39	23.8	
773	104900	2.55	24.5	
775	105400	2.32	23.4	
777	106000	2.491	24.2	
779	106500	2.357	23.6	
781	107100	2.657	24.9	
783	107600	2.511	24.3	
785	108100	2.484	24.2	
787	108700	2.201	22.8	
789	109200	2.609	24.7	
791	109700	2.391	23.8	
793	110300	2.543	24.4	
797	111300	2.65	24.9	
799	111900	2.782	25.4	
801	112400	2.342	23.5	
803	113000	2.431	23.9	
805	113500	2.396	23.8	
807	114100	2.567	24.6	
809	114700	2.611	24.7	
811	115200	2.59	24.7	
813	115800	2.779	25.4	
815	116300	2.804	25.5	
817	116900	2.605	24.7	
819	117500	2.456	24.1	
821	118000	2.726	25.2	
823	118600	2.781	25.4	
825	119200	2.783	25.4	
827	119700	2.679	25	
829	120300	3.053	26.5	
831	120900	3.013	26.3	
833	121400	2.908	25.9	
835	122000	3.016	26.3	
837	122500	2.828	25.6	
839	123100	2.994	26.3	
841	123700	3.061	26.5	
843	124200	2.867	25.8	
845	124800	2.802	25.5	
847	125400	3.104	26.7	
849	125900	3.021	26.4	
851	126500	3.189	27	
853	127100	3.527	28.1	
855	127600	3.259	27.2	
857	128200	3.208	27	
859	128700	3.16	26.9	
861	129300	3.154	26.8	
863	129900	3.251	27.2	
865	130400	2.988	26.2	
867	131000	2.806	25.5	
869	131600	3.077	26.6	
871	132100	2.953	26.1	
873	132700	2.58	24.6	
875	133300	2.805	25.5	
877	133800	2.818	25.6	
879	134400	2.779	25.4	
881.5	135100	2.642	24.9	
