# NOAA Paleoclimatology Program - Paleocean Site Data
# y71-3-2-tab.txt
# Complete Data
# File Created: 18-Jan-2005
#
#*********************************************************************************
# Please cite the contributor and the original publications when using these data
#*********************************************************************************
#
# Missing Values indicated by '-999'
#
# PI:             Nicklas G. Pisias
# Core/Site:      Y71-3-2
# Latitude:       7.17.00N	( 7.28333)
# Longitude:      85.15.00W	( -85.25)
# Water Depth(m): 2164
#
# Publications:
#   Pisias, N.G., and A.C. Mix. 1997. Spatial and temporal oceanographic variability
#     of the eastern equatorial Pacific during the late Pleistocene: Evidence from
#     Radiolaria microfossils. Paleoceanography 12(3):381-393.
#------------------
#
# Description & Notes:
#   Eastern Equatorial Pacific Radiolaria Data.
#   Eight Radiolaria-based SST records covering the past 150 KYrBP are dominated
#   by the orbital frequency periods plus a non-orbital 31KYr period. Last Glacial
#   Maximum SST cooling is estimated at 3 to 5 degrees C.
#
# Variables:
#             depth         Depth (cm)
#             yrBP          radiocarbon years B.P. (Libby half-life; B.P. = 1950)
#             a.dent%       Antarctissa denticulata percent
#             a.ophir%      Anthocyrtidium ophirense percent
#             antarc.r      Antarctic radiolarian factor assemblage
#             b.aquil%      Botryostrobus aquilonaris percent
#             b.aur/aus%    Botryostrobus auritus/australis group percent
#             bering.r      Bering Sea radiolarian factor assemblage
#             c.bicor%      Cycladophora bicornis percent
#             c.boreal%     Ceratospyris borealis percent
#             c.dav2%       Cycladophora davisiana davisiana percent
#             c.davcor%     Cycladophora davisiana cornutoides percent
#             commun        Communality
#             d.hirun%      Dictyophimus hirundo percent
#             d.prof%       Dictyocoryne profunda percent
#             d.tetra%      Didymocyrtis tetrahalamus percent
#             e.delic%      Echinomma delicatum percent
#             e.fur+eleg%   Euchitonia furcata + Euchitonia elegans percent
#             e.trian%      Euchotonia triangulum percent
#             ebc.r         eastern boundary current radiolarian factor assemblage
#             ecf.lepto%    Echinomma cf leptodermum percent
#             g.angul%      Giraffospyris angulata percent
#             gyrmar.r      gyre margin radiolarian factor assemblage
#             h.aster%      Heliodiscus astericus percent
#             h.entha%      Hexacontium enthacanthum percent
#             h.euclid%     Hymenastrium euclidis percent
#             l.butsch%     Larcopyle butschlii percent
#             l.juno%       Lamprocyclas junonis percent
#             l.minor%      Lithelius minor percent
#             l.nigri%      L. nigriniae percent
#             l.retic%      Liriospyris reticulata percent
#             p.antarc%     Prunopyle antarctica percent
#             p.clau+zan%   Pterocorys clausus and Pterocorys zancleus percent
#             p.corb%       Phormostichoartus corbula percent
#             p.mini%       Pt minithorax percent
#             p.prae+euc%   Pterocanium praetextum and Pterocanium eucolpum percent
#             p.spino%      Polysolenia spinosa percent
#             porod.b%      Porodiscus sp. B percent
#             ptero.sp%     Pterocanium sp. Percent
#             radio         Radiolarians (Count)
#             s.aster%      Stylochlamydium asteriscus percent
#             s.ellip%      Spongurus elliptica percent
#             s.oscul%      Spongopyle osculosa percent
#             s.tetra%      Spongaster tetras percent
#             s.valid%      Stylodictya validispina percent
#             seasdif       August to February SST difference (C)
#             spong.sp%     Spongurus sp.-percent
#             sst           Sea Surface Temperature (C)
#             t.oct+o.ste%  Tetrapyle octacantha and Octopyle stenozona percent
#             t.scaph%      Tholospyris scaphipes percent
#             t.trach2%     Theocorythium trachelium trachelium percent
#             transit.r     Transitional radiolarian factor assemblage
#             tropic.r      Tropical radiolarian factor assemblage
#             wpacif.r      Western Pacific radiolarian factor assemblage
#
# CORE: Y71-3-2
depth	yrBP 	a.dent%	a.ophir%	antarc.r	b.aquil%	b.aur/aus%	bering.r	c.bicor%	c.boreal%	c.dav2%	c.davcor%	commun	d.hirun%	d.prof%	d.tetra%	e.delic%	e.fur+eleg%	e.trian%	ebc.r	ecf.lepto%	g.angul%	gyrmar.r	h.aster%	h.entha%	h.euclid%	l.butsch%	l.juno%	l.minor%	l.nigri%	l.retic%	p.antarc%	p.clau+zan%	p.corb%	p.mini%	p.prae+euc%	p.spino%	porod.b%	ptero.sp%	radio	s.aster%	s.ellip%	s.oscul%	s.tetra%	s.valid%	seasdif	spong.sp%	sst	t.oct+o.ste%	t.scaph%	t.trach2%	transit.r	tropic.r	wpacif.r	
0	10408	0	0.74	0.1659	0.5	0.25	-0.0104	0	0	0.25	0	0.8399	0.12	0	2.35	0.12	2.97	0	0.2686	0.12	0.12	0.0632	0.5	0.37	0.37	0.12	0.25	8.43	0.37	0.37	0	2.35	0	1.86	0.37	0.25	0.37	0.12	806	10.7	0.12	0.12	0.25	0.37	4.5	0.87	22.83	16.7	0.37	0	0.2764	0.8077	0.086	
10	13226	0	0.74	0.1069	1.61	0.87	0.0783	0	0	0	0.12	0.826	0.25	0	2.85	0.12	0.74	0.12	0.366	0	0.37	-0.0542	0.12	0.74	0.25	0.25	0	1.85	0.5	0.25	0.25	1.11	0	2.47	0.5	0.25	1.85	0.25	807	3.34	0.12	0	0	0.12	3.26	0.5	25.34	7.55	0.25	0	0.2145	0.7897	-0.0434	
20	16682	0	0.93	0.1536	2.32	0.93	0.1755	0.12	0	0	0.23	0.7578	0	0	1.74	0.12	1.74	0.12	0.5274	0	0.58	0.1357	0.35	0.23	0.12	0.23	0	3.01	0.81	0	0.35	0	0	3.25	0.23	0	1.85	0.58	861	0	0	0.12	0.12	0.23	6.13	0.81	23.39	8.94	0.35	0	0.2229	0.5824	-0.1338	
30	20948	0	0.59	0.1576	1.89	0.35	0.0657	0	0	0	0.12	0.7977	0.12	0	3.07	0.12	1.06	0	0.3864	0	0.24	-0.091	0.35	0.24	0	0.59	0	2.12	0.95	0.12	0.35	2.36	0	2.95	0.47	0.12	0.95	0.71	846	3.19	0.12	0.12	0.24	0.47	3.55	1.06	24.05	5.43	0.59	0	0.2627	0.7356	-0.0275	
40	25011	0	0.6	0.1327	1.2	1.08	0.015	0	0	0.12	0.12	0.8154	0	0	1.69	0.12	1.81	0	0.4412	0	0.24	-0.0836	0	0.36	0.6	0.24	0.12	2.78	0.73	0	0.24	3.26	0	1.69	0.73	0.12	1.33	0.48	827	2.29	0	0	0	0	3.75	0.48	23.81	6.52	0.73	0	0.2846	0.7149	-0.0623	
50	28033	0	0.6	0.1418	1.19	0	0.0335	0.12	0	0.36	0.24	0.7932	0.24	0	1.55	0	1.31	0.12	0.5013	0	0.36	-0.027	0	0.6	0.24	0.24	0	2.74	0.48	0.36	0.48	2.62	0	3.57	0.84	0	0.36	1.31	838	0.95	0	0	0.12	0.24	4.37	1.19	23.13	5.6	0.48	0	0.3125	0.6389	-0.1186	
60	30731	0	1.2	0.1527	0.73	1.45	-0.0221	0	0	0	0.24	0.8161	0.12	0	3.26	0.36	0.97	0.12	0.4456	0	0	-0.0168	0.12	0.36	0	0.24	0	3.38	0.6	0.48	0.6	5.92	0	2.17	0.24	0.12	0.12	0.24	827	1.93	0	0	0.24	0.48	3.98	0.85	22.81	8.82	0.73	0	0.3129	0.7	-0.0743	
70	33423	0	0.25	0.1453	0.86	1.59	0.0363	0	0	0	0	0.7858	0.12	0	4.42	0.12	0.74	0	0.4511	0.12	0.12	0.0113	0	0.49	0.25	0.12	0	3.07	0.12	0.12	0.37	3.07	0	3.07	0.25	0.25	0.37	0.86	813	1.84	0	0.12	0	0.49	3.89	0.37	23.44	5.78	0.37	0	0.2753	0.6951	-0.0276	
80	36115	0	1.47	0.107	1.34	0.74	0.027	0	0	0.37	0.12	0.8071	0.25	0	3.31	0.61	2.2	0.74	0.3883	0.25	0	-0.0313	0.12	0.37	0	0.25	0.25	2.2	0.37	0.74	0.12	3.19	0	2.08	0.86	0	0.49	0.61	815	2.82	0	0	0	0.12	3.76	0.86	23.58	6.5	0.12	0	0.2855	0.7428	-0.0989	
90	38808	0	1.72	0.1555	1.84	1.23	-0.0063	0	0	0	0	0.8085	0.12	0	2.95	0.86	1.1	0.25	0.419	0	0.25	-0.0156	0.12	0.62	0.37	0.25	0.12	3.93	0.49	0.37	0.49	4.18	0	2.58	0.37	0	0.62	0.37	813	2.46	0.12	0	0	0.49	4.07	0.98	22.42	7.01	0.49	0	0.3334	0.6998	-0.0868	
100	41500	0	0.87	0.1401	2.48	0.87	0.0181	0	0	0.25	0.5	0.7908	0.62	0	3.23	0	1.24	0.12	0.462	0	0.12	0.0149	0.12	0.37	0.12	0	0	2.86	0.25	0.37	0.25	5.09	0	1.74	0.25	0.25	0.12	0.62	804	1.49	0	0.12	0	0.5	3.96	1	23.38	9.7	0.12	0	0.2741	0.6904	-0.073	
110	44192	0	-999	-999	-999	-999	-999	-999	-999	-999	-999	-999	-999	-999	-999	-999	-999	-999	-999	-999	-999	-999	-999	-999	-999	-999	-999	-999	-999	-999	-999	-999	-999	-999	-999	-999	-999	-999	-999	-999	-999	-999	-999	-999	-999	-999	-999	-999	-999	-999	-999	-999	-999	
110	44192	0	-999	-999	-999	-999	-999	-999	-999	-999	-999	-999	-999	-999	-999	-999	-999	-999	-999	-999	-999	-999	-999	-999	-999	-999	-999	-999	-999	-999	-999	-999	-999	-999	-999	-999	-999	-999	-999	-999	-999	-999	-999	-999	-999	-999	-999	-999	-999	-999	-999	-999	-999	
110	44192	-999	1.24	-999	-999	-999	-999	-999	-999	-999	-999	-999	-999	-999	-999	-999	-999	-999	-999	-999	-999	-999	-999	-999	-999	-999	-999	-999	-999	-999	-999	-999	-999	-999	-999	-999	-999	-999	-999	-999	-999	-999	-999	-999	-999	-999	-999	-999	-999	-999	-999	-999	-999	
110	44192	-999	0.97	-999	-999	-999	-999	-999	-999	-999	-999	-999	-999	-999	-999	-999	-999	-999	-999	-999	-999	-999	-999	-999	-999	-999	-999	-999	-999	-999	-999	-999	-999	-999	-999	-999	-999	-999	-999	-999	-999	-999	-999	-999	-999	-999	-999	-999	-999	-999	-999	-999	-999	
110	44192	-999	-999	0.1608	-999	-999	-999	-999	-999	-999	-999	-999	-999	-999	-999	-999	-999	-999	-999	-999	-999	-999	-999	-999	-999	-999	-999	-999	-999	-999	-999	-999	-999	-999	-999	-999	-999	-999	-999	-999	-999	-999	-999	-999	-999	-999	-999	-999	-999	-999	-999	-999	-999	
110	44192	-999	-999	0.1641	-999	-999	-999	-999	-999	-999	-999	-999	-999	-999	-999	-999	-999	-999	-999	-999	-999	-999	-999	-999	-999	-999	-999	-999	-999	-999	-999	-999	-999	-999	-999	-999	-999	-999	-999	-999	-999	-999	-999	-999	-999	-999	-999	-999	-999	-999	-999	-999	-999	
110	44192	-999	-999	-999	2.24	-999	-999	-999	-999	-999	-999	-999	-999	-999	-999	-999	-999	-999	-999	-999	-999	-999	-999	-999	-999	-999	-999	-999	-999	-999	-999	-999	-999	-999	-999	-999	-999	-999	-999	-999	-999	-999	-999	-999	-999	-999	-999	-999	-999	-999	-999	-999	-999	
110	44192	-999	-999	-999	1.93	-999	-999	-999	-999	-999	-999	-999	-999	-999	-999	-999	-999	-999	-999	-999	-999	-999	-999	-999	-999	-999	-999	-999	-999	-999	-999	-999	-999	-999	-999	-999	-999	-999	-999	-999	-999	-999	-999	-999	-999	-999	-999	-999	-999	-999	-999	-999	-999	
110	44192	-999	-999	-999	-999	1.62	-999	-999	-999	-999	-999	-999	-999	-999	-999	-999	-999	-999	-999	-999	-999	-999	-999	-999	-999	-999	-999	-999	-999	-999	-999	-999	-999	-999	-999	-999	-999	-999	-999	-999	-999	-999	-999	-999	-999	-999	-999	-999	-999	-999	-999	-999	-999	
110	44192	-999	-999	-999	-999	2.05	-999	-999	-999	-999	-999	-999	-999	-999	-999	-999	-999	-999	-999	-999	-999	-999	-999	-999	-999	-999	-999	-999	-999	-999	-999	-999	-999	-999	-999	-999	-999	-999	-999	-999	-999	-999	-999	-999	-999	-999	-999	-999	-999	-999	-999	-999	-999	
110	44192	-999	-999	-999	-999	-999	0.0393	-999	-999	-999	-999	-999	-999	-999	-999	-999	-999	-999	-999	-999	-999	-999	-999	-999	-999	-999	-999	-999	-999	-999	-999	-999	-999	-999	-999	-999	-999	-999	-999	-999	-999	-999	-999	-999	-999	-999	-999	-999	-999	-999	-999	-999	-999	
110	44192	-999	-999	-999	-999	-999	0.0382	-999	-999	-999	-999	-999	-999	-999	-999	-999	-999	-999	-999	-999	-999	-999	-999	-999	-999	-999	-999	-999	-999	-999	-999	-999	-999	-999	-999	-999	-999	-999	-999	-999	-999	-999	-999	-999	-999	-999	-999	-999	-999	-999	-999	-999	-999	
110	44192	-999	-999	-999	-999	-999	-999	0	-999	-999	-999	-999	-999	-999	-999	-999	-999	-999	-999	-999	-999	-999	-999	-999	-999	-999	-999	-999	-999	-999	-999	-999	-999	-999	-999	-999	-999	-999	-999	-999	-999	-999	-999	-999	-999	-999	-999	-999	-999	-999	-999	-999	-999	
110	44192	-999	-999	-999	-999	-999	-999	0	-999	-999	-999	-999	-999	-999	-999	-999	-999	-999	-999	-999	-999	-999	-999	-999	-999	-999	-999	-999	-999	-999	-999	-999	-999	-999	-999	-999	-999	-999	-999	-999	-999	-999	-999	-999	-999	-999	-999	-999	-999	-999	-999	-999	-999	
110	44192	-999	-999	-999	-999	-999	-999	-999	0	-999	-999	-999	-999	-999	-999	-999	-999	-999	-999	-999	-999	-999	-999	-999	-999	-999	-999	-999	-999	-999	-999	-999	-999	-999	-999	-999	-999	-999	-999	-999	-999	-999	-999	-999	-999	-999	-999	-999	-999	-999	-999	-999	-999	
110	44192	-999	-999	-999	-999	-999	-999	-999	0	-999	-999	-999	-999	-999	-999	-999	-999	-999	-999	-999	-999	-999	-999	-999	-999	-999	-999	-999	-999	-999	-999	-999	-999	-999	-999	-999	-999	-999	-999	-999	-999	-999	-999	-999	-999	-999	-999	-999	-999	-999	-999	-999	-999	
110	44192	-999	-999	-999	-999	-999	-999	-999	-999	0.12	-999	-999	-999	-999	-999	-999	-999	-999	-999	-999	-999	-999	-999	-999	-999	-999	-999	-999	-999	-999	-999	-999	-999	-999	-999	-999	-999	-999	-999	-999	-999	-999	-999	-999	-999	-999	-999	-999	-999	-999	-999	-999	-999	
110	44192	-999	-999	-999	-999	-999	-999	-999	-999	0.12	-999	-999	-999	-999	-999	-999	-999	-999	-999	-999	-999	-999	-999	-999	-999	-999	-999	-999	-999	-999	-999	-999	-999	-999	-999	-999	-999	-999	-999	-999	-999	-999	-999	-999	-999	-999	-999	-999	-999	-999	-999	-999	-999	
110	44192	-999	-999	-999	-999	-999	-999	-999	-999	-999	0	-999	-999	-999	-999	-999	-999	-999	-999	-999	-999	-999	-999	-999	-999	-999	-999	-999	-999	-999	-999	-999	-999	-999	-999	-999	-999	-999	-999	-999	-999	-999	-999	-999	-999	-999	-999	-999	-999	-999	-999	-999	-999	
110	44192	-999	-999	-999	-999	-999	-999	-999	-999	-999	0	-999	-999	-999	-999	-999	-999	-999	-999	-999	-999	-999	-999	-999	-999	-999	-999	-999	-999	-999	-999	-999	-999	-999	-999	-999	-999	-999	-999	-999	-999	-999	-999	-999	-999	-999	-999	-999	-999	-999	-999	-999	-999	
110	44192	-999	-999	-999	-999	-999	-999	-999	-999	-999	-999	0.8369	-999	-999	-999	-999	-999	-999	-999	-999	-999	-999	-999	-999	-999	-999	-999	-999	-999	-999	-999	-999	-999	-999	-999	-999	-999	-999	-999	-999	-999	-999	-999	-999	-999	-999	-999	-999	-999	-999	-999	-999	-999	
110	44192	-999	-999	-999	-999	-999	-999	-999	-999	-999	-999	0.8311	-999	-999	-999	-999	-999	-999	-999	-999	-999	-999	-999	-999	-999	-999	-999	-999	-999	-999	-999	-999	-999	-999	-999	-999	-999	-999	-999	-999	-999	-999	-999	-999	-999	-999	-999	-999	-999	-999	-999	-999	-999	
110	44192	-999	-999	-999	-999	-999	-999	-999	-999	-999	-999	-999	0.25	-999	-999	-999	-999	-999	-999	-999	-999	-999	-999	-999	-999	-999	-999	-999	-999	-999	-999	-999	-999	-999	-999	-999	-999	-999	-999	-999	-999	-999	-999	-999	-999	-999	-999	-999	-999	-999	-999	-999	-999	
110	44192	-999	-999	-999	-999	-999	-999	-999	-999	-999	-999	-999	0.6	-999	-999	-999	-999	-999	-999	-999	-999	-999	-999	-999	-999	-999	-999	-999	-999	-999	-999	-999	-999	-999	-999	-999	-999	-999	-999	-999	-999	-999	-999	-999	-999	-999	-999	-999	-999	-999	-999	-999	-999	
110	44192	-999	-999	-999	-999	-999	-999	-999	-999	-999	-999	-999	-999	0.12	-999	-999	-999	-999	-999	-999	-999	-999	-999	-999	-999	-999	-999	-999	-999	-999	-999	-999	-999	-999	-999	-999	-999	-999	-999	-999	-999	-999	-999	-999	-999	-999	-999	-999	-999	-999	-999	-999	-999	
110	44192	-999	-999	-999	-999	-999	-999	-999	-999	-999	-999	-999	-999	0.12	-999	-999	-999	-999	-999	-999	-999	-999	-999	-999	-999	-999	-999	-999	-999	-999	-999	-999	-999	-999	-999	-999	-999	-999	-999	-999	-999	-999	-999	-999	-999	-999	-999	-999	-999	-999	-999	-999	-999	
110	44192	-999	-999	-999	-999	-999	-999	-999	-999	-999	-999	-999	-999	-999	3.37	-999	-999	-999	-999	-999	-999	-999	-999	-999	-999	-999	-999	-999	-999	-999	-999	-999	-999	-999	-999	-999	-999	-999	-999	-999	-999	-999	-999	-999	-999	-999	-999	-999	-999	-999	-999	-999	-999	
110	44192	-999	-999	-999	-999	-999	-999	-999	-999	-999	-999	-999	-999	-999	4.58	-999	-999	-999	-999	-999	-999	-999	-999	-999	-999	-999	-999	-999	-999	-999	-999	-999	-999	-999	-999	-999	-999	-999	-999	-999	-999	-999	-999	-999	-999	-999	-999	-999	-999	-999	-999	-999	-999	
110	44192	-999	-999	-999	-999	-999	-999	-999	-999	-999	-999	-999	-999	-999	-999	0.5	-999	-999	-999	-999	-999	-999	-999	-999	-999	-999	-999	-999	-999	-999	-999	-999	-999	-999	-999	-999	-999	-999	-999	-999	-999	-999	-999	-999	-999	-999	-999	-999	-999	-999	-999	-999	-999	
110	44192	-999	-999	-999	-999	-999	-999	-999	-999	-999	-999	-999	-999	-999	-999	0.84	-999	-999	-999	-999	-999	-999	-999	-999	-999	-999	-999	-999	-999	-999	-999	-999	-999	-999	-999	-999	-999	-999	-999	-999	-999	-999	-999	-999	-999	-999	-999	-999	-999	-999	-999	-999	-999	
110	44192	-999	-999	-999	-999	-999	-999	-999	-999	-999	-999	-999	-999	-999	-999	-999	1.49	-999	-999	-999	-999	-999	-999	-999	-999	-999	-999	-999	-999	-999	-999	-999	-999	-999	-999	-999	-999	-999	-999	-999	-999	-999	-999	-999	-999	-999	-999	-999	-999	-999	-999	-999	-999	
110	44192	-999	-999	-999	-999	-999	-999	-999	-999	-999	-999	-999	-999	-999	-999	-999	0.84	-999	-999	-999	-999	-999	-999	-999	-999	-999	-999	-999	-999	-999	-999	-999	-999	-999	-999	-999	-999	-999	-999	-999	-999	-999	-999	-999	-999	-999	-999	-999	-999	-999	-999	-999	-999	
110	44192	-999	-999	-999	-999	-999	-999	-999	-999	-999	-999	-999	-999	-999	-999	-999	-999	0.12	-999	-999	-999	-999	-999	-999	-999	-999	-999	-999	-999	-999	-999	-999	-999	-999	-999	-999	-999	-999	-999	-999	-999	-999	-999	-999	-999	-999	-999	-999	-999	-999	-999	-999	-999	
110	44192	-999	-999	-999	-999	-999	-999	-999	-999	-999	-999	-999	-999	-999	-999	-999	-999	0	-999	-999	-999	-999	-999	-999	-999	-999	-999	-999	-999	-999	-999	-999	-999	-999	-999	-999	-999	-999	-999	-999	-999	-999	-999	-999	-999	-999	-999	-999	-999	-999	-999	-999	-999	
110	44192	-999	-999	-999	-999	-999	-999	-999	-999	-999	-999	-999	-999	-999	-999	-999	-999	-999	0.396	-999	-999	-999	-999	-999	-999	-999	-999	-999	-999	-999	-999	-999	-999	-999	-999	-999	-999	-999	-999	-999	-999	-999	-999	-999	-999	-999	-999	-999	-999	-999	-999	-999	-999	
110	44192	-999	-999	-999	-999	-999	-999	-999	-999	-999	-999	-999	-999	-999	-999	-999	-999	-999	0.3732	-999	-999	-999	-999	-999	-999	-999	-999	-999	-999	-999	-999	-999	-999	-999	-999	-999	-999	-999	-999	-999	-999	-999	-999	-999	-999	-999	-999	-999	-999	-999	-999	-999	-999	
110	44192	-999	-999	-999	-999	-999	-999	-999	-999	-999	-999	-999	-999	-999	-999	-999	-999	-999	-999	0.25	-999	-999	-999	-999	-999	-999	-999	-999	-999	-999	-999	-999	-999	-999	-999	-999	-999	-999	-999	-999	-999	-999	-999	-999	-999	-999	-999	-999	-999	-999	-999	-999	-999	
110	44192	-999	-999	-999	-999	-999	-999	-999	-999	-999	-999	-999	-999	-999	-999	-999	-999	-999	-999	0.24	-999	-999	-999	-999	-999	-999	-999	-999	-999	-999	-999	-999	-999	-999	-999	-999	-999	-999	-999	-999	-999	-999	-999	-999	-999	-999	-999	-999	-999	-999	-999	-999	-999	
110	44192	-999	-999	-999	-999	-999	-999	-999	-999	-999	-999	-999	-999	-999	-999	-999	-999	-999	-999	-999	0.25	-999	-999	-999	-999	-999	-999	-999	-999	-999	-999	-999	-999	-999	-999	-999	-999	-999	-999	-999	-999	-999	-999	-999	-999	-999	-999	-999	-999	-999	-999	-999	-999	
110	44192	-999	-999	-999	-999	-999	-999	-999	-999	-999	-999	-999	-999	-999	-999	-999	-999	-999	-999	-999	0.24	-999	-999	-999	-999	-999	-999	-999	-999	-999	-999	-999	-999	-999	-999	-999	-999	-999	-999	-999	-999	-999	-999	-999	-999	-999	-999	-999	-999	-999	-999	-999	-999	
110	44192	-999	-999	-999	-999	-999	-999	-999	-999	-999	-999	-999	-999	-999	-999	-999	-999	-999	-999	-999	-999	-0.0478	-999	-999	-999	-999	-999	-999	-999	-999	-999	-999	-999	-999	-999	-999	-999	-999	-999	-999	-999	-999	-999	-999	-999	-999	-999	-999	-999	-999	-999	-999	-999	
110	44192	-999	-999	-999	-999	-999	-999	-999	-999	-999	-999	-999	-999	-999	-999	-999	-999	-999	-999	-999	-999	0.0283	-999	-999	-999	-999	-999	-999	-999	-999	-999	-999	-999	-999	-999	-999	-999	-999	-999	-999	-999	-999	-999	-999	-999	-999	-999	-999	-999	-999	-999	-999	-999	
110	44192	-999	-999	-999	-999	-999	-999	-999	-999	-999	-999	-999	-999	-999	-999	-999	-999	-999	-999	-999	-999	-999	0.25	-999	-999	-999	-999	-999	-999	-999	-999	-999	-999	-999	-999	-999	-999	-999	-999	-999	-999	-999	-999	-999	-999	-999	-999	-999	-999	-999	-999	-999	-999	
110	44192	-999	-999	-999	-999	-999	-999	-999	-999	-999	-999	-999	-999	-999	-999	-999	-999	-999	-999	-999	-999	-999	0.12	-999	-999	-999	-999	-999	-999	-999	-999	-999	-999	-999	-999	-999	-999	-999	-999	-999	-999	-999	-999	-999	-999	-999	-999	-999	-999	-999	-999	-999	-999	
110	44192	-999	-999	-999	-999	-999	-999	-999	-999	-999	-999	-999	-999	-999	-999	-999	-999	-999	-999	-999	-999	-999	-999	1	-999	-999	-999	-999	-999	-999	-999	-999	-999	-999	-999	-999	-999	-999	-999	-999	-999	-999	-999	-999	-999	-999	-999	-999	-999	-999	-999	-999	-999	
110	44192	-999	-999	-999	-999	-999	-999	-999	-999	-999	-999	-999	-999	-999	-999	-999	-999	-999	-999	-999	-999	-999	-999	0.97	-999	-999	-999	-999	-999	-999	-999	-999	-999	-999	-999	-999	-999	-999	-999	-999	-999	-999	-999	-999	-999	-999	-999	-999	-999	-999	-999	-999	-999	
110	44192	-999	-999	-999	-999	-999	-999	-999	-999	-999	-999	-999	-999	-999	-999	-999	-999	-999	-999	-999	-999	-999	-999	-999	0	-999	-999	-999	-999	-999	-999	-999	-999	-999	-999	-999	-999	-999	-999	-999	-999	-999	-999	-999	-999	-999	-999	-999	-999	-999	-999	-999	-999	
110	44192	-999	-999	-999	-999	-999	-999	-999	-999	-999	-999	-999	-999	-999	-999	-999	-999	-999	-999	-999	-999	-999	-999	-999	0	-999	-999	-999	-999	-999	-999	-999	-999	-999	-999	-999	-999	-999	-999	-999	-999	-999	-999	-999	-999	-999	-999	-999	-999	-999	-999	-999	-999	
110	44192	-999	-999	-999	-999	-999	-999	-999	-999	-999	-999	-999	-999	-999	-999	-999	-999	-999	-999	-999	-999	-999	-999	-999	-999	0.12	-999	-999	-999	-999	-999	-999	-999	-999	-999	-999	-999	-999	-999	-999	-999	-999	-999	-999	-999	-999	-999	-999	-999	-999	-999	-999	-999	
110	44192	-999	-999	-999	-999	-999	-999	-999	-999	-999	-999	-999	-999	-999	-999	-999	-999	-999	-999	-999	-999	-999	-999	-999	-999	0.24	-999	-999	-999	-999	-999	-999	-999	-999	-999	-999	-999	-999	-999	-999	-999	-999	-999	-999	-999	-999	-999	-999	-999	-999	-999	-999	-999	
110	44192	-999	-999	-999	-999	-999	-999	-999	-999	-999	-999	-999	-999	-999	-999	-999	-999	-999	-999	-999	-999	-999	-999	-999	-999	-999	0.25	-999	-999	-999	-999	-999	-999	-999	-999	-999	-999	-999	-999	-999	-999	-999	-999	-999	-999	-999	-999	-999	-999	-999	-999	-999	-999	
110	44192	-999	-999	-999	-999	-999	-999	-999	-999	-999	-999	-999	-999	-999	-999	-999	-999	-999	-999	-999	-999	-999	-999	-999	-999	-999	0.12	-999	-999	-999	-999	-999	-999	-999	-999	-999	-999	-999	-999	-999	-999	-999	-999	-999	-999	-999	-999	-999	-999	-999	-999	-999	-999	
110	44192	-999	-999	-999	-999	-999	-999	-999	-999	-999	-999	-999	-999	-999	-999	-999	-999	-999	-999	-999	-999	-999	-999	-999	-999	-999	-999	2.87	-999	-999	-999	-999	-999	-999	-999	-999	-999	-999	-999	-999	-999	-999	-999	-999	-999	-999	-999	-999	-999	-999	-999	-999	-999	
110	44192	-999	-999	-999	-999	-999	-999	-999	-999	-999	-999	-999	-999	-999	-999	-999	-999	-999	-999	-999	-999	-999	-999	-999	-999	-999	-999	4.46	-999	-999	-999	-999	-999	-999	-999	-999	-999	-999	-999	-999	-999	-999	-999	-999	-999	-999	-999	-999	-999	-999	-999	-999	-999	
110	44192	-999	-999	-999	-999	-999	-999	-999	-999	-999	-999	-999	-999	-999	-999	-999	-999	-999	-999	-999	-999	-999	-999	-999	-999	-999	-999	-999	0.62	-999	-999	-999	-999	-999	-999	-999	-999	-999	-999	-999	-999	-999	-999	-999	-999	-999	-999	-999	-999	-999	-999	-999	-999	
110	44192	-999	-999	-999	-999	-999	-999	-999	-999	-999	-999	-999	-999	-999	-999	-999	-999	-999	-999	-999	-999	-999	-999	-999	-999	-999	-999	-999	0.6	-999	-999	-999	-999	-999	-999	-999	-999	-999	-999	-999	-999	-999	-999	-999	-999	-999	-999	-999	-999	-999	-999	-999	-999	
110	44192	-999	-999	-999	-999	-999	-999	-999	-999	-999	-999	-999	-999	-999	-999	-999	-999	-999	-999	-999	-999	-999	-999	-999	-999	-999	-999	-999	-999	0.37	-999	-999	-999	-999	-999	-999	-999	-999	-999	-999	-999	-999	-999	-999	-999	-999	-999	-999	-999	-999	-999	-999	-999	
110	44192	-999	-999	-999	-999	-999	-999	-999	-999	-999	-999	-999	-999	-999	-999	-999	-999	-999	-999	-999	-999	-999	-999	-999	-999	-999	-999	-999	-999	0.36	-999	-999	-999	-999	-999	-999	-999	-999	-999	-999	-999	-999	-999	-999	-999	-999	-999	-999	-999	-999	-999	-999	-999	
110	44192	-999	-999	-999	-999	-999	-999	-999	-999	-999	-999	-999	-999	-999	-999	-999	-999	-999	-999	-999	-999	-999	-999	-999	-999	-999	-999	-999	-999	-999	0.25	-999	-999	-999	-999	-999	-999	-999	-999	-999	-999	-999	-999	-999	-999	-999	-999	-999	-999	-999	-999	-999	-999	
110	44192	-999	-999	-999	-999	-999	-999	-999	-999	-999	-999	-999	-999	-999	-999	-999	-999	-999	-999	-999	-999	-999	-999	-999	-999	-999	-999	-999	-999	-999	0.24	-999	-999	-999	-999	-999	-999	-999	-999	-999	-999	-999	-999	-999	-999	-999	-999	-999	-999	-999	-999	-999	-999	
110	44192	-999	-999	-999	-999	-999	-999	-999	-999	-999	-999	-999	-999	-999	-999	-999	-999	-999	-999	-999	-999	-999	-999	-999	-999	-999	-999	-999	-999	-999	-999	3.24	-999	-999	-999	-999	-999	-999	-999	-999	-999	-999	-999	-999	-999	-999	-999	-999	-999	-999	-999	-999	-999	
110	44192	-999	-999	-999	-999	-999	-999	-999	-999	-999	-999	-999	-999	-999	-999	-999	-999	-999	-999	-999	-999	-999	-999	-999	-999	-999	-999	-999	-999	-999	-999	2.41	-999	-999	-999	-999	-999	-999	-999	-999	-999	-999	-999	-999	-999	-999	-999	-999	-999	-999	-999	-999	-999	
110	44192	-999	-999	-999	-999	-999	-999	-999	-999	-999	-999	-999	-999	-999	-999	-999	-999	-999	-999	-999	-999	-999	-999	-999	-999	-999	-999	-999	-999	-999	-999	-999	0	-999	-999	-999	-999	-999	-999	-999	-999	-999	-999	-999	-999	-999	-999	-999	-999	-999	-999	-999	-999	
110	44192	-999	-999	-999	-999	-999	-999	-999	-999	-999	-999	-999	-999	-999	-999	-999	-999	-999	-999	-999	-999	-999	-999	-999	-999	-999	-999	-999	-999	-999	-999	-999	0	-999	-999	-999	-999	-999	-999	-999	-999	-999	-999	-999	-999	-999	-999	-999	-999	-999	-999	-999	-999	
110	44192	-999	-999	-999	-999	-999	-999	-999	-999	-999	-999	-999	-999	-999	-999	-999	-999	-999	-999	-999	-999	-999	-999	-999	-999	-999	-999	-999	-999	-999	-999	-999	-999	1.12	-999	-999	-999	-999	-999	-999	-999	-999	-999	-999	-999	-999	-999	-999	-999	-999	-999	-999	-999	
110	44192	-999	-999	-999	-999	-999	-999	-999	-999	-999	-999	-999	-999	-999	-999	-999	-999	-999	-999	-999	-999	-999	-999	-999	-999	-999	-999	-999	-999	-999	-999	-999	-999	0.84	-999	-999	-999	-999	-999	-999	-999	-999	-999	-999	-999	-999	-999	-999	-999	-999	-999	-999	-999	
110	44192	-999	-999	-999	-999	-999	-999	-999	-999	-999	-999	-999	-999	-999	-999	-999	-999	-999	-999	-999	-999	-999	-999	-999	-999	-999	-999	-999	-999	-999	-999	-999	-999	-999	0.37	-999	-999	-999	-999	-999	-999	-999	-999	-999	-999	-999	-999	-999	-999	-999	-999	-999	-999	
110	44192	-999	-999	-999	-999	-999	-999	-999	-999	-999	-999	-999	-999	-999	-999	-999	-999	-999	-999	-999	-999	-999	-999	-999	-999	-999	-999	-999	-999	-999	-999	-999	-999	-999	0.12	-999	-999	-999	-999	-999	-999	-999	-999	-999	-999	-999	-999	-999	-999	-999	-999	-999	-999	
110	44192	-999	-999	-999	-999	-999	-999	-999	-999	-999	-999	-999	-999	-999	-999	-999	-999	-999	-999	-999	-999	-999	-999	-999	-999	-999	-999	-999	-999	-999	-999	-999	-999	-999	-999	0	-999	-999	-999	-999	-999	-999	-999	-999	-999	-999	-999	-999	-999	-999	-999	-999	-999	
110	44192	-999	-999	-999	-999	-999	-999	-999	-999	-999	-999	-999	-999	-999	-999	-999	-999	-999	-999	-999	-999	-999	-999	-999	-999	-999	-999	-999	-999	-999	-999	-999	-999	-999	-999	0.12	-999	-999	-999	-999	-999	-999	-999	-999	-999	-999	-999	-999	-999	-999	-999	-999	-999	
110	44192	-999	-999	-999	-999	-999	-999	-999	-999	-999	-999	-999	-999	-999	-999	-999	-999	-999	-999	-999	-999	-999	-999	-999	-999	-999	-999	-999	-999	-999	-999	-999	-999	-999	-999	-999	1	-999	-999	-999	-999	-999	-999	-999	-999	-999	-999	-999	-999	-999	-999	-999	-999	
110	44192	-999	-999	-999	-999	-999	-999	-999	-999	-999	-999	-999	-999	-999	-999	-999	-999	-999	-999	-999	-999	-999	-999	-999	-999	-999	-999	-999	-999	-999	-999	-999	-999	-999	-999	-999	0.72	-999	-999	-999	-999	-999	-999	-999	-999	-999	-999	-999	-999	-999	-999	-999	-999	
110	44192	-999	-999	-999	-999	-999	-999	-999	-999	-999	-999	-999	-999	-999	-999	-999	-999	-999	-999	-999	-999	-999	-999	-999	-999	-999	-999	-999	-999	-999	-999	-999	-999	-999	-999	-999	-999	0.5	-999	-999	-999	-999	-999	-999	-999	-999	-999	-999	-999	-999	-999	-999	-999	
110	44192	-999	-999	-999	-999	-999	-999	-999	-999	-999	-999	-999	-999	-999	-999	-999	-999	-999	-999	-999	-999	-999	-999	-999	-999	-999	-999	-999	-999	-999	-999	-999	-999	-999	-999	-999	-999	0.36	-999	-999	-999	-999	-999	-999	-999	-999	-999	-999	-999	-999	-999	-999	-999	
110	44192	-999	-999	-999	-999	-999	-999	-999	-999	-999	-999	-999	-999	-999	-999	-999	-999	-999	-999	-999	-999	-999	-999	-999	-999	-999	-999	-999	-999	-999	-999	-999	-999	-999	-999	-999	-999	-999	801	-999	-999	-999	-999	-999	-999	-999	-999	-999	-999	-999	-999	-999	-999	
110	44192	-999	-999	-999	-999	-999	-999	-999	-999	-999	-999	-999	-999	-999	-999	-999	-999	-999	-999	-999	-999	-999	-999	-999	-999	-999	-999	-999	-999	-999	-999	-999	-999	-999	-999	-999	-999	-999	829	-999	-999	-999	-999	-999	-999	-999	-999	-999	-999	-999	-999	-999	-999	
110	44192	-999	-999	-999	-999	-999	-999	-999	-999	-999	-999	-999	-999	-999	-999	-999	-999	-999	-999	-999	-999	-999	-999	-999	-999	-999	-999	-999	-999	-999	-999	-999	-999	-999	-999	-999	-999	-999	-999	3.62	-999	-999	-999	-999	-999	-999	-999	-999	-999	-999	-999	-999	-999	
110	44192	-999	-999	-999	-999	-999	-999	-999	-999	-999	-999	-999	-999	-999	-999	-999	-999	-999	-999	-999	-999	-999	-999	-999	-999	-999	-999	-999	-999	-999	-999	-999	-999	-999	-999	-999	-999	-999	-999	4.1	-999	-999	-999	-999	-999	-999	-999	-999	-999	-999	-999	-999	-999	
110	44192	-999	-999	-999	-999	-999	-999	-999	-999	-999	-999	-999	-999	-999	-999	-999	-999	-999	-999	-999	-999	-999	-999	-999	-999	-999	-999	-999	-999	-999	-999	-999	-999	-999	-999	-999	-999	-999	-999	-999	0	-999	-999	-999	-999	-999	-999	-999	-999	-999	-999	-999	-999	
110	44192	-999	-999	-999	-999	-999	-999	-999	-999	-999	-999	-999	-999	-999	-999	-999	-999	-999	-999	-999	-999	-999	-999	-999	-999	-999	-999	-999	-999	-999	-999	-999	-999	-999	-999	-999	-999	-999	-999	-999	0	-999	-999	-999	-999	-999	-999	-999	-999	-999	-999	-999	-999	
110	44192	-999	-999	-999	-999	-999	-999	-999	-999	-999	-999	-999	-999	-999	-999	-999	-999	-999	-999	-999	-999	-999	-999	-999	-999	-999	-999	-999	-999	-999	-999	-999	-999	-999	-999	-999	-999	-999	-999	-999	-999	0.12	-999	-999	-999	-999	-999	-999	-999	-999	-999	-999	-999	
110	44192	-999	-999	-999	-999	-999	-999	-999	-999	-999	-999	-999	-999	-999	-999	-999	-999	-999	-999	-999	-999	-999	-999	-999	-999	-999	-999	-999	-999	-999	-999	-999	-999	-999	-999	-999	-999	-999	-999	-999	-999	0.12	-999	-999	-999	-999	-999	-999	-999	-999	-999	-999	-999	
110	44192	-999	-999	-999	-999	-999	-999	-999	-999	-999	-999	-999	-999	-999	-999	-999	-999	-999	-999	-999	-999	-999	-999	-999	-999	-999	-999	-999	-999	-999	-999	-999	-999	-999	-999	-999	-999	-999	-999	-999	-999	-999	0	-999	-999	-999	-999	-999	-999	-999	-999	-999	-999	
110	44192	-999	-999	-999	-999	-999	-999	-999	-999	-999	-999	-999	-999	-999	-999	-999	-999	-999	-999	-999	-999	-999	-999	-999	-999	-999	-999	-999	-999	-999	-999	-999	-999	-999	-999	-999	-999	-999	-999	-999	-999	-999	0.12	-999	-999	-999	-999	-999	-999	-999	-999	-999	-999	
110	44192	-999	-999	-999	-999	-999	-999	-999	-999	-999	-999	-999	-999	-999	-999	-999	-999	-999	-999	-999	-999	-999	-999	-999	-999	-999	-999	-999	-999	-999	-999	-999	-999	-999	-999	-999	-999	-999	-999	-999	-999	-999	-999	0.87	-999	-999	-999	-999	-999	-999	-999	-999	-999	
110	44192	-999	-999	-999	-999	-999	-999	-999	-999	-999	-999	-999	-999	-999	-999	-999	-999	-999	-999	-999	-999	-999	-999	-999	-999	-999	-999	-999	-999	-999	-999	-999	-999	-999	-999	-999	-999	-999	-999	-999	-999	-999	-999	0.48	-999	-999	-999	-999	-999	-999	-999	-999	-999	
110	44192	-999	-999	-999	-999	-999	-999	-999	-999	-999	-999	-999	-999	-999	-999	-999	-999	-999	-999	-999	-999	-999	-999	-999	-999	-999	-999	-999	-999	-999	-999	-999	-999	-999	-999	-999	-999	-999	-999	-999	-999	-999	-999	-999	4.18	-999	-999	-999	-999	-999	-999	-999	-999	
110	44192	-999	-999	-999	-999	-999	-999	-999	-999	-999	-999	-999	-999	-999	-999	-999	-999	-999	-999	-999	-999	-999	-999	-999	-999	-999	-999	-999	-999	-999	-999	-999	-999	-999	-999	-999	-999	-999	-999	-999	-999	-999	-999	-999	4.45	-999	-999	-999	-999	-999	-999	-999	-999	
110	44192	-999	-999	-999	-999	-999	-999	-999	-999	-999	-999	-999	-999	-999	-999	-999	-999	-999	-999	-999	-999	-999	-999	-999	-999	-999	-999	-999	-999	-999	-999	-999	-999	-999	-999	-999	-999	-999	-999	-999	-999	-999	-999	-999	-999	1.24	-999	-999	-999	-999	-999	-999	-999	
110	44192	-999	-999	-999	-999	-999	-999	-999	-999	-999	-999	-999	-999	-999	-999	-999	-999	-999	-999	-999	-999	-999	-999	-999	-999	-999	-999	-999	-999	-999	-999	-999	-999	-999	-999	-999	-999	-999	-999	-999	-999	-999	-999	-999	-999	1.68	-999	-999	-999	-999	-999	-999	-999	
110	44192	-999	-999	-999	-999	-999	-999	-999	-999	-999	-999	-999	-999	-999	-999	-999	-999	-999	-999	-999	-999	-999	-999	-999	-999	-999	-999	-999	-999	-999	-999	-999	-999	-999	-999	-999	-999	-999	-999	-999	-999	-999	-999	-999	-999	-999	23.31	-999	-999	-999	-999	-999	-999	
110	44192	-999	-999	-999	-999	-999	-999	-999	-999	-999	-999	-999	-999	-999	-999	-999	-999	-999	-999	-999	-999	-999	-999	-999	-999	-999	-999	-999	-999	-999	-999	-999	-999	-999	-999	-999	-999	-999	-999	-999	-999	-999	-999	-999	-999	-999	22.57	-999	-999	-999	-999	-999	-999	
110	44192	-999	-999	-999	-999	-999	-999	-999	-999	-999	-999	-999	-999	-999	-999	-999	-999	-999	-999	-999	-999	-999	-999	-999	-999	-999	-999	-999	-999	-999	-999	-999	-999	-999	-999	-999	-999	-999	-999	-999	-999	-999	-999	-999	-999	-999	-999	9.11	-999	-999	-999	-999	-999	
110	44192	-999	-999	-999	-999	-999	-999	-999	-999	-999	-999	-999	-999	-999	-999	-999	-999	-999	-999	-999	-999	-999	-999	-999	-999	-999	-999	-999	-999	-999	-999	-999	-999	-999	-999	-999	-999	-999	-999	-999	-999	-999	-999	-999	-999	-999	-999	10	-999	-999	-999	-999	-999	
110	44192	-999	-999	-999	-999	-999	-999	-999	-999	-999	-999	-999	-999	-999	-999	-999	-999	-999	-999	-999	-999	-999	-999	-999	-999	-999	-999	-999	-999	-999	-999	-999	-999	-999	-999	-999	-999	-999	-999	-999	-999	-999	-999	-999	-999	-999	-999	-999	0.25	-999	-999	-999	-999	
110	44192	-999	-999	-999	-999	-999	-999	-999	-999	-999	-999	-999	-999	-999	-999	-999	-999	-999	-999	-999	-999	-999	-999	-999	-999	-999	-999	-999	-999	-999	-999	-999	-999	-999	-999	-999	-999	-999	-999	-999	-999	-999	-999	-999	-999	-999	-999	-999	0.12	-999	-999	-999	-999	
110	44192	-999	-999	-999	-999	-999	-999	-999	-999	-999	-999	-999	-999	-999	-999	-999	-999	-999	-999	-999	-999	-999	-999	-999	-999	-999	-999	-999	-999	-999	-999	-999	-999	-999	-999	-999	-999	-999	-999	-999	-999	-999	-999	-999	-999	-999	-999	-999	-999	0	-999	-999	-999	
110	44192	-999	-999	-999	-999	-999	-999	-999	-999	-999	-999	-999	-999	-999	-999	-999	-999	-999	-999	-999	-999	-999	-999	-999	-999	-999	-999	-999	-999	-999	-999	-999	-999	-999	-999	-999	-999	-999	-999	-999	-999	-999	-999	-999	-999	-999	-999	-999	-999	0	-999	-999	-999	
110	44192	-999	-999	-999	-999	-999	-999	-999	-999	-999	-999	-999	-999	-999	-999	-999	-999	-999	-999	-999	-999	-999	-999	-999	-999	-999	-999	-999	-999	-999	-999	-999	-999	-999	-999	-999	-999	-999	-999	-999	-999	-999	-999	-999	-999	-999	-999	-999	-999	-999	0.3426	-999	-999	
110	44192	-999	-999	-999	-999	-999	-999	-999	-999	-999	-999	-999	-999	-999	-999	-999	-999	-999	-999	-999	-999	-999	-999	-999	-999	-999	-999	-999	-999	-999	-999	-999	-999	-999	-999	-999	-999	-999	-999	-999	-999	-999	-999	-999	-999	-999	-999	-999	-999	-999	0.3224	-999	-999	
110	44192	-999	-999	-999	-999	-999	-999	-999	-999	-999	-999	-999	-999	-999	-999	-999	-999	-999	-999	-999	-999	-999	-999	-999	-999	-999	-999	-999	-999	-999	-999	-999	-999	-999	-999	-999	-999	-999	-999	-999	-999	-999	-999	-999	-999	-999	-999	-999	-999	-999	-999	0.7382	-999	
110	44192	-999	-999	-999	-999	-999	-999	-999	-999	-999	-999	-999	-999	-999	-999	-999	-999	-999	-999	-999	-999	-999	-999	-999	-999	-999	-999	-999	-999	-999	-999	-999	-999	-999	-999	-999	-999	-999	-999	-999	-999	-999	-999	-999	-999	-999	-999	-999	-999	-999	-999	0.7384	-999	
110	44192	-999	-999	-999	-999	-999	-999	-999	-999	-999	-999	-999	-999	-999	-999	-999	-999	-999	-999	-999	-999	-999	-999	-999	-999	-999	-999	-999	-999	-999	-999	-999	-999	-999	-999	-999	-999	-999	-999	-999	-999	-999	-999	-999	-999	-999	-999	-999	-999	-999	-999	-999	-0.036	
110	44192	-999	-999	-999	-999	-999	-999	-999	-999	-999	-999	-999	-999	-999	-999	-999	-999	-999	-999	-999	-999	-999	-999	-999	-999	-999	-999	-999	-999	-999	-999	-999	-999	-999	-999	-999	-999	-999	-999	-999	-999	-999	-999	-999	-999	-999	-999	-999	-999	-999	-999	-999	0.0174	
120	46885	0	0.61	0.1549	1.34	2.19	0.0349	0	0	0.12	0.24	0.8413	0.24	0.12	2.68	0	1.22	0.24	0.5172	0.12	0.12	-0.1064	0	0.61	0	0.12	0	1.46	0.61	0.49	0.24	5.98	0	1.58	0.49	0	0.37	0.73	819	1.95	0	0.37	0.12	0.12	3.72	1.83	25.03	9.64	0.61	0	0.2418	0.6877	-0.0756	
130	49577	0	1.43	0.1436	0.96	1.43	0.0006	0	0	0	0	0.8079	0.84	0	2.87	0.48	3.11	0.12	0.511	0.24	0	-0.0555	0	1.19	0.12	0.6	0.12	2.39	0.96	0.24	0.24	4.19	0	4.43	0.48	0	0	0.6	835	1.55	0	0.36	0	0.6	3.94	1.31	23.56	8.14	0.24	0	0.2915	0.6553	-0.0933	
140	52269	0	0.36	0.1264	2.16	1.56	0.0027	0	0	0.12	0	0.8041	0.12	0.24	4.93	0.24	2.77	0.12	0.4406	0.24	0.24	-0.004	0.12	0.72	0.36	0	0	2.77	1.32	0.36	0.12	4.33	0	3.01	0.24	0.12	0.12	0.72	830	2.53	0	0	0.24	0.84	3.64	0.84	24.03	10.2	0.36	0	0.2354	0.7311	-0.0638	
150	54962	0	1.63	0.1144	1.63	2.33	0.0133	0.12	0	0.12	0.23	0.8179	0.47	0.12	3.72	0.12	1.39	0.23	0.4774	0.12	0.23	-0.103	0.23	1.28	0.7	0.23	0.12	1.74	0.93	0.35	0	5.82	0	2.56	0.47	0.23	0.23	0.7	858	1.98	0.12	0.12	0	0.58	3.54	1.04	24.57	7.8	0.35	0	0.2485	0.7058	-0.0787	
160	57736.1	0	1.63	0.1448	0.7	1.28	-0.028	0	0	0	0	0.8572	0.59	0	4.33	0.12	1.05	0.12	0.3949	0.35	0	-0.0778	0.35	0.82	0.7	0.47	0	2.1	0.82	0.82	0.12	5.26	0.12	1.52	0.23	0	0.23	0.59	854	3.74	0	0.35	0	0.7	3.75	0.35	24.01	11.5	0.7	0	0.2605	0.7771	-0.0411	
180	63501	0	1.37	0.13	1.25	2.17	0.0534	0	0	0.23	0	0.8578	0.46	0.23	3.77	0.23	1.71	0.23	0.4417	0.23	0.23	-0.0651	0.46	0.34	0.46	0.46	0	2.05	1.02	0.34	0.34	3.77	0	2.86	0.34	0	0.57	0.23	874	3.08	0	0	0.11	1.02	4.09	0.92	24.68	10.8	0.23	0	0.2804	0.7466	-0.0519	
190	66500	0	1.33	0.1714	1.09	1.33	0.0666	0	0	0.12	0.12	0.827	0.12	0	2.43	0	0.85	0.12	0.451	0.12	0.12	-0.0355	0	0.85	0.37	0	0	2.19	1.33	0.24	0	2.8	0	2.92	0.24	0.12	0.12	0.37	821	3.77	0	0.24	0.37	1.94	3.89	0.73	24.48	10.3	0.49	0	0.2522	0.7245	-0.001	
200	69500	0	1.36	0.1571	1.7	1.82	0.0703	0	0	0.57	0.11	0.8304	0.46	0.11	0.91	0	1.59	0.23	0.526	0.34	0	-0.0676	0.11	0.8	0.46	0	0.23	1.93	1.02	0.68	0	4.44	0	1.82	0.11	0	0.34	0.8	878	2.16	0.11	0	0.11	1.25	4.39	0.91	24.04	11.1	0.46	0	0.3108	0.6502	-0.0122	
210	72500	0	0.69	0.1249	1.61	3	0.076	0	0	0.35	0.12	0.8375	1.27	0	2.08	0.12	1.15	0.12	0.5022	0	0.35	-0.1045	0.12	1.04	0.12	0.23	0.12	1.15	0	0.23	0.12	4.85	0.12	2.19	0.12	0	0.23	0.58	865	2.54	0	0	0	1.04	4.2	0.92	24.94	11.6	0.12	0	0.2749	0.6889	-0.0545	
220	75498	0	1.22	0.1184	1.4	3.38	0.0131	0	0	0.56	0.19	0.8165	0.19	0	2.06	0	1.03	0	0.5108	0.38	0	-0.1324	0	1.22	0	0.19	0.56	1.4	0.85	0.66	0.28	4.78	0	3.28	1.12	0	0	0.19	1065	1.97	0	0	0.19	1.03	3.68	0.56	23.93	8.16	0.47	0	0.2941	0.6494	-0.1252	
230	78397	0	1.23	0.1362	0.25	1.1	-0.0091	0.25	0	0.37	0	0.8537	0	0	4.8	0.49	1.47	0.12	0.4286	0	0.37	0.0152	0.25	0.49	0.12	0	0.37	1.6	0.49	0.62	0.37	3.45	0	2.95	0.37	0	0	0.25	811	2.09	0	0	0	1.23	3.98	0.99	23.62	9.24	0.86	0	0.2735	0.7464	-0.1386	
240	80897	0	0.87	0.1324	1.37	1.62	0.0552	0	0	0.75	0	0.8284	0.12	0.12	3.36	0.25	1.74	0	0.2967	0.12	0	-0.0079	0.37	1.37	0.25	0	0.62	2.11	0.37	0	0.25	0.75	0	1.12	0.5	0	0.5	0	802	6.23	0	0.12	0.25	0.75	4.02	0.75	23.93	10.4	0.12	0	0.2706	0.8038	0.0191	
250	82998	0	0.5	0.1519	3.01	2.26	0.0651	0	0	0.5	0.13	0.7778	0	0	1.75	0.13	1.63	0.25	0.3731	0.13	0.38	-0.112	0.38	0.5	0.5	0	1	1.75	0.38	0.13	0.13	3.51	0	2.63	0.25	0.13	0.88	0	796	4.77	0	0	0.5	1.63	3.54	0.75	23.55	7.78	0.38	0	0.2813	0.7203	-0.0276	
266	86322.4	0	1.16	0.12	1.74	1.39	-0.0146	0.12	0	1.39	0	0.7515	0.47	0	3.72	0.23	2.09	0.12	0.2858	0.12	0.12	-0.1167	0.58	1.04	0.93	0.35	0	2.2	0.47	0.23	0.7	5.34	0	1.62	0.23	0.35	0.7	0.12	860	3.48	0	0.12	0.12	1.97	4.36	1.16	20.95	4.53	0	0	0.3942	0.6964	-0.0337	
270	87202	0	1.63	0.1493	1.76	1.76	0.0634	0.25	0	0.13	0	0.7867	0.76	0	3.14	0	2.26	0	0.4934	0	0.5	-0.0173	0.13	0.25	1.51	0	0.25	2.01	0.13	0.13	0	3.9	0	1.25	0.25	0	0.13	0.5	794	1.38	0	0	0	1	3.93	1.13	24.39	7.3	0.38	0	0.2334	0.6768	-0.0638	
290	93000	0	0	0.1615	2.28	1.37	0.0631	0.11	0	0.8	0.11	0.8236	0.69	0.11	2.28	0.11	1.25	0.69	0.3989	0.11	0.11	-0.0908	0.34	1.14	1.6	0.34	0.23	2.4	0.69	0	0.11	3.77	0	1.14	0.23	0	0.46	0	874	3.54	0	0	0.23	1.6	4.65	2.17	22.78	8.69	0.23	0	0.3496	0.7071	0.0634	
300	95997	0	1.3	0.0919	1.78	1.9	-0.0345	0	0	0.48	0	0.8394	0.36	0	3.68	0	1.3	0.12	0.4304	0.12	0.12	-0.0705	0.48	1.06	0.83	0	0.36	1.42	0.12	0.36	0	4.39	0	2.85	0.71	0	0.24	0.36	842	2.25	0.12	0	0.12	0.59	3.11	0.59	24.76	11.9	0.24	0	0.2047	0.7614	-0.134	
310	98798	0	0.91	0.1456	2.72	1.16	0.0177	0	0	0.78	0	0.7232	0.39	0	1.94	0	1.55	0	0.3795	0	0	0.0079	0.26	0.13	1.81	0	0	2.33	0.26	0.13	0	2.33	0.13	2.2	0.39	0	0.13	0.26	771	2.72	0	0	0	1.68	3.43	0.39	22.49	7.13	0.26	0	0.2623	0.6962	-0.0646	
320	100997	0	1.7	0.1359	3.17	1.95	0.0228	0.24	0	0	0	0.7394	0.24	0	4.14	0	1.82	0.12	0.3643	0.12	0.24	-0.0154	0.37	0.12	1.82	0.12	0.12	1.95	0.61	0.49	0	2.07	0	1.7	0.24	0	0.12	0.49	820	3.78	0	0	0	1.09	2.72	1.34	23.98	8.17	0.12	0.12	0.1763	0.7448	-0.0411	
350	107809	0	0.63	0.1528	1.26	2.65	-0.0689	0.25	0	0	0.13	0.7377	0.51	0	1.39	0	0.89	0	0.3797	0	0.25	-0.0709	0.13	1.01	1.39	0.13	0	3.67	0	0.13	0	4.05	0	0.89	0.13	0	0.13	0.25	790	2.4	0	0	0.13	0.38	3.69	0.89	21.73	6.07	0.38	0	0.2857	0.6916	-0.0194	
360	113010	0	0.59	0.2007	0.82	2.58	0.0519	0.12	0	0.12	0	0.7751	0.94	0	1.17	0	1.05	0	0.3708	0.12	0.23	-0.0308	0.47	0.12	0.7	0.59	0.23	4.1	0	0.23	0	1.87	0.12	1.64	0.12	0	0.23	0.35	852	3.87	0.12	0	0.12	0.82	4.08	1.52	22.15	5.51	0.35	0	0.3213	0.6967	0.0707	
370	118765	0	0.12	0.1597	1.23	1.85	0.0147	0	0	0	0	0.7919	0.62	0	2.84	0.25	1.11	0	0.3588	0	0.25	-0.0331	0.25	0.87	2.35	0.12	0	3.34	0.12	0.62	0.12	4.57	0	1.73	0.25	0	0.12	0.12	808	4.95	0	0.37	0.37	0.5	3.82	0.5	23.3	6.8	0.25	0.12	0.2617	0.7529	0.0325	
380	123622	0	0.91	0.1679	1.14	1.25	-0.0198	0	0	0	0.11	0.8025	0.91	0	1.59	0	1.25	0	0.1578	0	0.57	-0.0704	0.68	0.23	1.36	0.11	0.11	1.94	0.11	0.34	0.11	2.51	0.11	0.23	0.11	0	0.11	0	876	9.36	0.11	0.34	0.46	0.8	4.09	0.57	23.72	6.84	0.23	0.34	0.2079	0.835	0.0588	
390	127567	0	1.15	0.1561	0.69	1.27	-0.0236	0.12	0	0	0	0.8435	0.12	0	1.84	0	1.38	0.46	0.2441	0	0.58	-0.1505	0.23	0.46	1.15	0.35	0.12	1.84	0	0.35	0.12	3.93	0	0.46	0.35	0.12	0.58	0	865	8.43	0.12	0.23	0.23	0.23	3.81	1.27	24.25	8.67	0.69	0	0.214	0.8306	0.0262	
400	131287	0	1.26	0.1405	1.01	1.64	0.08	0.13	0	0	0.13	0.8403	0.51	0	1.52	0.25	0.63	0.51	0.3681	0.13	0.25	-0.095	0	0.76	1.39	0.51	0	1.14	0.13	0.76	0	1.39	0.13	1.9	0.13	0.25	0.63	0.38	788	5.45	0	0	0	0.51	3.52	1.26	25.42	10.4	0.38	0	0.2187	0.7885	0.0079	
410	135058	0	1.49	0.1417	1.62	1	-0.009	0	0	0.12	0.25	0.8027	0.5	0	2.62	0	0.87	0.37	0.375	0	0.12	0.0383	0.12	0	1	0	0	2.12	0	0.62	0	2.49	0	1.12	0.25	0.12	0	0	801	2.74	0	0	0	0.25	2.98	1.12	24.15	10.9	0.37	0	0.1707	0.7788	-0.0695	
420	139001	0	1.21	0.1378	1.61	2.32	-0.0056	0.2	0	0.3	0.2	0.8013	0.4	0.1	1.21	0	1.11	0.4	0.5111	0	0	-0.0629	0	0.81	0.91	0.2	0	2.12	1.01	0.2	0.2	3.84	0	2.62	0.1	0.1	0	0.1	989	1.71	0.1	0	0	0.61	3.74	0.91	23.73	10	0.51	0	0.2757	0.6627	-0.0446	
430	143000	0	1.39	0.1669	2.91	0	-0.0054	0.47	0	0.81	0	0.7093	0.58	0	2.44	0.23	0	0	0.3772	0	0	0.0373	0.12	0.47	3.25	0.12	0.23	3.02	0	0.58	0	2.67	0	2.56	0	0	0	0.12	859	3.14	0	0	0	1.74	3.71	1.51	21.25	9.77	0.35	0	0.3162	0.6616	-0.0013	
440	147003	0	0.39	0.0689	1.55	1.55	0.008	0	0	0	0	0.6678	0.29	0	1.85	0	0.39	0	0.4838	0	0	-0.1083	0.49	0.29	1.55	2.14	0	0	0.39	0	0.39	0.88	0	1.36	0	0	0	0.19	1026	0	0	0	0	0.68	2.98	0.68	23.44	7.6	0	0	0.1734	0.6092	-0.1265	
450	151202	0	0.85	0.1017	1.69	2.9	0.0973	0	0	5.32	0	0.4357	0.48	0.12	2.3	0.24	0.97	0.12	0.2746	0.48	0.12	-0.1149	0.24	0.36	0.97	0	0.12	1.81	0.73	0.73	0.36	2.54	0.12	5.32	0.12	0	1.33	0.85	826	2.17	0	0	0	1.69	3.66	0.97	15.6	0	0.48	0	0.4208	0.3774	-0.0879	
460	156003	0	0.36	0.1591	1.21	2.91	0.0181	0	0	0.12	0.61	0.7899	0.36	0	1.21	0.61	0.73	0.36	0.4408	0.24	0	-0.0339	0.49	1.45	0	0.12	0.12	2.06	0.61	0.49	0.24	2.42	0	3.15	0.12	0	0.12	0.12	824	2.3	0.12	0	0	0.73	3.94	1.45	22.79	9.34	0.36	0	0.3131	0.6821	-0.074	
471	161500	0	0	0.2051	1.94	2.43	0.0245	0.61	0	0.36	0	0.7763	0.36	0.12	1.09	0.24	1.57	0	0.405	0	0	-0.0748	0.49	0.97	1.45	0.24	0.36	1.7	0.36	0.73	0.73	1.82	0.24	1.33	0	0	1.21	0.73	823	2.43	0	0.24	0	0.85	3.77	1.94	22.02	9.84	1.57	0.12	0.3308	0.6735	-0.0324	
481	166500	0	-999	-999	-999	-999	-999	-999	-999	-999	-999	-999	-999	-999	-999	-999	-999	-999	-999	-999	-999	-999	-999	-999	-999	-999	-999	-999	-999	-999	-999	-999	-999	-999	-999	-999	-999	-999	-999	-999	-999	-999	-999	-999	-999	-999	-999	-999	-999	-999	-999	-999	-999	
481	166500	0	-999	-999	-999	-999	-999	-999	-999	-999	-999	-999	-999	-999	-999	-999	-999	-999	-999	-999	-999	-999	-999	-999	-999	-999	-999	-999	-999	-999	-999	-999	-999	-999	-999	-999	-999	-999	-999	-999	-999	-999	-999	-999	-999	-999	-999	-999	-999	-999	-999	-999	-999	
481	166500	-999	1.11	-999	-999	-999	-999	-999	-999	-999	-999	-999	-999	-999	-999	-999	-999	-999	-999	-999	-999	-999	-999	-999	-999	-999	-999	-999	-999	-999	-999	-999	-999	-999	-999	-999	-999	-999	-999	-999	-999	-999	-999	-999	-999	-999	-999	-999	-999	-999	-999	-999	-999	
481	166500	-999	0	-999	-999	-999	-999	-999	-999	-999	-999	-999	-999	-999	-999	-999	-999	-999	-999	-999	-999	-999	-999	-999	-999	-999	-999	-999	-999	-999	-999	-999	-999	-999	-999	-999	-999	-999	-999	-999	-999	-999	-999	-999	-999	-999	-999	-999	-999	-999	-999	-999	-999	
481	166500	-999	-999	0.1913	-999	-999	-999	-999	-999	-999	-999	-999	-999	-999	-999	-999	-999	-999	-999	-999	-999	-999	-999	-999	-999	-999	-999	-999	-999	-999	-999	-999	-999	-999	-999	-999	-999	-999	-999	-999	-999	-999	-999	-999	-999	-999	-999	-999	-999	-999	-999	-999	-999	
481	166500	-999	-999	0.1958	-999	-999	-999	-999	-999	-999	-999	-999	-999	-999	-999	-999	-999	-999	-999	-999	-999	-999	-999	-999	-999	-999	-999	-999	-999	-999	-999	-999	-999	-999	-999	-999	-999	-999	-999	-999	-999	-999	-999	-999	-999	-999	-999	-999	-999	-999	-999	-999	-999	
481	166500	-999	-999	-999	1.48	-999	-999	-999	-999	-999	-999	-999	-999	-999	-999	-999	-999	-999	-999	-999	-999	-999	-999	-999	-999	-999	-999	-999	-999	-999	-999	-999	-999	-999	-999	-999	-999	-999	-999	-999	-999	-999	-999	-999	-999	-999	-999	-999	-999	-999	-999	-999	-999	
481	166500	-999	-999	-999	1.48	-999	-999	-999	-999	-999	-999	-999	-999	-999	-999	-999	-999	-999	-999	-999	-999	-999	-999	-999	-999	-999	-999	-999	-999	-999	-999	-999	-999	-999	-999	-999	-999	-999	-999	-999	-999	-999	-999	-999	-999	-999	-999	-999	-999	-999	-999	-999	-999	
481	166500	-999	-999	-999	-999	2.1	-999	-999	-999	-999	-999	-999	-999	-999	-999	-999	-999	-999	-999	-999	-999	-999	-999	-999	-999	-999	-999	-999	-999	-999	-999	-999	-999	-999	-999	-999	-999	-999	-999	-999	-999	-999	-999	-999	-999	-999	-999	-999	-999	-999	-999	-999	-999	
481	166500	-999	-999	-999	-999	2.1	-999	-999	-999	-999	-999	-999	-999	-999	-999	-999	-999	-999	-999	-999	-999	-999	-999	-999	-999	-999	-999	-999	-999	-999	-999	-999	-999	-999	-999	-999	-999	-999	-999	-999	-999	-999	-999	-999	-999	-999	-999	-999	-999	-999	-999	-999	-999	
481	166500	-999	-999	-999	-999	-999	0.0373	-999	-999	-999	-999	-999	-999	-999	-999	-999	-999	-999	-999	-999	-999	-999	-999	-999	-999	-999	-999	-999	-999	-999	-999	-999	-999	-999	-999	-999	-999	-999	-999	-999	-999	-999	-999	-999	-999	-999	-999	-999	-999	-999	-999	-999	-999	
481	166500	-999	-999	-999	-999	-999	0.04	-999	-999	-999	-999	-999	-999	-999	-999	-999	-999	-999	-999	-999	-999	-999	-999	-999	-999	-999	-999	-999	-999	-999	-999	-999	-999	-999	-999	-999	-999	-999	-999	-999	-999	-999	-999	-999	-999	-999	-999	-999	-999	-999	-999	-999	-999	
481	166500	-999	-999	-999	-999	-999	-999	0	-999	-999	-999	-999	-999	-999	-999	-999	-999	-999	-999	-999	-999	-999	-999	-999	-999	-999	-999	-999	-999	-999	-999	-999	-999	-999	-999	-999	-999	-999	-999	-999	-999	-999	-999	-999	-999	-999	-999	-999	-999	-999	-999	-999	-999	
481	166500	-999	-999	-999	-999	-999	-999	0	-999	-999	-999	-999	-999	-999	-999	-999	-999	-999	-999	-999	-999	-999	-999	-999	-999	-999	-999	-999	-999	-999	-999	-999	-999	-999	-999	-999	-999	-999	-999	-999	-999	-999	-999	-999	-999	-999	-999	-999	-999	-999	-999	-999	-999	
481	166500	-999	-999	-999	-999	-999	-999	-999	0	-999	-999	-999	-999	-999	-999	-999	-999	-999	-999	-999	-999	-999	-999	-999	-999	-999	-999	-999	-999	-999	-999	-999	-999	-999	-999	-999	-999	-999	-999	-999	-999	-999	-999	-999	-999	-999	-999	-999	-999	-999	-999	-999	-999	
481	166500	-999	-999	-999	-999	-999	-999	-999	0	-999	-999	-999	-999	-999	-999	-999	-999	-999	-999	-999	-999	-999	-999	-999	-999	-999	-999	-999	-999	-999	-999	-999	-999	-999	-999	-999	-999	-999	-999	-999	-999	-999	-999	-999	-999	-999	-999	-999	-999	-999	-999	-999	-999	
481	166500	-999	-999	-999	-999	-999	-999	-999	-999	0.5	-999	-999	-999	-999	-999	-999	-999	-999	-999	-999	-999	-999	-999	-999	-999	-999	-999	-999	-999	-999	-999	-999	-999	-999	-999	-999	-999	-999	-999	-999	-999	-999	-999	-999	-999	-999	-999	-999	-999	-999	-999	-999	-999	
481	166500	-999	-999	-999	-999	-999	-999	-999	-999	0.5	-999	-999	-999	-999	-999	-999	-999	-999	-999	-999	-999	-999	-999	-999	-999	-999	-999	-999	-999	-999	-999	-999	-999	-999	-999	-999	-999	-999	-999	-999	-999	-999	-999	-999	-999	-999	-999	-999	-999	-999	-999	-999	-999	
481	166500	-999	-999	-999	-999	-999	-999	-999	-999	-999	0.25	-999	-999	-999	-999	-999	-999	-999	-999	-999	-999	-999	-999	-999	-999	-999	-999	-999	-999	-999	-999	-999	-999	-999	-999	-999	-999	-999	-999	-999	-999	-999	-999	-999	-999	-999	-999	-999	-999	-999	-999	-999	-999	
481	166500	-999	-999	-999	-999	-999	-999	-999	-999	-999	0.25	-999	-999	-999	-999	-999	-999	-999	-999	-999	-999	-999	-999	-999	-999	-999	-999	-999	-999	-999	-999	-999	-999	-999	-999	-999	-999	-999	-999	-999	-999	-999	-999	-999	-999	-999	-999	-999	-999	-999	-999	-999	-999	
481	166500	-999	-999	-999	-999	-999	-999	-999	-999	-999	-999	0.8275	-999	-999	-999	-999	-999	-999	-999	-999	-999	-999	-999	-999	-999	-999	-999	-999	-999	-999	-999	-999	-999	-999	-999	-999	-999	-999	-999	-999	-999	-999	-999	-999	-999	-999	-999	-999	-999	-999	-999	-999	-999	
481	166500	-999	-999	-999	-999	-999	-999	-999	-999	-999	-999	0.8262	-999	-999	-999	-999	-999	-999	-999	-999	-999	-999	-999	-999	-999	-999	-999	-999	-999	-999	-999	-999	-999	-999	-999	-999	-999	-999	-999	-999	-999	-999	-999	-999	-999	-999	-999	-999	-999	-999	-999	-999	-999	
481	166500	-999	-999	-999	-999	-999	-999	-999	-999	-999	-999	-999	0.25	-999	-999	-999	-999	-999	-999	-999	-999	-999	-999	-999	-999	-999	-999	-999	-999	-999	-999	-999	-999	-999	-999	-999	-999	-999	-999	-999	-999	-999	-999	-999	-999	-999	-999	-999	-999	-999	-999	-999	-999	
481	166500	-999	-999	-999	-999	-999	-999	-999	-999	-999	-999	-999	0.25	-999	-999	-999	-999	-999	-999	-999	-999	-999	-999	-999	-999	-999	-999	-999	-999	-999	-999	-999	-999	-999	-999	-999	-999	-999	-999	-999	-999	-999	-999	-999	-999	-999	-999	-999	-999	-999	-999	-999	-999	
481	166500	-999	-999	-999	-999	-999	-999	-999	-999	-999	-999	-999	-999	0	-999	-999	-999	-999	-999	-999	-999	-999	-999	-999	-999	-999	-999	-999	-999	-999	-999	-999	-999	-999	-999	-999	-999	-999	-999	-999	-999	-999	-999	-999	-999	-999	-999	-999	-999	-999	-999	-999	-999	
481	166500	-999	-999	-999	-999	-999	-999	-999	-999	-999	-999	-999	-999	0	-999	-999	-999	-999	-999	-999	-999	-999	-999	-999	-999	-999	-999	-999	-999	-999	-999	-999	-999	-999	-999	-999	-999	-999	-999	-999	-999	-999	-999	-999	-999	-999	-999	-999	-999	-999	-999	-999	-999	
481	166500	-999	-999	-999	-999	-999	-999	-999	-999	-999	-999	-999	-999	-999	1.11	-999	-999	-999	-999	-999	-999	-999	-999	-999	-999	-999	-999	-999	-999	-999	-999	-999	-999	-999	-999	-999	-999	-999	-999	-999	-999	-999	-999	-999	-999	-999	-999	-999	-999	-999	-999	-999	-999	
481	166500	-999	-999	-999	-999	-999	-999	-999	-999	-999	-999	-999	-999	-999	1.11	-999	-999	-999	-999	-999	-999	-999	-999	-999	-999	-999	-999	-999	-999	-999	-999	-999	-999	-999	-999	-999	-999	-999	-999	-999	-999	-999	-999	-999	-999	-999	-999	-999	-999	-999	-999	-999	-999	
481	166500	-999	-999	-999	-999	-999	-999	-999	-999	-999	-999	-999	-999	-999	-999	0.12	-999	-999	-999	-999	-999	-999	-999	-999	-999	-999	-999	-999	-999	-999	-999	-999	-999	-999	-999	-999	-999	-999	-999	-999	-999	-999	-999	-999	-999	-999	-999	-999	-999	-999	-999	-999	-999	
481	166500	-999	-999	-999	-999	-999	-999	-999	-999	-999	-999	-999	-999	-999	-999	0.12	-999	-999	-999	-999	-999	-999	-999	-999	-999	-999	-999	-999	-999	-999	-999	-999	-999	-999	-999	-999	-999	-999	-999	-999	-999	-999	-999	-999	-999	-999	-999	-999	-999	-999	-999	-999	-999	
481	166500	-999	-999	-999	-999	-999	-999	-999	-999	-999	-999	-999	-999	-999	-999	-999	0.62	-999	-999	-999	-999	-999	-999	-999	-999	-999	-999	-999	-999	-999	-999	-999	-999	-999	-999	-999	-999	-999	-999	-999	-999	-999	-999	-999	-999	-999	-999	-999	-999	-999	-999	-999	-999	
481	166500	-999	-999	-999	-999	-999	-999	-999	-999	-999	-999	-999	-999	-999	-999	-999	0.62	-999	-999	-999	-999	-999	-999	-999	-999	-999	-999	-999	-999	-999	-999	-999	-999	-999	-999	-999	-999	-999	-999	-999	-999	-999	-999	-999	-999	-999	-999	-999	-999	-999	-999	-999	-999	
481	166500	-999	-999	-999	-999	-999	-999	-999	-999	-999	-999	-999	-999	-999	-999	-999	-999	0.25	-999	-999	-999	-999	-999	-999	-999	-999	-999	-999	-999	-999	-999	-999	-999	-999	-999	-999	-999	-999	-999	-999	-999	-999	-999	-999	-999	-999	-999	-999	-999	-999	-999	-999	-999	
481	166500	-999	-999	-999	-999	-999	-999	-999	-999	-999	-999	-999	-999	-999	-999	-999	-999	0.25	-999	-999	-999	-999	-999	-999	-999	-999	-999	-999	-999	-999	-999	-999	-999	-999	-999	-999	-999	-999	-999	-999	-999	-999	-999	-999	-999	-999	-999	-999	-999	-999	-999	-999	-999	
481	166500	-999	-999	-999	-999	-999	-999	-999	-999	-999	-999	-999	-999	-999	-999	-999	-999	-999	0.4612	-999	-999	-999	-999	-999	-999	-999	-999	-999	-999	-999	-999	-999	-999	-999	-999	-999	-999	-999	-999	-999	-999	-999	-999	-999	-999	-999	-999	-999	-999	-999	-999	-999	-999	
481	166500	-999	-999	-999	-999	-999	-999	-999	-999	-999	-999	-999	-999	-999	-999	-999	-999	-999	0.4615	-999	-999	-999	-999	-999	-999	-999	-999	-999	-999	-999	-999	-999	-999	-999	-999	-999	-999	-999	-999	-999	-999	-999	-999	-999	-999	-999	-999	-999	-999	-999	-999	-999	-999	
481	166500	-999	-999	-999	-999	-999	-999	-999	-999	-999	-999	-999	-999	-999	-999	-999	-999	-999	-999	0.12	-999	-999	-999	-999	-999	-999	-999	-999	-999	-999	-999	-999	-999	-999	-999	-999	-999	-999	-999	-999	-999	-999	-999	-999	-999	-999	-999	-999	-999	-999	-999	-999	-999	
481	166500	-999	-999	-999	-999	-999	-999	-999	-999	-999	-999	-999	-999	-999	-999	-999	-999	-999	-999	0.12	-999	-999	-999	-999	-999	-999	-999	-999	-999	-999	-999	-999	-999	-999	-999	-999	-999	-999	-999	-999	-999	-999	-999	-999	-999	-999	-999	-999	-999	-999	-999	-999	-999	
481	166500	-999	-999	-999	-999	-999	-999	-999	-999	-999	-999	-999	-999	-999	-999	-999	-999	-999	-999	-999	0.5	-999	-999	-999	-999	-999	-999	-999	-999	-999	-999	-999	-999	-999	-999	-999	-999	-999	-999	-999	-999	-999	-999	-999	-999	-999	-999	-999	-999	-999	-999	-999	-999	
481	166500	-999	-999	-999	-999	-999	-999	-999	-999	-999	-999	-999	-999	-999	-999	-999	-999	-999	-999	-999	0.5	-999	-999	-999	-999	-999	-999	-999	-999	-999	-999	-999	-999	-999	-999	-999	-999	-999	-999	-999	-999	-999	-999	-999	-999	-999	-999	-999	-999	-999	-999	-999	-999	
481	166500	-999	-999	-999	-999	-999	-999	-999	-999	-999	-999	-999	-999	-999	-999	-999	-999	-999	-999	-999	-999	-0.0221	-999	-999	-999	-999	-999	-999	-999	-999	-999	-999	-999	-999	-999	-999	-999	-999	-999	-999	-999	-999	-999	-999	-999	-999	-999	-999	-999	-999	-999	-999	-999	
481	166500	-999	-999	-999	-999	-999	-999	-999	-999	-999	-999	-999	-999	-999	-999	-999	-999	-999	-999	-999	-999	-0.0116	-999	-999	-999	-999	-999	-999	-999	-999	-999	-999	-999	-999	-999	-999	-999	-999	-999	-999	-999	-999	-999	-999	-999	-999	-999	-999	-999	-999	-999	-999	-999	
481	166500	-999	-999	-999	-999	-999	-999	-999	-999	-999	-999	-999	-999	-999	-999	-999	-999	-999	-999	-999	-999	-999	0.12	-999	-999	-999	-999	-999	-999	-999	-999	-999	-999	-999	-999	-999	-999	-999	-999	-999	-999	-999	-999	-999	-999	-999	-999	-999	-999	-999	-999	-999	-999	
481	166500	-999	-999	-999	-999	-999	-999	-999	-999	-999	-999	-999	-999	-999	-999	-999	-999	-999	-999	-999	-999	-999	0.12	-999	-999	-999	-999	-999	-999	-999	-999	-999	-999	-999	-999	-999	-999	-999	-999	-999	-999	-999	-999	-999	-999	-999	-999	-999	-999	-999	-999	-999	-999	
481	166500	-999	-999	-999	-999	-999	-999	-999	-999	-999	-999	-999	-999	-999	-999	-999	-999	-999	-999	-999	-999	-999	-999	0.99	-999	-999	-999	-999	-999	-999	-999	-999	-999	-999	-999	-999	-999	-999	-999	-999	-999	-999	-999	-999	-999	-999	-999	-999	-999	-999	-999	-999	-999	
481	166500	-999	-999	-999	-999	-999	-999	-999	-999	-999	-999	-999	-999	-999	-999	-999	-999	-999	-999	-999	-999	-999	-999	0.99	-999	-999	-999	-999	-999	-999	-999	-999	-999	-999	-999	-999	-999	-999	-999	-999	-999	-999	-999	-999	-999	-999	-999	-999	-999	-999	-999	-999	-999	
481	166500	-999	-999	-999	-999	-999	-999	-999	-999	-999	-999	-999	-999	-999	-999	-999	-999	-999	-999	-999	-999	-999	-999	-999	0	-999	-999	-999	-999	-999	-999	-999	-999	-999	-999	-999	-999	-999	-999	-999	-999	-999	-999	-999	-999	-999	-999	-999	-999	-999	-999	-999	-999	
481	166500	-999	-999	-999	-999	-999	-999	-999	-999	-999	-999	-999	-999	-999	-999	-999	-999	-999	-999	-999	-999	-999	-999	-999	0	-999	-999	-999	-999	-999	-999	-999	-999	-999	-999	-999	-999	-999	-999	-999	-999	-999	-999	-999	-999	-999	-999	-999	-999	-999	-999	-999	-999	
481	166500	-999	-999	-999	-999	-999	-999	-999	-999	-999	-999	-999	-999	-999	-999	-999	-999	-999	-999	-999	-999	-999	-999	-999	-999	0.37	-999	-999	-999	-999	-999	-999	-999	-999	-999	-999	-999	-999	-999	-999	-999	-999	-999	-999	-999	-999	-999	-999	-999	-999	-999	-999	-999	
481	166500	-999	-999	-999	-999	-999	-999	-999	-999	-999	-999	-999	-999	-999	-999	-999	-999	-999	-999	-999	-999	-999	-999	-999	-999	0.37	-999	-999	-999	-999	-999	-999	-999	-999	-999	-999	-999	-999	-999	-999	-999	-999	-999	-999	-999	-999	-999	-999	-999	-999	-999	-999	-999	
481	166500	-999	-999	-999	-999	-999	-999	-999	-999	-999	-999	-999	-999	-999	-999	-999	-999	-999	-999	-999	-999	-999	-999	-999	-999	-999	0	-999	-999	-999	-999	-999	-999	-999	-999	-999	-999	-999	-999	-999	-999	-999	-999	-999	-999	-999	-999	-999	-999	-999	-999	-999	-999	
481	166500	-999	-999	-999	-999	-999	-999	-999	-999	-999	-999	-999	-999	-999	-999	-999	-999	-999	-999	-999	-999	-999	-999	-999	-999	-999	0	-999	-999	-999	-999	-999	-999	-999	-999	-999	-999	-999	-999	-999	-999	-999	-999	-999	-999	-999	-999	-999	-999	-999	-999	-999	-999	
481	166500	-999	-999	-999	-999	-999	-999	-999	-999	-999	-999	-999	-999	-999	-999	-999	-999	-999	-999	-999	-999	-999	-999	-999	-999	-999	-999	2.35	-999	-999	-999	-999	-999	-999	-999	-999	-999	-999	-999	-999	-999	-999	-999	-999	-999	-999	-999	-999	-999	-999	-999	-999	-999	
481	166500	-999	-999	-999	-999	-999	-999	-999	-999	-999	-999	-999	-999	-999	-999	-999	-999	-999	-999	-999	-999	-999	-999	-999	-999	-999	-999	2.35	-999	-999	-999	-999	-999	-999	-999	-999	-999	-999	-999	-999	-999	-999	-999	-999	-999	-999	-999	-999	-999	-999	-999	-999	-999	
481	166500	-999	-999	-999	-999	-999	-999	-999	-999	-999	-999	-999	-999	-999	-999	-999	-999	-999	-999	-999	-999	-999	-999	-999	-999	-999	-999	-999	0.25	-999	-999	-999	-999	-999	-999	-999	-999	-999	-999	-999	-999	-999	-999	-999	-999	-999	-999	-999	-999	-999	-999	-999	-999	
481	166500	-999	-999	-999	-999	-999	-999	-999	-999	-999	-999	-999	-999	-999	-999	-999	-999	-999	-999	-999	-999	-999	-999	-999	-999	-999	-999	-999	0.25	-999	-999	-999	-999	-999	-999	-999	-999	-999	-999	-999	-999	-999	-999	-999	-999	-999	-999	-999	-999	-999	-999	-999	-999	
481	166500	-999	-999	-999	-999	-999	-999	-999	-999	-999	-999	-999	-999	-999	-999	-999	-999	-999	-999	-999	-999	-999	-999	-999	-999	-999	-999	-999	-999	0.62	-999	-999	-999	-999	-999	-999	-999	-999	-999	-999	-999	-999	-999	-999	-999	-999	-999	-999	-999	-999	-999	-999	-999	
481	166500	-999	-999	-999	-999	-999	-999	-999	-999	-999	-999	-999	-999	-999	-999	-999	-999	-999	-999	-999	-999	-999	-999	-999	-999	-999	-999	-999	-999	0.62	-999	-999	-999	-999	-999	-999	-999	-999	-999	-999	-999	-999	-999	-999	-999	-999	-999	-999	-999	-999	-999	-999	-999	
481	166500	-999	-999	-999	-999	-999	-999	-999	-999	-999	-999	-999	-999	-999	-999	-999	-999	-999	-999	-999	-999	-999	-999	-999	-999	-999	-999	-999	-999	-999	0.62	-999	-999	-999	-999	-999	-999	-999	-999	-999	-999	-999	-999	-999	-999	-999	-999	-999	-999	-999	-999	-999	-999	
481	166500	-999	-999	-999	-999	-999	-999	-999	-999	-999	-999	-999	-999	-999	-999	-999	-999	-999	-999	-999	-999	-999	-999	-999	-999	-999	-999	-999	-999	-999	0.62	-999	-999	-999	-999	-999	-999	-999	-999	-999	-999	-999	-999	-999	-999	-999	-999	-999	-999	-999	-999	-999	-999	
481	166500	-999	-999	-999	-999	-999	-999	-999	-999	-999	-999	-999	-999	-999	-999	-999	-999	-999	-999	-999	-999	-999	-999	-999	-999	-999	-999	-999	-999	-999	-999	1.48	-999	-999	-999	-999	-999	-999	-999	-999	-999	-999	-999	-999	-999	-999	-999	-999	-999	-999	-999	-999	-999	
481	166500	-999	-999	-999	-999	-999	-999	-999	-999	-999	-999	-999	-999	-999	-999	-999	-999	-999	-999	-999	-999	-999	-999	-999	-999	-999	-999	-999	-999	-999	-999	1.48	-999	-999	-999	-999	-999	-999	-999	-999	-999	-999	-999	-999	-999	-999	-999	-999	-999	-999	-999	-999	-999	
481	166500	-999	-999	-999	-999	-999	-999	-999	-999	-999	-999	-999	-999	-999	-999	-999	-999	-999	-999	-999	-999	-999	-999	-999	-999	-999	-999	-999	-999	-999	-999	-999	0.12	-999	-999	-999	-999	-999	-999	-999	-999	-999	-999	-999	-999	-999	-999	-999	-999	-999	-999	-999	-999	
481	166500	-999	-999	-999	-999	-999	-999	-999	-999	-999	-999	-999	-999	-999	-999	-999	-999	-999	-999	-999	-999	-999	-999	-999	-999	-999	-999	-999	-999	-999	-999	-999	0.12	-999	-999	-999	-999	-999	-999	-999	-999	-999	-999	-999	-999	-999	-999	-999	-999	-999	-999	-999	-999	
481	166500	-999	-999	-999	-999	-999	-999	-999	-999	-999	-999	-999	-999	-999	-999	-999	-999	-999	-999	-999	-999	-999	-999	-999	-999	-999	-999	-999	-999	-999	-999	-999	-999	2.85	-999	-999	-999	-999	-999	-999	-999	-999	-999	-999	-999	-999	-999	-999	-999	-999	-999	-999	-999	
481	166500	-999	-999	-999	-999	-999	-999	-999	-999	-999	-999	-999	-999	-999	-999	-999	-999	-999	-999	-999	-999	-999	-999	-999	-999	-999	-999	-999	-999	-999	-999	-999	-999	2.85	-999	-999	-999	-999	-999	-999	-999	-999	-999	-999	-999	-999	-999	-999	-999	-999	-999	-999	-999	
481	166500	-999	-999	-999	-999	-999	-999	-999	-999	-999	-999	-999	-999	-999	-999	-999	-999	-999	-999	-999	-999	-999	-999	-999	-999	-999	-999	-999	-999	-999	-999	-999	-999	-999	0.37	-999	-999	-999	-999	-999	-999	-999	-999	-999	-999	-999	-999	-999	-999	-999	-999	-999	-999	
481	166500	-999	-999	-999	-999	-999	-999	-999	-999	-999	-999	-999	-999	-999	-999	-999	-999	-999	-999	-999	-999	-999	-999	-999	-999	-999	-999	-999	-999	-999	-999	-999	-999	-999	0.37	-999	-999	-999	-999	-999	-999	-999	-999	-999	-999	-999	-999	-999	-999	-999	-999	-999	-999	
481	166500	-999	-999	-999	-999	-999	-999	-999	-999	-999	-999	-999	-999	-999	-999	-999	-999	-999	-999	-999	-999	-999	-999	-999	-999	-999	-999	-999	-999	-999	-999	-999	-999	-999	-999	0	-999	-999	-999	-999	-999	-999	-999	-999	-999	-999	-999	-999	-999	-999	-999	-999	-999	
481	166500	-999	-999	-999	-999	-999	-999	-999	-999	-999	-999	-999	-999	-999	-999	-999	-999	-999	-999	-999	-999	-999	-999	-999	-999	-999	-999	-999	-999	-999	-999	-999	-999	-999	-999	0	-999	-999	-999	-999	-999	-999	-999	-999	-999	-999	-999	-999	-999	-999	-999	-999	-999	
481	166500	-999	-999	-999	-999	-999	-999	-999	-999	-999	-999	-999	-999	-999	-999	-999	-999	-999	-999	-999	-999	-999	-999	-999	-999	-999	-999	-999	-999	-999	-999	-999	-999	-999	-999	-999	0.25	-999	-999	-999	-999	-999	-999	-999	-999	-999	-999	-999	-999	-999	-999	-999	-999	
481	166500	-999	-999	-999	-999	-999	-999	-999	-999	-999	-999	-999	-999	-999	-999	-999	-999	-999	-999	-999	-999	-999	-999	-999	-999	-999	-999	-999	-999	-999	-999	-999	-999	-999	-999	-999	0.25	-999	-999	-999	-999	-999	-999	-999	-999	-999	-999	-999	-999	-999	-999	-999	-999	
481	166500	-999	-999	-999	-999	-999	-999	-999	-999	-999	-999	-999	-999	-999	-999	-999	-999	-999	-999	-999	-999	-999	-999	-999	-999	-999	-999	-999	-999	-999	-999	-999	-999	-999	-999	-999	-999	0.5	-999	-999	-999	-999	-999	-999	-999	-999	-999	-999	-999	-999	-999	-999	-999	
481	166500	-999	-999	-999	-999	-999	-999	-999	-999	-999	-999	-999	-999	-999	-999	-999	-999	-999	-999	-999	-999	-999	-999	-999	-999	-999	-999	-999	-999	-999	-999	-999	-999	-999	-999	-999	-999	0.5	-999	-999	-999	-999	-999	-999	-999	-999	-999	-999	-999	-999	-999	-999	-999	
481	166500	-999	-999	-999	-999	-999	-999	-999	-999	-999	-999	-999	-999	-999	-999	-999	-999	-999	-999	-999	-999	-999	-999	-999	-999	-999	-999	-999	-999	-999	-999	-999	-999	-999	-999	-999	-999	-999	807	-999	-999	-999	-999	-999	-999	-999	-999	-999	-999	-999	-999	-999	-999	
481	166500	-999	-999	-999	-999	-999	-999	-999	-999	-999	-999	-999	-999	-999	-999	-999	-999	-999	-999	-999	-999	-999	-999	-999	-999	-999	-999	-999	-999	-999	-999	-999	-999	-999	-999	-999	-999	-999	807	-999	-999	-999	-999	-999	-999	-999	-999	-999	-999	-999	-999	-999	-999	
481	166500	-999	-999	-999	-999	-999	-999	-999	-999	-999	-999	-999	-999	-999	-999	-999	-999	-999	-999	-999	-999	-999	-999	-999	-999	-999	-999	-999	-999	-999	-999	-999	-999	-999	-999	-999	-999	-999	-999	1.48	-999	-999	-999	-999	-999	-999	-999	-999	-999	-999	-999	-999	-999	
481	166500	-999	-999	-999	-999	-999	-999	-999	-999	-999	-999	-999	-999	-999	-999	-999	-999	-999	-999	-999	-999	-999	-999	-999	-999	-999	-999	-999	-999	-999	-999	-999	-999	-999	-999	-999	-999	-999	-999	1.48	-999	-999	-999	-999	-999	-999	-999	-999	-999	-999	-999	-999	-999	
481	166500	-999	-999	-999	-999	-999	-999	-999	-999	-999	-999	-999	-999	-999	-999	-999	-999	-999	-999	-999	-999	-999	-999	-999	-999	-999	-999	-999	-999	-999	-999	-999	-999	-999	-999	-999	-999	-999	-999	-999	0	-999	-999	-999	-999	-999	-999	-999	-999	-999	-999	-999	-999	
481	166500	-999	-999	-999	-999	-999	-999	-999	-999	-999	-999	-999	-999	-999	-999	-999	-999	-999	-999	-999	-999	-999	-999	-999	-999	-999	-999	-999	-999	-999	-999	-999	-999	-999	-999	-999	-999	-999	-999	-999	0	-999	-999	-999	-999	-999	-999	-999	-999	-999	-999	-999	-999	
481	166500	-999	-999	-999	-999	-999	-999	-999	-999	-999	-999	-999	-999	-999	-999	-999	-999	-999	-999	-999	-999	-999	-999	-999	-999	-999	-999	-999	-999	-999	-999	-999	-999	-999	-999	-999	-999	-999	-999	-999	-999	0.12	-999	-999	-999	-999	-999	-999	-999	-999	-999	-999	-999	
481	166500	-999	-999	-999	-999	-999	-999	-999	-999	-999	-999	-999	-999	-999	-999	-999	-999	-999	-999	-999	-999	-999	-999	-999	-999	-999	-999	-999	-999	-999	-999	-999	-999	-999	-999	-999	-999	-999	-999	-999	-999	0.12	-999	-999	-999	-999	-999	-999	-999	-999	-999	-999	-999	
481	166500	-999	-999	-999	-999	-999	-999	-999	-999	-999	-999	-999	-999	-999	-999	-999	-999	-999	-999	-999	-999	-999	-999	-999	-999	-999	-999	-999	-999	-999	-999	-999	-999	-999	-999	-999	-999	-999	-999	-999	-999	-999	0.12	-999	-999	-999	-999	-999	-999	-999	-999	-999	-999	
481	166500	-999	-999	-999	-999	-999	-999	-999	-999	-999	-999	-999	-999	-999	-999	-999	-999	-999	-999	-999	-999	-999	-999	-999	-999	-999	-999	-999	-999	-999	-999	-999	-999	-999	-999	-999	-999	-999	-999	-999	-999	-999	0.12	-999	-999	-999	-999	-999	-999	-999	-999	-999	-999	
481	166500	-999	-999	-999	-999	-999	-999	-999	-999	-999	-999	-999	-999	-999	-999	-999	-999	-999	-999	-999	-999	-999	-999	-999	-999	-999	-999	-999	-999	-999	-999	-999	-999	-999	-999	-999	-999	-999	-999	-999	-999	-999	-999	1.23	-999	-999	-999	-999	-999	-999	-999	-999	-999	
481	166500	-999	-999	-999	-999	-999	-999	-999	-999	-999	-999	-999	-999	-999	-999	-999	-999	-999	-999	-999	-999	-999	-999	-999	-999	-999	-999	-999	-999	-999	-999	-999	-999	-999	-999	-999	-999	-999	-999	-999	-999	-999	-999	1.23	-999	-999	-999	-999	-999	-999	-999	-999	-999	
481	166500	-999	-999	-999	-999	-999	-999	-999	-999	-999	-999	-999	-999	-999	-999	-999	-999	-999	-999	-999	-999	-999	-999	-999	-999	-999	-999	-999	-999	-999	-999	-999	-999	-999	-999	-999	-999	-999	-999	-999	-999	-999	-999	-999	4.25	-999	-999	-999	-999	-999	-999	-999	-999	
481	166500	-999	-999	-999	-999	-999	-999	-999	-999	-999	-999	-999	-999	-999	-999	-999	-999	-999	-999	-999	-999	-999	-999	-999	-999	-999	-999	-999	-999	-999	-999	-999	-999	-999	-999	-999	-999	-999	-999	-999	-999	-999	-999	-999	4.31	-999	-999	-999	-999	-999	-999	-999	-999	
481	166500	-999	-999	-999	-999	-999	-999	-999	-999	-999	-999	-999	-999	-999	-999	-999	-999	-999	-999	-999	-999	-999	-999	-999	-999	-999	-999	-999	-999	-999	-999	-999	-999	-999	-999	-999	-999	-999	-999	-999	-999	-999	-999	-999	-999	1.85	-999	-999	-999	-999	-999	-999	-999	
481	166500	-999	-999	-999	-999	-999	-999	-999	-999	-999	-999	-999	-999	-999	-999	-999	-999	-999	-999	-999	-999	-999	-999	-999	-999	-999	-999	-999	-999	-999	-999	-999	-999	-999	-999	-999	-999	-999	-999	-999	-999	-999	-999	-999	-999	1.85	-999	-999	-999	-999	-999	-999	-999	
481	166500	-999	-999	-999	-999	-999	-999	-999	-999	-999	-999	-999	-999	-999	-999	-999	-999	-999	-999	-999	-999	-999	-999	-999	-999	-999	-999	-999	-999	-999	-999	-999	-999	-999	-999	-999	-999	-999	-999	-999	-999	-999	-999	-999	-999	-999	22.78	-999	-999	-999	-999	-999	-999	
481	166500	-999	-999	-999	-999	-999	-999	-999	-999	-999	-999	-999	-999	-999	-999	-999	-999	-999	-999	-999	-999	-999	-999	-999	-999	-999	-999	-999	-999	-999	-999	-999	-999	-999	-999	-999	-999	-999	-999	-999	-999	-999	-999	-999	-999	-999	22.67	-999	-999	-999	-999	-999	-999	
481	166500	-999	-999	-999	-999	-999	-999	-999	-999	-999	-999	-999	-999	-999	-999	-999	-999	-999	-999	-999	-999	-999	-999	-999	-999	-999	-999	-999	-999	-999	-999	-999	-999	-999	-999	-999	-999	-999	-999	-999	-999	-999	-999	-999	-999	-999	-999	11.5	-999	-999	-999	-999	-999	
481	166500	-999	-999	-999	-999	-999	-999	-999	-999	-999	-999	-999	-999	-999	-999	-999	-999	-999	-999	-999	-999	-999	-999	-999	-999	-999	-999	-999	-999	-999	-999	-999	-999	-999	-999	-999	-999	-999	-999	-999	-999	-999	-999	-999	-999	-999	-999	11.5	-999	-999	-999	-999	-999	
481	166500	-999	-999	-999	-999	-999	-999	-999	-999	-999	-999	-999	-999	-999	-999	-999	-999	-999	-999	-999	-999	-999	-999	-999	-999	-999	-999	-999	-999	-999	-999	-999	-999	-999	-999	-999	-999	-999	-999	-999	-999	-999	-999	-999	-999	-999	-999	-999	0.74	-999	-999	-999	-999	
481	166500	-999	-999	-999	-999	-999	-999	-999	-999	-999	-999	-999	-999	-999	-999	-999	-999	-999	-999	-999	-999	-999	-999	-999	-999	-999	-999	-999	-999	-999	-999	-999	-999	-999	-999	-999	-999	-999	-999	-999	-999	-999	-999	-999	-999	-999	-999	-999	0.74	-999	-999	-999	-999	
481	166500	-999	-999	-999	-999	-999	-999	-999	-999	-999	-999	-999	-999	-999	-999	-999	-999	-999	-999	-999	-999	-999	-999	-999	-999	-999	-999	-999	-999	-999	-999	-999	-999	-999	-999	-999	-999	-999	-999	-999	-999	-999	-999	-999	-999	-999	-999	-999	-999	0	-999	-999	-999	
481	166500	-999	-999	-999	-999	-999	-999	-999	-999	-999	-999	-999	-999	-999	-999	-999	-999	-999	-999	-999	-999	-999	-999	-999	-999	-999	-999	-999	-999	-999	-999	-999	-999	-999	-999	-999	-999	-999	-999	-999	-999	-999	-999	-999	-999	-999	-999	-999	-999	0	-999	-999	-999	
481	166500	-999	-999	-999	-999	-999	-999	-999	-999	-999	-999	-999	-999	-999	-999	-999	-999	-999	-999	-999	-999	-999	-999	-999	-999	-999	-999	-999	-999	-999	-999	-999	-999	-999	-999	-999	-999	-999	-999	-999	-999	-999	-999	-999	-999	-999	-999	-999	-999	-999	0.3345	-999	-999	
481	166500	-999	-999	-999	-999	-999	-999	-999	-999	-999	-999	-999	-999	-999	-999	-999	-999	-999	-999	-999	-999	-999	-999	-999	-999	-999	-999	-999	-999	-999	-999	-999	-999	-999	-999	-999	-999	-999	-999	-999	-999	-999	-999	-999	-999	-999	-999	-999	-999	-999	0.3276	-999	-999	
481	166500	-999	-999	-999	-999	-999	-999	-999	-999	-999	-999	-999	-999	-999	-999	-999	-999	-999	-999	-999	-999	-999	-999	-999	-999	-999	-999	-999	-999	-999	-999	-999	-999	-999	-999	-999	-999	-999	-999	-999	-999	-999	-999	-999	-999	-999	-999	-999	-999	-999	-999	0.6688	-999	
481	166500	-999	-999	-999	-999	-999	-999	-999	-999	-999	-999	-999	-999	-999	-999	-999	-999	-999	-999	-999	-999	-999	-999	-999	-999	-999	-999	-999	-999	-999	-999	-999	-999	-999	-999	-999	-999	-999	-999	-999	-999	-999	-999	-999	-999	-999	-999	-999	-999	-999	-999	0.6695	-999	
481	166500	-999	-999	-999	-999	-999	-999	-999	-999	-999	-999	-999	-999	-999	-999	-999	-999	-999	-999	-999	-999	-999	-999	-999	-999	-999	-999	-999	-999	-999	-999	-999	-999	-999	-999	-999	-999	-999	-999	-999	-999	-999	-999	-999	-999	-999	-999	-999	-999	-999	-999	-999	-0.1439	
481	166500	-999	-999	-999	-999	-999	-999	-999	-999	-999	-999	-999	-999	-999	-999	-999	-999	-999	-999	-999	-999	-999	-999	-999	-999	-999	-999	-999	-999	-999	-999	-999	-999	-999	-999	-999	-999	-999	-999	-999	-999	-999	-999	-999	-999	-999	-999	-999	-999	-999	-999	-999	-0.1182	
491	171500	0	1.31	0.1493	0.96	3.47	0.0669	0.36	0	0	0	0.7514	0.36	0	1.07	0.12	0.72	0	0.4528	0.12	0.36	-0.0904	0	0.96	1.55	0	0.12	1.67	0.36	0.48	0.6	1.43	0.12	3.83	0.36	0	1.43	0.6	834	2.99	0	0	0	0.96	3.67	1.67	23.44	8.39	0.24	0	0.2717	0.6587	-0.0612	
501	176500	0	0.73	0.1937	1.83	3.54	0.0965	0.61	0	0	0.12	0.8068	0.85	0.12	1.83	0	0.73	0	0.4744	0.37	0.37	-0.0693	0.24	0.85	2.8	0.24	0.24	1.58	0	0.85	0.37	2.07	0.12	2.8	0.12	0	0.37	0.24	819	2.19	0	0.24	0.24	1.58	4.02	1.34	24.23	11.2	0.73	0	0.264	0.6774	-0.0396	
511	181500	0	0.59	0.2104	1.9	2.25	0.1192	0.36	0	0.12	0	0.8062	0.36	0	1.07	0.12	0.95	0.24	0.5513	0	0.24	-0.0356	0.12	0.83	1.18	0.12	0.48	3.09	0.24	0.59	0.59	3.21	1.3	4.87	0	0	1.07	0.12	841	1.3	0.12	0.24	0	1.3	5.01	2.25	22.55	7.72	0.71	0	0.3623	0.5577	-0.0151	
521	186500	0	0.61	0.2184	1.1	2.81	0.2356	0.12	0	0.12	0	0.7951	0.12	0	0.86	0	0.73	0.12	0.5283	0.12	0.49	0.035	0.37	0.61	0.37	0.12	0.61	2.44	0.49	0.12	0.24	0	0	3.54	0.49	0	1.34	1.1	817	1.22	0	0.24	0.12	1.46	5.99	1.34	23.77	7.09	0.61	0	0.2771	0.5785	-0.006	
531	191500	0	0.25	0.2031	2.45	2.45	0.1059	0.37	0	0.25	0	0.8348	0.25	0	0.86	0	0.61	0.49	0.482	0.12	0.25	-0.0821	0.12	0.86	0.98	0.25	0	1.96	0.61	0.37	0.12	2.08	0.12	2.32	0	0	0.49	0.49	816	3.43	0	0.49	0.12	0.86	4.32	0.74	24.14	10	0.74	0	0.2884	0.6772	0.0373	
541	196500	0	1.39	0.1942	2.2	4.06	0.0818	0.46	0	0.35	0	0.7558	0.58	0	0.23	0.12	0.35	0.12	0.4707	0.35	0.46	-0.1589	0.23	0.81	2.78	0.46	0.58	1.39	0.81	0.46	0.35	2.43	0	1.27	0.12	0	1.85	0.81	861	2.43	0.12	0.81	0	0.46	3.93	0.58	22.03	8.36	0.93	0	0.3351	0.5936	-0.005	
551	201500	0	0.25	0.1863	2.11	1.49	0.0965	0.12	0	0.25	0.25	0.8459	1.24	0	1.12	0.12	0.62	0	0.5743	0.12	0.25	-0.0692	0.62	0	0	0.25	0.25	1	1	0	0.25	3.36	0.25	3.61	0.37	0	1	1	802	0.87	0	0.62	0.12	0.5	5.05	0.25	24.89	12.4	1.37	0	0.2681	0.6156	-0.1283	
561	206500	0	0.5	0.1884	1.12	3.49	0.0784	0.75	0	0.62	0.12	0.8252	0.75	0	0.75	0.12	0.87	0.25	0.508	0.25	0.12	-0.1539	0.25	1.12	1.24	0.75	0.12	0.87	1.37	0.37	0.5	1.99	0.12	3.49	0.37	0	0.62	1	801	1.74	0	1	0.25	1	4.16	0.87	23.2	8.86	1	0	0.3412	0.6175	-0.0635	
571	211500	0	0.24	0.202	1.9	3.21	0.1521	0.6	0	0.24	0.36	0.8418	1.19	0	1.54	0.12	0.83	0.36	0.5704	0	0	-0.0814	0.12	0.6	0.83	0.24	0.12	1.42	0.36	0.36	0.48	3.8	0.24	3.09	0	0	0.6	0.95	840	1.54	0	0.71	0	0.83	5.39	1.66	23.99	8.8	0.6	0	0.326	0.5827	-0.0021	
581	216500	0	0.37	0.1619	1.73	3.09	0.1102	0.74	0	0.12	0.12	0.806	0.49	0	0.99	0.25	0.62	0	0.464	0	0.25	-0.1834	0.62	0.49	1.35	0.25	0	0.87	0.25	0.74	0.37	3.46	0	2.47	0.49	0	1.23	0.87	809	2.96	0	0.12	0.25	0.62	3.86	1.48	24.12	6.05	0.62	0	0.2903	0.6576	-0.0455	
591	221500	0	0.73	0.1974	1.81	2.54	0.0846	0.24	0	0	0.24	0.8057	1.45	0	0.61	0.24	1.08	0	0.5182	0	0.12	-0.1196	0.24	0.97	1.08	0	0	1.81	0.36	0.48	0.12	4.35	0.24	1.33	0.24	0	0.85	0.73	826	1.81	0.12	0.24	0.12	0.36	4.16	1.33	23.58	6.41	1.08	0	0.3016	0.6199	-0.0372	
601	226500	0	0.48	0.179	1.33	1.81	0.1154	0.24	0	0.12	0	0.8717	0.73	0	0.6	0.36	0.6	0.12	0.5147	0	0.36	-0.0758	0.48	0.24	0.73	0.24	0.24	1.81	0.97	0.24	0.48	2.41	0.12	1.45	0.24	0	0.97	0.6	827	1.93	0	0	0.24	0.48	5.04	0.73	23.87	6.89	0.6	0	0.3552	0.6553	0.01	
611	231500	0	1.07	0.2023	3.34	4.18	0.101	0.96	0	0.24	0	0.8366	0.96	0	1.55	0.72	0.96	0.24	0.4721	0.12	0.24	-0.1424	1.07	0.6	1.91	0.48	0.24	2.03	2.38	0.72	0.6	7.76	0.12	3.34	0.36	0	2.15	0.12	837	5.25	0	0.84	0.24	2.03	4.5	1.67	22.93	15.7	1.19	0	0.3605	0.6421	-0.0036	
621	236500	0	1	0.1773	2.61	4.23	0.1138	0.12	0	0.25	0	0.7478	0.5	0.25	1.12	0.25	1.24	0.5	0.4513	0	0	-0.1895	0.37	0.25	1.36	0	0.12	0.62	0.62	0.5	0.25	4.85	0	2.24	0.25	0	1.49	0.25	803	4.1	0	0.5	0.12	0.37	3.12	1	24.22	5.85	1.49	0.12	0.2183	0.644	-0.0382	
641	246500	0	0.25	0.1586	2	3.12	0.0691	0.38	0	0.25	0.13	0.8035	1.12	0	1.37	0.5	1.37	0.25	0.425	0	0.75	-0.1058	0	0.38	1.12	0.5	0	1.5	0.25	0.75	0	3.62	0.13	1.25	0.13	0.13	1.62	0.25	800	2.87	0	0	0.25	0.88	3.82	3	23.61	10.8	0.5	0	0.3039	0.6968	-0.0626	
661	256500	0	0.63	0.2003	2.5	4.5	0.1084	1.25	0	0.13	0	0.7634	0.13	0	1	0	1.12	0	0.5186	0	0.13	-0.143	0.25	0.13	0.88	0	0.38	1.37	0.63	0.88	0	5.37	0	3.87	0.38	0	1.25	0.63	800	3	0	0.25	0.13	2.37	4.11	1.62	23.35	8.5	1.5	0	0.2775	0.5859	-0.0437	
671	261500	0	0.75	0.1503	2	5.12	0.1322	0.75	0	0.13	0.63	0.7521	0.5	0	0.63	0	1.25	0.13	0.4904	0	0.75	-0.1617	0.5	1	0.25	0.13	0	0.63	0.5	0.25	0	1.5	0	3.75	0.13	0	0.63	0.38	800	1.75	0	0	0.38	0.75	3.39	1.62	24.97	7.25	1	0	0.1954	0.6244	-0.1314	
681	266500	0	0.88	0.1224	1.37	3.5	0.0742	0.25	0	0.13	0	0.8012	0.5	0	0.75	0	2.37	0.13	0.4519	0	0.38	-0.1151	0	0.25	1.62	0.13	0	0.75	0.5	0.63	0	2.25	0.13	1.87	0.38	0	1	0.38	800	3.25	0	0.13	0.25	0.5	2.97	0.63	25.77	11.8	0.38	0	0.177	0.725	-0.079	
691	271500	0	0.5	0.1407	2.12	2.62	0.1013	0.13	0	0.13	0.25	0.8289	0.25	0	2.37	0.25	1.12	0	0.3432	0	0.38	-0.1167	0.88	0.5	1.62	0.25	0.25	1.25	0.13	0.25	0	2.62	0	1.25	0.38	0	1.25	0.38	800	5.62	0.13	0	0.13	0.75	3.48	1	25.22	8.12	0.38	0.25	0.2369	0.7819	0.0011	
701	276500	0	0.88	0.1279	2.37	2.62	0.0734	0.38	0	0.88	0	0.8115	0.25	0	2.87	0.5	2.37	0	0.3844	0	0.5	-0.0146	0.13	0.75	0.75	0	0.5	1.87	0.13	0.75	0	2.25	0	1.75	0.13	0	0.5	0.25	800	3.25	0	0	0.75	1.12	3.83	0.38	23.87	9.12	0.5	0	0.2801	0.7454	-0.0873	
711	281500	0	0.63	0.1711	1.87	3.25	0.0793	0.13	0	0.13	0	0.8295	0.5	0	2	0.13	1.87	0	0.502	0.13	0.63	-0.0764	0.13	0.63	0.75	0.13	0.25	1.75	0.63	0.5	0	2.87	0	3.5	0	0	0.75	0.75	800	2.62	0	0.13	0.13	0.63	3.84	0.63	25.35	9.5	1.75	0	0.218	0.6937	-0.0859	
721	286500	0	0.24	0.1667	1.21	1.93	0.126	0.24	0	0.48	0	0.8294	0.24	0	2.42	0.97	1.69	0.24	0.4154	0	0.73	0.0684	0.24	0.24	1.93	0	0	1.69	0.24	1.45	0.48	1.45	0	2.42	0	0	0.97	1.21	413	2.66	0	0.24	0.24	0.73	4.45	1.45	23.67	9.68	0.48	0.24	0.2859	0.7226	-0.0676	
731	291500	0	0.25	0.1668	0.75	1.12	0.1148	0.63	0	0.38	0	0.8245	0.5	0	1	0.5	1	0	0.5123	0	0.13	-0.0787	0.13	0.38	1.25	0.13	0	0.88	0.13	0.13	0	2.25	0	4.5	0	0	1	0.38	800	2.12	0.13	0.13	0.13	0.63	4.59	1	24.58	7.12	1	0	0.2827	0.6583	-0.0406	
741	296500	0	0	0.1732	0.63	3.12	0.1336	0.13	0	0	0.13	0.7848	0.75	0	2	0.13	0.63	0.25	0.4408	0	0.5	-0.1243	0.13	0.88	0.75	0.13	0.75	1.62	0.63	0.5	0	1.87	0	3.25	0.25	0	3.87	0.75	800	3.62	0	0.13	0.25	0.63	3.72	1.5	24.75	7.87	1.87	0	0.2369	0.6859	-0.0245	
751	301500	0	0.63	0.1506	2	4.37	0.1057	0.5	0	0	0.13	0.7925	0.13	0	1.87	0.63	0.25	0.25	0.4664	0.13	0.38	-0.1766	0.25	0.75	1	0.38	0.5	1.5	0.38	0.38	0.38	4.12	0.13	3.5	0.5	0	2.75	0.88	800	2.87	0.13	0	0.63	0.38	4.02	2.25	23.53	6.75	0.75	0.13	0.3148	0.639	-0.0496	
761	306500	0	0.13	0.1346	1.12	5.25	0.1238	0.75	0	0.63	0	0.7643	0.63	0	1.37	0.13	1.12	0	0.481	0	0.13	-0.1313	0.13	0.75	0.88	0.25	0.13	2.12	0.63	0.5	0.13	3.25	0	3.37	0.13	0	3.25	0.63	800	3.25	0	0	0	0.88	4.73	2	22.43	6.5	0.25	0.13	0.3537	0.5971	0.0251	
771	311500	0	0.38	0.1724	2	4.75	0.2004	0.38	0	0	0.5	0.7933	0.38	0	1.12	0.38	1.37	0.25	0.5344	0	0.25	-0.1453	0.38	0.75	0.88	0.25	0	1.37	0.63	0.13	0.25	3.12	0	3.87	0.13	0	2.5	0.88	800	1.62	0	0.13	0.25	1	5.63	2	23.89	6.25	0.63	0	0.302	0.5693	-0.0381	
801	326500	0	1.37	0.1862	1.62	1.87	0.1333	0.25	0	0.5	0	0.7597	0.63	0.13	0.63	0.38	1.5	0.13	0.3793	0.25	0.25	-0.1621	0.25	1.25	2	0.38	0.13	2.25	0.38	0.25	0.25	1.75	0	4	0.25	0	4	0.75	800	4.62	0.13	0.13	0.75	1.37	4.02	1.87	22.45	7.12	1.12	0	0.3371	0.6507	-0.0086	
811	331500	0	0.25	0.1668	2.25	2.87	0.1344	0.63	0	0.13	0.13	0.8079	0.88	0.13	2.5	0.13	0.75	0.25	0.5062	0.25	0.13	-0.1337	0.63	0.63	1.25	0.25	0.38	1.87	0.88	0	0.25	3	0	4.37	0.38	0	3.25	0.63	800	1.75	0	0	0.13	1.25	4.7	1.62	23.91	7.87	1	0	0.3111	0.6247	-0.029	
821	336500	0	0.13	0.1079	1.25	3.25	0.1132	0.13	0	0.63	0	0.8469	0.88	0	2.12	0.13	2	0.38	0.5465	0	0.88	-0.1	0.13	1.25	1.37	0.13	0.38	1.87	1.12	0.13	0.13	4.12	0	4.62	0.13	0	2.5	0.5	800	1.87	0	0	0.25	0.25	4.86	1	25.46	11.5	0.63	0	0.2745	0.6604	-0.0476	
831	341500	0	0.38	0.1686	2.62	2.75	0.1572	0.75	0	0.38	0.13	0.821	0.5	0.13	1.87	0.5	1.37	0.13	0.4295	0	0.25	-0.123	0.38	0.88	1.25	0.25	0.63	2.37	0.38	0.13	0.88	2.62	0	2.37	0.38	0	4.75	0.63	800	3.62	0	0	0.38	1.37	5.2	2.12	22.74	10.1	0.5	0	0.3805	0.6507	0.0123	
841	346500	0	0.63	0.1778	2.87	5.25	0.0783	0.63	0	0.13	0	0.7692	1	0	1.12	0.38	1.75	0	0.4582	0	0.38	-0.095	0.25	1	1	0.13	0.63	2.62	0.88	0.5	0.25	2.37	0	3.12	0.13	0	2.87	0.5	800	3.12	0	0.13	0.13	1.25	3.95	1.12	22.99	11.2	1.25	0	0.3081	0.6436	-0.0576	
851	351500	0	0.88	0.1433	3.87	5.5	0.1474	0.25	0	0	0	0.7416	1	0	1.12	0.38	2.37	0.25	0.5047	0	0.13	-0.1288	0.63	0.88	0.88	0.25	1	1.25	0.5	0.25	0.25	2.5	0.13	3.87	0.38	0	1.75	0.13	800	2	0.38	0	0	0.88	4.45	1.12	23.88	6.62	0.38	0	0.2613	0.5986	-0.0374	
861	356500	0	2.12	0.1054	2.37	4.5	0.1006	0.63	0	0.75	0	0.6915	1	0.38	0.88	0.13	2.75	0	0.4631	0	0.13	-0.2182	0.25	0.75	0.25	0.25	0.38	0.88	0.75	0.13	0.13	3.37	0	4.62	0.38	0	2.62	1.5	800	2.62	0	0	0	1	3.37	1.12	22.24	4.75	0.38	0	0.2937	0.5597	-0.0931	
871	361500	0	0.75	0.1435	1.25	2.5	0.1232	1.12	0	0.25	0.13	0.7719	1.25	0	1.12	0	1.5	0	0.4936	0	0.13	-0.1721	0.5	0.25	1	0.38	0.25	1.25	1	0.13	0.13	2.62	0	4.25	0.75	0	2.75	1.12	800	2	0.5	0.25	0.25	0.25	4.07	1.12	24.06	5.75	1	0	0.2722	0.6222	-0.0406	
881	366500	0	1	0.186	2.37	2.5	0.1334	0.38	0	0.38	0.13	0.8001	1.12	0	0.38	0.5	0.63	0	0.545	0	0.38	-0.1229	0.25	0.63	0.5	0.38	0	1.87	0.5	0	0.13	1.62	0	4.87	0.88	0	2.12	0.75	800	1.5	0	0	0	0.38	5.11	1.37	23.58	7.37	2	0	0.3101	0.5671	-0.1339	
891	371500	0	1	0.1523	2.5	2.25	0.1241	1	0	0.13	0	0.7706	1.37	0	0.75	0.25	1	0.13	0.4658	0	0.13	-0.2176	0.38	1.12	0.75	0.38	0.25	1.25	0.38	0	0.5	2.87	0	3.75	0.75	0.5	3.62	1.12	800	2	0.13	0	0	1.12	4.11	0.88	22.54	5.62	1	0	0.3417	0.591	-0.0407	
901	376500	0	2	0.1221	3	2	0.0736	0.38	0	0.13	0	0.7736	0.88	0.38	1.25	0.5	1.12	0	0.4399	0	0.5	-0.2482	0.13	0.63	0.63	0.88	0.13	0.75	0.13	0.13	0.38	4	0	3.87	0.63	0.25	3.87	0.5	800	2.37	0	0.13	0	0.13	2.41	1.25	23.7	6.25	0.88	0.13	0.2777	0.6344	-0.136	
911	381500	0	2	0.1143	1.87	2.87	0.0207	0.13	0	0	0	0.75	1	0.13	0.88	0.38	2.87	0.38	0.3436	0	0.88	-0.1986	0.88	0.63	0.88	0.25	0.5	1.37	0.13	0.25	0	5.75	0	3.12	0.25	0.25	1.5	0.63	800	3.87	0	0	0.75	0.63	1.8	0.25	23.9	6.5	0.63	0	0.2254	0.7186	-0.1086	
921	386500	0	1.12	0.1718	1.12	1.5	0.0452	0.5	0	0	0	0.8207	0.5	0.25	1.5	0.75	0.63	0.25	0.309	0	0.25	-0.008	0.13	1.5	0.75	0	0.38	2.37	0.25	1	0.13	1.5	0.13	0.5	0.13	0.25	2.12	0.13	800	2.75	0.25	0.13	0.38	1.37	4.27	0.5	22.54	10	0.75	0	0.3373	0.7611	-0.0206	
931	391500	0	0.13	0.1462	2.25	3.37	0.0593	0.5	0	0.13	0	0.7743	1	0	1.62	0	1.25	0.13	0.4621	0	0.5	-0.146	0.13	0.88	0.13	0.13	0.25	1.5	1	0.5	0	3.12	0	3.12	0.13	0.13	2	1.12	800	2.87	0.25	0.13	0.25	0.25	3.14	0.63	24.55	8.25	1.87	0	0.2195	0.6801	-0.0627	
941	396500	0	0.25	0.2034	1.5	2.37	0.1427	0.13	0	0	0.13	0.8096	0.13	0	1.12	0.25	1.37	0.25	0.5012	0	0.75	-0.0952	0.63	0.5	1	0.25	0	1.75	0.88	0.5	0.63	2.62	0	3.5	0.13	0	3.62	0.5	800	1.25	0.13	0.38	0.25	0.75	4.66	1.75	24.14	8.87	1.62	0	0.2858	0.6314	-0.0856	
