# Equatorial Pacific 360,000 Year Mg/Ca, d18O, and SST/SSS Reconstructions
#----------------------------------------------------------------------- 
#                World Data Service for Paleoclimatology, Boulder 
#                                  and 
#                     NOAA Paleoclimatology Program 
#             National Centers for Environmental Information (NCEI)
#----------------------------------------------------------------------- 
# Template Version 4.0
# Encoding: UTF-8
# NOTE: Please cite original publication, NOAA Landing Page URL, dataset and publication DOIs (where available), and date accessed when using downloaded data. If there is no publication information, please cite investigator, study title, NOAA Landing Page URL, and date accessed. 
#
# Description/Documentation lines begin with #
# Data lines have no #
#
# NOAA_Landing_Page: https://www.ncei.noaa.gov/access/paleo-search/study/34576
#   Landing_Page_Description: NOAA Landing Page of this file's parent study, which includes all study metadata.
#
# Study_Level_JSON_Metadata: https://www.ncei.noaa.gov/pub/data/metadata/published/paleo/json/noaa-ocean-34576.json 
#   Study_Level_JSON_Description: JSON metadata of this data file's parent study, which includes all study metadata.
#
# Data_Type: Paleoceanography
#
# Dataset_DOI: 10.25921/7h2x-as29
#
# Science_Keywords: Sea Surface Temperature Reconstruction
#--------------------     
# Resource_Links
#   
# Data_Download_Resource: https://www.ncei.noaa.gov/pub/data/paleo/contributions_by_author/zhang2021/zhang2021.txt
#   Data_Download_Description: NOAA Template File; Equatorial Pacific Mg/Ca, d18O, and SST/SSS Reconstructions
#
#--------------------
# Contribution_Date
#    Date: 2021-10-25
#--------------------
# File_Last_Modified_Date
#     Date: 2025-05-28
#--------------------
# Title
#   Study_Name: Equatorial Pacific 360,000 Year Mg/Ca, d18O, and SST/SSS Reconstructions
#--------------------
# Investigators
#   Investigators: Zhang, S.; Yu, Z.; Gong, X.; Wang, Y.; Chang, F.; Lohmann, G.; Qi, Y.; Li, T.
#--------------------
# Description_Notes_and_Keywords
#   Description: Reconstructions of paleo-temperature and salinity of the central western Pacific warm pool during the last 360,000 years, aiming to probe paleo-ENSO progress in late Quaternary. We obtained Core KX97322-4 (0 deg. 01.73'S, 159 deg. 14.66'E, 2362 m) from the Ontong Java Plateau in the central WPWP using a giant piston corer on the Science-1 vessel during the Warm Pool Subject Cruise executed in 2008. The sedimentation rate is 0.39-4.95 cm kyr^-1^, with an average time resolution of 0.57 kyr cm^-1^. We measured stable oxygen isotope and Mg/Ca ratio of planktic foraminifera Globigerinoides ruber and Neogloboquadrina dutertrei at the Institute of Oceanology, Chinese Academy of Sciences (IOCAS), using GV IsoPrime mass spectrometer and inductively coupled plasma-optical emission spectrometry (ICP-OES, Thermo-Fisher, iCAP6300 radial).
#--------------------
# Publication 
#   Authors: Shuai Zhang, Zhoufei Yu, Xun Gong, Yue Wang, Fengming Chang, Gerrit Lohmann, Yiquan Qi, Tiegang Li
#   Published_Date_or_Year: 2021-11-22
#   Published_Title: Precession cycles of the El Niño/Southern oscillation-like system controlled by Pacific upper-ocean stratification
#   Journal_Name: Communications Earth and Environment 
#   Volume: 2
#   Edition: 
#   Issue: 
#   Pages:
#   Report_Number: 239
#   DOI: 10.1038/s43247-021-00305-5
#   Online_Resource: https://www.nature.com/articles/s43247-021-00305-5
#   Full_Citation:
#   Abstract: Modern observations have presented linkages between subsurface waters of the western Pacific warm pool and both El Niño/Southern Oscillation-related and extratropic-controlled upper-ocean stratification on interannual timescales. Moreover, studies have showed that such controls may operate on orbital cycles, although the details remain unclear. Here we present paired temperature and salinity reconstructions for the surface and thermocline waters in the central western Pacific warm pool over the past 360,000 years, as well as transit modeling results from an Earth system model. Our results show that variations in subsurface temperature and salinity in the western Pacific warm pool have consistently correlated with the shallow meridional overturning cell over the past four glacial-interglacial cycles, and they vary on eccentricity and precession cycles. The shallow meridional overturning cell regulates subsurface waters of the western Pacific warm pool by changing subtropical surface water density and thus equatorial upper-ocean stratification, acting as an El Niño/Southern Oscillation-like process in the precession band. Therefore, the western Pacific warm pool is critical in connecting the austral shallow meridional overturning cell to the Earth's climate system on orbital timescales.
#--------------------
# Funding_Agency 
#   Funding_Agency_Name: Chinese Academy of Sciences (CAS)
#   Grant: Strategic Priority Research Program (Grant No. XDB42000000)
#--------------------
# Funding_Agency 
#   Funding_Agency_Name: National Natural Science Foundation China
#   Grant: 41830539, 41906058, 41706040, 41606045, and 41976047
#--------------------
# Funding_Agency 
#   Funding_Agency_Name: Bundesministerium für Bildung und Forschung (BMBF)
#   Grant: Grant No. 03F0785A
#--------------------
# Site_Information 
#   Site_Name: KX97322-4
#   Location: Western Pacific Ocean
#   Northernmost_Latitude: -0.028833
#   Southernmost_Latitude: -0.028833
#   Easternmost_Longitude: 159.24433
#   Westernmost_Longitude: 159.24433
#   Elevation_m: -2362
#--------------------
# Data_Collection  
#   Collection_Name: Zhang2021
#   First_Year: 356650
#   Last_Year: 2760
#   Time_Unit: calendar year before present
#   Core_Length_m: 6.29
#   Parameter_Keywords: oxygen isotopes, geochemistry, reconstruction
#   Notes:
#--------------------
# Chronology_Information
#   Chronology: 
#
#--------------------
# Variables  
#
# PaST_Thesaurus_Download_Resource: https://www.ncei.noaa.gov/access/paleo-search/skos/past-thesaurus.rdf
#   PaST_Thesaurus_Download_Description: Paleoenvironmental Standard Terms (PaST) Thesaurus terms, definitions, and relationships in SKOS format.
#
# Variables format: Short_name <tab> what,material,error,units,seasonality,data_type,detail,method,data_format,additional_information
#
## depth	depth,,,centimeter,,climate reconstructions; paleoceanography,,,N,
## age	age,,,calendar kiloyear before present,,climate reconstructions; paleoceanography,,,N,
## d18OG.rub	delta 18O,Globigerinoides ruber,,per mil VPDB,,paleoceanography,,isotope ratio mass spectrometry,N,
## d18ON.dut	delta 18O,Neogloboquadrina dutertrei,,per mil VPDB,,paleoceanography,,isotope ratio mass spectrometry,N,
## Mg/CaG.rub	magnesium/calcium,Globigerinoides ruber,,millimole per mole,,paleoceanography,,,N,
## Mg/CaN.dut	magnesium/calcium,Neogloboquadrina dutertrei,,millimole per mole,,paleoceanography,,,N,
## SST	sea surface temperature,magnesium/calcium,,degree Celsius,,climate reconstructions; paleoceanography,,,N,sea surface temperature based on Mg/Ca G. ruber 
## SubT	temperature,sea water; magnesium/calcium,,degree Celsius,,climate reconstructions; paleoceanography,,,N,sea sub-surface temperature based on Mg/Ca N. dutertrei
## d18OswG.rub	delta 18O,sea water; magnesium/calcium; delta 18O,,per mil SMOW,,climate reconstructions; paleoceanography,,,N,stable oxygen isotope of sea water based on Globigerinoides ruber
## d18OswN.dut	delta 18O,sea water; magnesium/calcium; delta 18O,,per mil SMOW,,climate reconstructions; paleoceanography,,,N,stable oxygen isotope of sea water based on Neogloboquadrina dutertrei 
## DTG-N	temperature,sea water; magnesium/calcium,,degree Celsius,,climate reconstructions; paleoceanography,differenced,,N,the difference between SST and SubT
## Dd18OswG-N	delta 18O,sea water; magnesium/calcium; delta 18O,,per mil SMOW,,climate reconstructions; paleoceanography,differenced,,N,the difference between δ18Osw G. ruber and N. dutertrei
## d18Osw-ivG.rub	delta 18O,sea water; magnesium/calcium; delta 18O,,per mil SMOW,,climate reconstructions; paleoceanography,corrected,,N,residual sea water d18O corrected for ice volume; based on Globigerinoides ruber
## d18Osw-ivN.dut	delta 18O,sea water; magnesium/calcium; delta 18O,,per mil SMOW,,climate reconstructions; paleoceanography,corrected,,N,residual sea water d18O corrected for ice volume; based on Neogloboquadrina dutertrei
## SSS	sea surface salinity,magnesium/calcium; delta 18O,,practical salinity unit,,climate reconstructions; paleoceanography,,,N,sea surface salinity based on d18Osw-iv G.ruber
## subS	salinity,sea water; magnesium/calcium; delta 18O,,practical salinity unit,,climate reconstructions; paleoceanography,,,N,sea sub-surface salinity based on Mg/Ca N. dutertrei
## subS-SSS	salinity,sea water; magnesium/calcium; delta 18O,,practical salinity unit,,climate reconstructions; paleoceanography,differenced,,N,the difference between subS and SSS
#
#--------------------
# Data:
# Data lines follow (have no #)
# Data line format - tab-delimited text, variable short name as header
# Missing_Values: 
#
depth	age	d18OG.rub	d18ON.dut	Mg/CaG.rub	Mg/CaN.dut	SST	SubT	d18OswG.rub	d18OswN.dut	DTG-N	Dd18OswG-N	d18Osw-ivG.rub	d18Osw-ivN.dut	SSS	subS	subS-SSS
3.00	2.76	-2.20	-1.33	4.54	1.91	29.48	22.77	0.77	0.81	6.71	-0.04	0.81	0.84	35.41	35.46	0.05
4.00	3.20	-2.18	-1.48	4.51	1.94	29.41	22.92	0.78	0.68	6.49	0.10	0.81	0.72	35.42	35.29	-0.13
5.00	3.64	-2.33	-1.60	4.36	1.84	29.07	22.38	0.56	0.48	6.69	0.08	0.59	0.51	35.12	35.01	-0.11
6.00	4.08	-2.42	-1.41	4.40	1.81	29.16	22.22	0.48	0.64	6.94	-0.16	0.51	0.67	35.01	35.22	0.21
7.00	4.38	-2.43	-1.62	4.42	1.83	29.22	22.31	0.49	0.44	6.91	0.05	0.51	0.46	35.01	34.95	-0.06
8.00	4.68	-2.37	-1.66	4.49	2.18	29.36	24.12	0.58	0.68	5.24	-0.10	0.59	0.69	35.12	35.26	0.14
9.00	4.98	-2.40	-1.67	4.68	1.92	29.80	22.82	0.64	0.47	6.98	0.17	0.64	0.47	35.20	34.96	-0.23
10.00	5.24	-2.43	-1.50	4.54	2.03	29.49	23.37	0.54	0.73	6.12	-0.18	0.54	0.72	35.05	35.29	0.25
11.00	5.49	-2.47	-1.78	4.65	2.23	29.72	24.37	0.55	0.60	5.36	-0.04	0.54	0.58	35.05	35.11	0.06
12.00	5.73	-2.35	-1.88	4.59	1.93	29.59	22.87	0.65	0.27	6.72	0.38	0.63	0.25	35.17	34.66	-0.51
13.00	5.97	-2.52	-1.50	4.73	1.96	29.90	23.04	0.55	0.68	6.86	-0.13	0.51	0.65	35.02	35.20	0.18
14.00	6.21	-2.15	-1.45	4.69	2.27	29.83	24.53	0.89	0.95	5.29	-0.06	0.85	0.91	35.48	35.56	0.08
15.00	6.46	-2.19	-1.07	4.34	2.36	29.03	24.95	0.69	1.40	4.07	-0.71	0.64	1.36	35.19	36.16	0.96
16.00	6.70	-2.19	-1.23	4.66	2.32	29.76	24.75	0.84	1.21	5.00	-0.37	0.80	1.16	35.40	35.89	0.50
17.00	6.94	-2.13	-1.00	4.70	2.48	29.83	25.45	0.92	1.55	4.38	-0.63	0.87	1.50	35.50	36.35	0.85
18.00	7.18	-2.38	-0.83	4.42	2.15	29.21	23.97	0.54	1.49	5.24	-0.95	0.48	1.43	34.98	36.26	1.28
19.00	7.43	-2.12	-1.49	4.40	1.70	29.17	21.54	0.79	0.45	7.63	0.33	0.72	0.39	35.30	34.85	-0.45
20.00	7.71	-2.13	-1.17	4.43	2.02	29.23	23.35	0.79	1.05	5.88	-0.26	0.72	0.98	35.30	35.65	0.35
21.00	8.12	-2.07	-1.09	4.46	2.16	29.31	24.01	0.87	1.24	5.30	-0.37	0.79	1.15	35.39	35.88	0.49
22.00	8.52	-2.08	-1.19	4.46	2.54	29.29	25.69	0.86	1.39	3.60	-0.53	0.75	1.28	35.34	36.06	0.72
23.00	8.93	-2.10	-1.04	4.42	2.42	29.22	25.19	0.82	1.46	4.03	-0.63	0.69	1.33	35.26	36.12	0.86
24.00	9.33	-2.11	-1.51	4.71	2.55	29.86	25.75	0.94	1.08	4.11	-0.14	0.78	0.92	35.38	35.57	0.19
25.00	9.73	-2.12	-1.45	4.66	2.42	29.76	25.20	0.91	1.05	4.55	-0.14	0.72	0.86	35.30	35.49	0.19
26.00	10.14	-2.10	-1.05	4.75	2.54	29.95	25.71	0.97	1.53	4.23	-0.56	0.75	1.31	35.34	36.09	0.75
27.00	10.59	-2.22	-0.75	4.52	2.20	29.44	24.20	0.74	1.60	5.24	-0.86	0.48	1.34	34.97	36.13	1.16
28.00	11.05	-1.96	-1.00	4.61	2.08	29.65	23.63	1.05	1.26	6.02	-0.21	0.74	0.96	35.33	35.62	0.29
29.00	11.50	-2.07	-1.24	4.72	2.49	29.89	25.49	0.98	1.31	4.40	-0.32	0.62	0.94	35.16	35.59	0.44
30.00	11.96	-1.73	-0.43	4.29	2.12	28.90	23.84	1.12	1.87	5.07	-0.74	0.70	1.44	35.27	36.27	1.01
31.00	12.41	-2.16	-0.46	4.22	2.18	28.73	24.14	0.66	1.88	4.59	-1.22	0.17	1.39	34.56	36.21	1.65
32.00	12.87	-1.59	-0.43	4.18	2.28	28.64	24.58	1.21	1.98	4.06	-0.77	0.67	1.44	35.23	36.27	1.04
33.00	13.32	-1.52	-0.61	4.07	2.15	28.36	23.97	1.22	1.71	4.39	-0.49	0.63	1.12	35.17	35.83	0.66
34.00	13.77	-1.52	-0.44	3.94	2.29	28.03	24.65	1.15	1.98	3.38	-0.83	0.52	1.35	35.03	36.15	1.12
35.00	14.33	-1.25	0.03	3.91	1.83	27.95	22.32	1.41	2.10	5.63	-0.69	0.73	1.43	35.32	36.25	0.93
36.00	14.93	-1.54	-0.16	4.07	2.13	28.36	23.86	1.20	2.14	4.50	-0.94	0.47	1.42	34.96	36.24	1.28
37.00	16.05	-1.43	-0.19	3.89	1.94	27.89	22.94	1.21	1.97	4.95	-0.76	0.38	1.14	34.83	35.86	1.03
38.00	17.56	-1.11	0.01	3.61	1.76	27.11	21.90	1.37	2.01	5.21	-0.64	0.44	1.08	34.92	35.78	0.86
39.00	19.08	-1.21	-0.02	3.76	1.70	27.55	21.54	1.37	1.93	6.01	-0.57	0.38	0.94	34.83	35.60	0.76
40.00	20.59	-1.25	0.07	3.77	1.89	27.56	22.67	1.33	2.19	4.89	-0.86	0.32	1.18	34.76	35.92	1.16
41.00	21.76	-1.25	0.17	3.81	1.60	27.68	20.96	1.35	2.03	6.72	-0.68	0.30	0.98	34.73	35.64	0.92
42.00	22.37	-1.14	0.05	3.58	1.61	27.04	21.00	1.32	1.92	6.04	-0.59	0.25	0.84	34.66	35.46	0.80
43.00	22.98	-1.04	0.15	3.60	2.08	27.10	23.64	1.44	2.42	3.45	-0.98	0.35	1.33	34.79	36.12	1.32
44.00	23.58	-1.09	0.04	3.49	1.94	26.78	22.90	1.32	2.20	3.88	-0.88	0.22	1.10	34.62	35.82	1.19
45.00	24.19	-1.17	0.04	3.84	1.77	27.76	21.99	1.44	2.06	5.77	-0.62	0.35	0.96	34.79	35.62	0.83
46.00	24.79	-1.07	0.08	3.62	1.60	27.14	20.96	1.42	1.94	6.18	-0.52	0.34	0.86	34.79	35.49	0.70
47.00	25.40	-1.25	-0.22	3.92	1.83	27.96	22.32	1.41	1.84	5.65	-0.43	0.35	0.78	34.80	35.39	0.59
49.00	26.62	-1.16	-0.25	3.75	1.66	27.50	21.34	1.40	1.66	6.16	-0.26	0.39	0.65	34.85	35.20	0.35
50.00	27.63	-1.45	-0.14	3.62	2.00	27.14	23.22	1.04	2.06	3.92	-1.02	0.05	1.07	34.40	35.78	1.38
51.00	28.64	-1.21	-0.26	3.74	2.06	27.49	23.56	1.35	2.00	3.92	-0.65	0.39	1.05	34.86	35.74	0.88
52.00	29.65	-1.07	-0.37	3.59	1.94	27.06	22.90	1.40	1.78	4.16	-0.38	0.49	0.87	34.99	35.50	0.51
53.00	30.66	-1.42	-0.24	3.74	1.98	27.50	23.16	1.14	1.95	4.34	-0.81	0.25	1.07	34.67	35.77	1.10
54.00	31.67	-1.25	-0.30	3.61	1.98	27.11	23.15	1.23	1.90	3.96	-0.66	0.37	1.04	34.83	35.73	0.90
55.00	32.68	-1.50	-0.16	3.71	2.11	27.40	23.77	1.04	2.13	3.63	-1.09	0.21	1.29	34.61	36.07	1.47
56.00	33.62	-1.54	-0.25	3.51	1.93	26.82	22.88	0.88	1.91	3.94	-1.03	0.05	1.08	34.39	35.79	1.39
57.00	34.52	-1.39	-0.22	3.63	2.03	27.18	23.38	1.10	2.01	3.79	-0.91	0.27	1.18	34.69	35.92	1.23
58.00	35.43	-1.22	-0.79	3.84	2.12	27.76	23.85	1.40	1.51	3.91	-0.11	0.56	0.67	35.08	35.23	0.15
59.00	36.34	-1.35	-0.52	3.68	1.90	27.33	22.72	1.18	1.61	4.61	-0.43	0.35	0.78	34.79	35.38	0.58
60.00	37.19	-1.38	-0.20	3.57	1.88	27.01	22.61	1.08	1.92	4.40	-0.84	0.27	1.11	34.70	35.83	1.13
61.00	38.00	-1.36	-0.29	3.58	2.01	27.04	23.31	1.10	1.93	3.74	-0.83	0.32	1.14	34.75	35.87	1.12
62.00	38.81	-1.35	-0.54	3.61	2.04	27.12	23.45	1.14	1.70	3.68	-0.56	0.37	0.93	34.82	35.58	0.76
63.00	39.62	-1.39	-0.50	3.70	1.97	27.39	23.07	1.15	1.68	4.32	-0.53	0.41	0.94	34.87	35.59	0.72
64.00	40.43	-1.28	-0.43	3.63	1.84	27.19	22.37	1.21	1.65	4.82	-0.43	0.51	0.94	35.01	35.60	0.59
65.00	41.23	-1.35	-0.39	3.66	1.82	27.26	22.25	1.17	1.67	5.01	-0.50	0.50	1.00	35.00	35.68	0.68
66.00	41.91	-1.37	-0.68	3.60	1.78	27.08	22.04	1.10	1.34	5.05	-0.24	0.46	0.70	34.94	35.26	
67.00	42.59	-1.32	-0.70	3.58	1.85	27.03	22.40	1.14	1.38	4.63	-0.24	0.51	0.75	35.01	35.34	0.33
71.00	44.53	-1.27	-0.61	3.58	1.74	27.02	21.79	1.20	1.37	5.24	-0.18	0.56	0.74	35.08	35.32	0.24
72.00	44.98	-1.75	-0.59	3.48	1.74	26.75	21.79	0.66	1.39	4.97	-0.74	0.03	0.76	34.36	35.35	1.00
73.00	45.43	-1.67	-0.70	3.61	1.88	27.11	22.57	0.81	1.41	4.54	-0.60	0.17	0.77	34.56	35.36	0.81
74.00	45.89	-1.56	-0.44	3.51	1.85	26.83	22.43	0.87	1.65	4.40	-0.78	0.23	1.01	34.63	35.68	1.05
75.00	46.34	-1.33	-0.28	3.71	1.70	27.41	21.56	1.22	1.67	5.85	-0.45	0.58	1.03	35.11	35.72	0.61
76.00	46.80	-1.53	-0.24	3.54	1.80	26.93	22.15	0.91	1.80	4.78	-0.89	0.28	1.18	34.71	35.91	1.21
77.00	47.21	-1.21	-0.29	3.58	1.98	27.03	23.14	1.26	1.90	3.90	-0.64	0.63	1.27	35.17	36.04	0.86
78.00	47.61	-1.35	-0.25	3.68	1.72	27.33	21.69	1.18	1.72	5.65	-0.55	0.54	1.09	35.05	35.79	0.74
79.00	48.02	-1.66	-0.24	3.75	1.67	27.52	21.35	0.91	1.67	6.17	-0.76	0.26	1.03	34.68	35.71	1.03
80.00	48.42	-1.55	-0.47	3.84	1.91	27.77	22.78	1.06	1.67	4.99	-0.60	0.42	1.03	34.90	35.71	0.82
81.00	48.83	-1.41	-0.34	3.75	1.75	27.50	21.88	1.15	1.66	5.63	-0.50	0.52	1.03	35.03	35.71	0.68
82.00	49.23	-1.42	-0.18	3.43	1.51	26.59	20.35	0.95	1.59	6.23	-0.64	0.34	0.98	34.78	35.64	0.86
83.00	49.61	-1.37	-0.32	3.54	1.83	26.93	22.33	1.07	1.75	4.60	-0.68	0.47	1.16	34.97	35.89	0.92
84.00	49.97	-1.43	-0.55	3.77	2.07	27.56	23.57	1.14	1.71	4.00	-0.57	0.56	1.13	35.09	35.85	0.76
85.00	50.34	-1.48	-0.32	3.83	2.05	27.74	23.50	1.13	1.93	4.24	-0.79	0.57	1.36	35.10	36.17	1.07
86.00	50.70	-1.56	-0.28	3.47	1.85	26.72	22.46	0.84	1.80	4.27	-0.97	0.29	1.26	34.71	36.02	1.31
87.00	51.07	-1.47	-0.48	3.58	1.58	27.03	20.81	0.99	1.36	6.21	-0.36	0.45	0.82	34.94	35.43	0.49
88.00	51.43	-1.84	-0.54	3.70	1.62	27.37	21.04	0.69	1.33	6.33	-0.64	0.14	0.78	34.52	35.38	0.86
89.00	51.79	-1.73	-0.05	3.70	1.90	27.37	22.73	0.81	2.08	4.64	-1.27	0.24	1.51	34.65	36.37	1.72
90.00	52.16	-1.64	-0.47	3.67	1.81	27.29	22.20	0.88	1.58	5.09	-0.70	0.30	1.01	34.73	35.69	0.95
91.00	52.52	-1.45	-0.36	3.74	2.08	27.48	23.63	1.11	1.90	3.85	-0.79	0.53	1.33	35.04	36.12	1.07
92.00	52.88	-1.58	-0.23	3.87	1.87	27.85	22.52	1.05	1.87	5.33	-0.81	0.47	1.29	34.96	36.06	1.10
93.00	53.25	-1.56	-0.27	3.90	1.69	27.92	21.52	1.09	1.68	6.40	-0.59	0.50	1.09	35.00	35.80	0.80
94.00	53.61	-1.51	-0.45	3.76	2.05	27.53	23.47	1.06	1.79	4.07	-0.72	0.47	1.20	34.96	35.94	0.98
95.00	53.97	-1.49	-0.54	3.99	2.04	28.15	23.43	1.20	1.70	4.72	-0.49	0.61	1.10	35.15	35.82	0.67
96.00	54.34	-1.57	-0.52	3.58	1.73	27.04	21.76	0.89	1.46	5.28	-0.57	0.30	0.86	34.72	35.49	0.77
97.00	54.70	-1.54	-0.45	3.89	1.78	27.88	22.03	1.10	1.57	5.85	-0.47	0.50	0.97	35.00	35.63	0.63
98.00	55.07	-1.44	-0.48	3.64	1.84	27.20	22.35	1.06	1.59	4.85	-0.54	0.44	0.98	34.92	35.65	0.73
99.00	55.43	-1.52	-0.76	3.46	2.03	26.68	23.38	0.87	1.47	3.31	-0.59	0.24	0.84	34.65	35.45	0.80
100.00	55.79	-1.54	-0.74	3.66	2.05	27.26	23.51	0.97	1.51	3.75	-0.54	0.32	0.86	34.75	35.48	0.73
101.00	56.16	-1.57	-0.42	3.63	2.09	27.17	23.70	0.93	1.86	3.47	-0.93	0.26	1.19	34.68	35.94	1.26
102.00	56.52	-1.90	-0.53	3.82	1.74	27.70	21.79	0.71	1.46	5.91	-0.75	0.03	0.78	34.36	35.38	1.02
103.00	56.88	-1.72	-0.67	3.73	1.88	27.46	22.58	0.84	1.44	4.88	-0.60	0.14	0.74	34.51	35.32	0.81
104.00	57.41	-1.39	-0.27	3.66	1.56	27.28	20.65	1.12	1.54	6.62	-0.42	0.41	0.83	34.88	35.45	0.57
105.00	58.02	-1.32	-0.33	3.84	1.97	27.75	23.10	1.30	1.85	4.65	-0.56	0.57	1.13	35.10	35.85	0.75
106.00	58.62	-1.31	-0.51	3.92	1.92	27.97	22.79	1.35	1.63	5.18	-0.28	0.64	0.92	35.19	35.56	0.38
107.00	59.23	-1.45	-0.66	3.82	1.90	27.71	22.69	1.16	1.47	5.02	-0.31	0.45	0.76	34.94	35.35	0.42
108.00	60.04	-1.51	-0.42	3.70	1.51	27.36	20.33	1.02	1.35	7.04	-0.33	0.30	0.63	34.73	35.17	0.44
109.00	61.05	-1.47	-0.43	3.68	1.89	27.31	22.66	1.05	1.69	4.65	-0.64	0.32	0.95	34.75	35.61	0.86
110.00	62.06	-1.55	-0.39	3.62	1.73	27.16	21.72	0.94	1.59	5.44	-0.65	0.23	0.87	34.63	35.50	0.87
111.00	63.07	-1.41	-0.28	3.50	1.84	26.80	22.36	1.00	1.79	4.45	-0.79	0.29	1.07	34.71	35.78	1.07
112.00	64.08	-1.28	-0.48	4.05	1.68	28.32	21.44	1.45	1.45	6.88	-0.01	0.74	0.75	35.33	35.34	0.01
113.00	65.09	-1.41	-0.29	4.23	1.62	28.77	21.04	1.42	1.58	7.73	-0.16	0.72	0.88	35.30	35.52	0.22
114.00	66.10	-1.34	-0.38	3.59	1.55	27.06	20.64	1.13	1.43	6.42	-0.30	0.43	0.74	34.91	35.32	0.41
115.00	67.11	-1.40	-0.39	3.97	1.53	28.09	20.49	1.29	1.40	7.60	-0.11	0.62	0.74	35.17	35.32	0.15
116.00	68.12	-1.39	-0.42	3.74	1.85	27.48	22.42	1.17	1.67	5.06	-0.50	0.57	1.07	35.10	35.77	0.67
117.00	69.13	-1.49	-0.56	3.70	1.77	27.39	21.99	1.05	1.46	5.39	-0.41	0.48	0.89	34.97	35.52	0.56
118.00	70.14	-1.38	-0.38	3.76	1.74	27.54	21.77	1.19	1.61	5.77	-0.42	0.65	1.07	35.20	35.77	0.57
119.00	71.15	-1.56	-0.67	3.82	1.86	27.72	22.49	1.04	1.42	5.23	-0.38	0.61	0.99	35.15	35.67	0.51
120.00	72.16	-1.38	-0.27	3.75	1.84	27.51	22.40	1.18	1.81	5.11	-0.63	0.79	1.42	35.39	36.24	0.85
121.00	72.78	-1.27	-0.27	3.94	1.81	28.03	22.18	1.40	1.77	5.85	-0.38	1.02	1.40	35.70	36.21	0.51
122.00	73.39	-1.35	-0.23	3.69	1.89	27.36	22.65	1.18	1.88	4.71	-0.70	0.83	1.54	35.45	36.40	0.95
123.00	73.78	-1.22	-0.20	3.66	1.65	27.25	21.28	1.29	1.71	5.98	-0.41	0.97	1.39	35.64	36.20	0.56
124.00	74.15	-1.26	-0.57	3.67	1.47	27.29	20.05	1.26	1.15	7.24	0.10	0.96	0.85	35.62	35.48	-0.14
125.00	74.51	-1.30	-0.53	3.60	1.61	27.08	20.99	1.17	1.33	6.09	-0.16	0.88	1.04	35.51	35.73	0.22
126.00	74.87	-1.40	-0.76	3.56	1.72	26.97	21.65	1.06	1.20	5.32	-0.14	0.77	0.92	35.37	35.57	0.20
127.00	75.24	-1.38	-0.50	3.37	1.78	26.43	22.04	0.96	1.53	4.38	-0.56	0.69	1.25	35.25	36.01	0.76
128.00	75.60	-1.12	-0.15	3.59	1.76	27.08	21.92	1.35	1.85	5.16	-0.50	1.08	1.58	35.79	36.46	0.68
129.00	75.96	-1.39	-0.44	4.07	1.47	28.37	20.03	1.35	1.27	8.34	0.07	1.08	1.01	35.78	35.68	-0.10
130.00	76.33	-1.34	-0.41	3.61	1.36	27.12	19.22	1.14	1.19	7.90	-0.05	0.89	0.93	35.52	35.59	0.07
131.00	76.69	-1.32	-0.75	3.60	1.24	27.10	18.33	1.16	0.71	8.77	0.45	0.91	0.46	35.56	34.95	-0.61
132.00	77.06	-1.42	-0.55	3.91	1.53	27.96	20.46	1.24	1.23	7.50	0.01	1.00	0.99	35.68	35.67	-0.01
133.00	77.42	-1.41	-1.01	3.78	1.59	27.58	20.86	1.17	0.84	6.72	0.33	0.93	0.60	35.58	35.13	-0.45
134.00	77.78	-1.63	-0.64	3.71	1.47	27.41	20.08	0.91	1.08	7.33	-0.17	0.67	0.84	35.23	35.46	0.23
135.00	78.15	-1.51	-0.61	4.03	1.38	28.25	19.40	1.21	1.01	8.86	0.20	0.96	0.76	35.62	35.35	-0.27
136.00	78.51	-1.73	-0.81	3.94	1.78	28.02	22.01	0.94	1.21	6.01	-0.26	0.68	0.94	35.24	35.60	0.36
137.00	78.87	-1.65	-0.90	3.62	1.72	27.14	21.69	0.84	1.08	5.45	-0.23	0.57	0.80	35.09	35.41	0.32
138.00	79.24	-1.70	-0.87	4.00	2.11	28.17	23.81	1.00	1.42	4.36	-0.42	0.73	1.15	35.31	35.88	0.56
139.00	79.60	-1.71	-0.71	3.67	1.58	27.29	20.80	0.81	1.12	6.49	-0.31	0.54	0.86	35.06	35.48	0.42
140.00	79.96	-1.79	-1.01	3.50	1.67	26.80	21.37	0.63	0.91	5.42	-0.29	0.37	0.65	34.82	35.21	0.39
141.00	80.33	-1.96	-1.08	3.74	2.05	27.49	23.48	0.60	1.16	4.01	-0.55	0.34	0.89	34.78	35.53	0.75
142.00	80.69	-1.66	-1.05	3.71	2.04	27.40	23.43	0.88	1.18	3.97	-0.30	0.62	0.92	35.16	35.57	0.41
143.00	81.06	-1.69	-0.96	3.68	1.77	27.32	21.96	0.83	1.05	5.37	-0.22	0.57	0.78	35.09	35.38	0.29
144.00	81.30	-1.60	-1.18	3.61	2.03	27.11	23.38	0.88	1.05	3.73	-0.17	0.62	0.79	35.17	35.39	0.22
145.00	81.54	-1.62	-1.12	3.78	1.97	27.61	23.06	0.96	1.06	4.55	-0.10	0.70	0.80	35.27	35.41	0.13
146.00	81.79	-1.77	-1.10	3.80	1.78	27.64	22.06	0.82	0.93	5.59	-0.11	0.57	0.67	35.09	35.24	0.15
147.00	82.03	-1.81	-0.44	3.90	2.20	27.92	24.20	0.84	1.92	3.72	-1.08	0.59	1.67	35.12	36.58	1.46
148.00	82.27	-1.56	-1.15	3.77	2.09	27.58	23.68	1.01	1.13	3.90	-0.11	0.77	0.88	35.37	35.52	0.15
149.00	82.51	-1.68	-1.20	3.69	2.03	27.34	23.41	0.85	1.03	3.94	-0.19	0.61	0.80	35.16	35.41	0.25
150.00	82.76	-1.72	-1.04	3.81	2.11	27.67	23.79	0.88	1.25	3.88	-0.37	0.66	1.03	35.21	35.72	0.50
151.00	83.00	-1.68	-0.96	3.99	2.07	28.16	23.61	1.02	1.30	4.55	-0.28	0.80	1.09	35.41	35.79	0.38
152.00	83.24	-1.68	-0.47	3.90	1.90	27.92	22.69	0.97	1.65	5.23	-0.68	0.74	1.42	35.32	36.25	0.92
153.00	83.48	-1.73	-1.05	3.73	2.13	27.45	23.88	0.82	1.26	3.57	-0.43	0.59	1.02	35.12	35.70	0.59
154.00	83.73	-1.60	-0.99	3.91	1.86	27.94	22.51	1.06	1.11	5.43	-0.05	0.81	0.86	35.42	35.49	0.07
155.00	83.97	-1.41	-1.35	3.79	1.92	27.63	22.79	1.18	0.79	4.84	0.39	0.92	0.53	35.57	35.04	-0.53
156.00	84.21	-1.66	-1.13	4.15	2.12	28.55	23.82	1.12	1.16	4.74	-0.04	0.87	0.90	35.49	35.55	0.05
157.00	84.45	-2.03	-1.11	3.97	2.32	28.10	24.75	0.66	1.33	3.36	-0.67	0.40	1.07	34.87	35.77	0.91
158.00	84.70	-1.65	-0.95	4.06	2.05	28.33	23.47	1.08	1.29	4.86	-0.21	0.83	1.04	35.44	35.73	0.29
159.00	84.94	-1.67	-1.37	3.87	1.65	27.84	21.22	0.96	0.53	6.62	0.43	0.70	0.28	35.28	34.70	-0.58
160.00	85.18	-1.73	-1.60	3.96	1.89	28.07	22.68	0.95	0.52	5.39	0.43	0.69	0.25	35.25	34.67	-0.59
161.00	85.42	-1.58	-1.07	3.89	1.97	27.89	23.09	1.06	1.12	4.80	-0.06	0.77	0.83	35.37	35.45	0.08
162.00	85.67	-1.90	-1.27	3.96	2.10	28.08	23.72	0.78	1.01	4.36	-0.23	0.47	0.71	34.97	35.28	0.32
163.00	85.91	-1.65	-0.91	3.90	1.74	27.93	21.80	1.00	1.08	6.13	-0.07	0.68	0.75	35.24	35.34	0.10
164.00	86.19	-1.57	-1.19	3.69	2.06	27.35	23.56	0.96	1.06	3.79	-0.11	0.62	0.73	35.16	35.31	0.14
165.00	86.94	-1.68	-1.00	3.57	1.56	27.00	20.70	0.78	0.82	6.30	-0.04	0.42	0.46	34.89	34.94	
166.00	87.70	-1.56	-1.11	3.51	1.81	26.83	22.21	0.86	0.94	4.62	-0.08	0.47	0.56	34.96	35.08	0.11
167.00	88.46	-1.85	-1.00	3.75	1.85	27.51	22.45	0.71	1.09	5.06	-0.38	0.33	0.71	34.77	35.28	
168.00	89.22	-1.56	-1.09	3.69	1.90	27.35	22.70	0.97	1.04	4.65	-0.07	0.60	0.67	35.13	35.23	
169.00	89.97	-1.60	-1.06	3.82	1.87	27.71	22.52	1.01	1.04	5.19	-0.03	0.64	0.67	35.18	35.23	0.04
170.00	90.73	-1.58	-1.04	3.91	1.99	27.95	23.16	1.07	1.15	4.79	-0.08	0.72	0.80	35.30	35.41	
171.00	91.49	-1.60	-1.06	3.93	1.66	28.01	21.32	1.06	0.86	6.68	0.21	0.72	0.51	35.29	35.01	
172.00	92.25	-1.73	-1.09	3.89	1.95	27.90	22.97	0.91	1.08	4.93	-0.17	0.56	0.73	35.08	35.31	0.22
173.00	92.90	-1.63	-1.15	4.06	1.70	28.33	21.54	1.11	0.80	6.79	0.31	0.75	0.44	35.34	34.92	-0.42
174.00	93.50	-1.60	-1.10	3.80	1.59	27.64	20.84	0.99	0.74	6.80	0.25	0.64	0.39	35.19	34.85	-0.34
175.00	93.98	-1.68	-1.04	3.91	1.55	27.94	20.58	0.98	0.76	7.36	0.21	0.63	0.42	35.18	34.89	-0.29
176.00	94.39	-1.65	-0.68	3.90	1.88	27.93	22.62	1.00	1.44	5.31	-0.43	0.68	1.11	35.24	35.83	0.58
177.00	94.79	-1.62	-0.96	3.97	1.95	28.11	23.00	1.07	1.21	5.11	-0.14	0.77	0.91	35.37	35.56	0.19
178.00	95.20	-1.62	-1.23	3.97	1.75	28.10	21.83	1.07	0.77	6.27	0.30	0.79	0.49	35.39	34.98	-0.41
179.00	95.60	-1.64	-1.04	3.76	1.80	27.54	22.16	0.93	1.00	5.38	-0.07	0.68	0.75	35.24	35.33	0.10
180.00	96.00	-1.67	-1.01	3.86	1.83	27.82	22.31	0.96	1.05	5.51	-0.09	0.73	0.82	35.31	35.43	0.12
181.00	96.48	-1.61	-1.21	3.67	1.83	27.29	22.30	0.91	0.85	5.00	0.06	0.70	0.64	35.27	35.19	-0.08
182.00	97.08	-1.68	-1.02	3.77	1.79	27.58	22.08	0.90	1.01	5.50	-0.11	0.72	0.82	35.29	35.44	0.14
183.00	97.69	-1.60	-1.06	3.88	1.74	27.87	21.77	1.03	0.93	6.09	0.11	0.85	0.74	35.48	35.33	-0.15
184.00	98.30	-1.61	-1.21	3.94	1.76	28.03	21.89	1.06	0.79	6.14	0.26	0.89	0.63	35.53	35.17	-0.36
185.00	98.95	-1.59	-1.18	3.81	1.84	27.67	22.37	1.00	0.89	5.30	0.11	0.86	0.75	35.48	35.33	-0.15
186.00	99.86	-1.81	-1.16	3.77	1.75	27.57	21.84	0.76	0.83	5.73	-0.07	0.60	0.67	35.14	35.23	0.09
187.00	100.77	-1.62	-1.18	3.97	1.74	28.10	21.77	1.06	0.81	6.33	0.26	0.91	0.65	35.55	35.21	
188.00	101.68	-1.52	-1.05	3.83	1.84	27.74	22.39	1.09	1.03	5.35	0.06	0.89	0.84	35.53	35.45	-0.08
189.00	102.89	-1.64	-0.99	3.99	1.71	28.15	21.61	1.06	0.97	6.54	0.09	0.81	0.72	35.42	35.30	
190.00	104.10	-1.58	-1.07	3.78	1.76	27.59	21.91	1.00	0.94	5.68	0.06	0.73	0.67	35.31	35.22	-0.08
191.00	105.62	-1.63	-1.24	3.73	1.85	27.47	22.42	0.93	0.84	5.05	0.09	0.61	0.52	35.14	35.03	
192.00	107.13	-1.46	-1.49	3.95	2.03	28.05	23.36	1.22	0.74	4.69	0.48	0.84	0.36	35.46	34.81	-0.65
193.00	108.65	-1.61	-0.84	3.71	1.99	27.41	23.19	0.93	1.36	4.22	-0.43	0.55	0.97	35.06	35.64	0.57
194.00	110.16	-1.90	-0.98	3.77	1.65	27.58	21.28	0.67	0.93	6.30	-0.25	0.28	0.53	34.70	35.05	0.34
195.00	111.68	-1.76	-1.05	3.73	1.77	27.45	21.96	0.79	0.96	5.49	-0.17	0.42	0.58	34.89	35.11	0.22
196.00	113.19	-1.89	-1.02	3.66	1.72	27.26	21.69	0.62	0.95	5.57	-0.33	0.30	0.63	34.73	35.17	0.45
197.00	114.71	-1.59	-1.19	3.88	1.53	27.87	20.45	1.05	0.59	7.42	0.46	0.81	0.35	35.41	34.79	-0.62
198.00	115.48	-1.98	-1.27	3.74	1.81	27.49	22.22	0.58	0.78	5.27	-0.20	0.38	0.58	34.83	35.10	
199.00	116.26	-1.76	-1.10	3.70	1.58	27.38	20.78	0.78	0.74	6.60	0.04	0.60	0.56	35.14	35.09	-0.06
200.00	116.73	-1.67	-1.07	3.71	1.70	27.40	21.58	0.87	0.88	5.82	-0.02	0.73	0.75	35.31	35.33	0.02
201.00	117.09	-1.98	-1.38	3.94	1.72	28.01	21.65	0.69	0.58	6.36	0.11	0.58	0.47	35.10	34.96	-0.14
202.00	117.46	-1.83	-1.13	4.11	2.09	28.46	23.67	0.93	1.14	4.79	-0.21	0.84	1.04	35.45	35.73	0.28
203.00	117.82	-1.75	-1.11	3.77	1.29	27.56	18.75	0.83	0.41	8.81	0.42	0.75	0.34	35.34	34.78	-0.56
204.00	118.18	-1.95	-1.21	3.78	1.62	27.59	21.05	0.64	0.67	6.54	-0.03	0.58	0.61	35.10	35.15	0.04
205.00	118.55	-1.74	-1.25	3.61	1.35	27.12	19.15	0.74	0.33	7.97	0.41	0.70	0.28	35.26	34.70	-0.56
206.00	118.91	-1.96	-1.24	3.68	1.53	27.31	20.45	0.56	0.54	6.85	0.02	0.52	0.50	35.03	35.00	
207.00	119.28	-1.79	-1.20	4.25	1.90	28.79	22.70	1.04	0.92	6.10	0.12	1.02	0.90	35.70	35.54	-0.16
208.00	119.64	-1.90	-1.15	3.76	1.79	27.54	22.10	0.67	0.89	5.45	-0.21	0.67	0.89	35.24	35.52	0.29
209.00	120.00	-1.80	-1.19	4.19	1.69	28.65	21.49	1.00	0.75	7.16	0.25	1.02	0.78	35.71	35.37	-0.34
210.00	120.36	-2.19	-0.79	4.21	1.70	28.71	21.59	0.62	1.17	7.12	-0.54	0.65	1.19	35.20	35.93	0.74
211.00	120.60	-1.70	-1.21	4.39	1.65	29.14	21.25	1.20	0.69	7.89	0.51	1.23	0.71	35.99	35.29	-0.70
212.00	120.84	-1.99	-1.13	3.96	1.88	28.07	22.59	0.69	0.98	5.47	-0.29	0.72	1.01	35.30	35.68	0.39
213.00	121.08	-2.13	-1.23	4.30	1.94	28.94	22.94	0.74	0.93	6.00	-0.20	0.76	0.96	35.35	35.62	0.27
214.00	121.33	-2.11	-1.40	4.31	1.77	28.96	21.98	0.76	0.61	6.98	0.15	0.78	0.64	35.38	35.18	-0.20
215.00	121.57	-2.38	-1.39	4.19	1.77	28.65	21.96	0.42	0.62	6.69	-0.20	0.45	0.64	34.93	35.19	0.26
216.00	121.81	-2.18	-1.30	4.55	1.91	29.50	22.77	0.80	0.83	6.74	-0.04	0.82	0.86	35.43	35.48	0.05
217.00	122.05	-2.00	-1.24	4.53	1.81	29.46	22.18	0.97	0.80	7.28	0.17	0.99	0.82	35.66	35.43	-0.22
218.00	122.30	-2.28	-1.09	4.39	2.22	29.14	24.31	0.62	1.28	4.83	-0.65	0.64	1.30	35.19	36.07	0.88
219.00	122.54	-2.06	-1.32	4.60	2.06	29.62	23.52	0.95	0.93	6.10	0.02	0.96	0.94	35.62	35.60	-0.02
220.00	122.78	-2.07	-1.50	4.58	2.03	29.58	23.36	0.93	0.73	6.21	0.20	0.94	0.74	35.59	35.33	-0.27
221.00	123.16	-2.04	-1.28	4.58	1.80	29.58	22.16	0.95	0.76	7.42	0.19	0.96	0.77	35.62	35.36	-0.26
222.00	123.61	-2.23	-1.27	4.82	2.03	30.09	23.40	0.87	0.96	6.69	-0.09	0.87	0.96	35.50	35.62	0.12
223.00	124.07	-2.21	-1.31	4.76	2.09	29.97	23.70	0.86	0.97	6.27	-0.11	0.85	0.96	35.47	35.62	0.14
224.00	124.52	-2.16	-0.88	4.66	2.20	29.76	24.20	0.87	1.47	5.56	-0.60	0.84	1.44	35.45	36.27	0.81
225.00	124.98	-2.14	-1.15	5.03	2.07	30.54	23.57	1.06	1.10	6.97	-0.04	1.00	1.05	35.68	35.74	
226.00	125.43	-2.05	-1.26	4.80	2.31	30.05	24.72	1.04	1.17	5.33	-0.13	0.96	1.10	35.63	35.81	0.18
227.00	125.89	-2.27	-1.22	4.50	2.14	29.40	23.93	0.69	1.09	5.47	-0.40	0.59	0.99	35.12	35.66	0.54
228.00	126.34	-2.20	-1.09	4.83	1.98	30.12	23.15	0.91	1.11	6.97	-0.20	0.76	0.96	35.36	35.62	0.26
229.00	126.79	-2.21	-1.18	4.74	2.36	29.92	24.93	0.86	1.29	4.99	-0.43	0.65	1.08	35.21	35.79	0.58
230.00	127.25	-2.12	-1.39	4.69	2.35	29.83	24.89	0.93	1.07	4.94	-0.14	0.68	0.82	35.25	35.43	0.19
231.00	127.70	-1.93	-1.05	4.73	2.00	29.90	23.24	1.13	1.16	6.66	-0.03	0.85	0.88	35.47	35.51	
232.00	128.16	-2.04	-0.18	5.00	1.88	30.48	22.61	1.14	1.93	7.87	-0.78	0.82	1.60	35.43	36.48	1.06
233.00	128.61	-2.10	-0.94	4.86	2.30	30.18	24.68	1.02	1.48	5.50	-0.46	0.63	1.09	35.17	35.80	0.63
234.00	129.07	-1.90	-0.78	4.95	2.08	30.38	23.65	1.26	1.49	6.73	-0.23	0.80	1.03	35.41	35.71	0.30
235.00	129.52	-2.00	-0.82	4.98	2.08	30.43	23.66	1.17	1.45	6.77	-0.28	0.63	0.91	35.18	35.56	0.38
236.00	129.98	-2.02	-0.70	4.97	2.14	30.41	23.92	1.15	1.61	6.50	-0.46	0.53	0.99	35.04	35.67	0.62
237.00	130.43	-2.05	-0.07	4.90	2.38	30.27	25.02	1.08	2.41	5.25	-1.33	0.43	1.75	34.90	36.69	1.79
238.00	130.84	-1.89	-0.78	4.55	2.06	29.51	23.56	1.09	1.48	5.96	-0.39	0.40	0.79	34.87	35.39	
239.00	131.24	-1.57	-0.28	4.27	1.87	28.85	22.53	1.27	1.82	6.32	-0.55	0.53	1.08	35.04	35.78	0.74
240.00	131.65	-1.24	-0.28	3.79	1.93	27.62	22.86	1.34	1.87	4.76	-0.53	0.54	1.06	35.05	35.76	0.71
241.00	132.05	-1.08	-0.03	3.98	1.79	28.12	22.10	1.61	2.00	6.01	-0.39	0.74	1.13	35.33	35.85	0.52
242.00	132.46	-0.98	-0.03	4.04	1.72	28.28	21.66	1.75	1.93	6.62	-0.18	0.84	1.02	35.45	35.70	0.25
243.00	132.86	-0.98	-0.17	3.86	2.00	27.82	23.24	1.65	2.04	4.58	-0.39	0.70	1.09	35.27	35.79	0.52
244.00	133.39	-0.88	0.03	3.92	1.91	27.97	22.75	1.78	2.16	5.22	-0.39	0.79	1.18	35.39	35.92	0.52
245.00	134.00	-1.04	-0.28	3.62	1.90	27.16	22.72	1.46	1.85	4.44	-0.39	0.44	0.83	34.92	35.44	0.53
246.00	134.95	-0.93	-0.21	3.87	1.83	27.85	22.30	1.70	1.85	5.55	-0.15	0.65	0.81	35.21	35.42	0.21
247.00	136.16	-1.14	-0.11	3.65	2.12	27.24	23.83	1.37	2.18	3.41	-0.81	0.32	1.13	34.76	35.86	1.10
248.00	137.51	-0.88	0.01	3.80	2.03	27.66	23.39	1.71	2.24	4.27	-0.53	0.67	1.20	35.23	35.94	0.71
249.00	139.03	-1.12	-0.10	3.77	1.71	27.57	21.61	1.45	1.85	5.96	-0.40	0.43	0.83	34.90	35.45	0.54
250.00	140.54	-1.18	-0.01	3.70	1.84	27.37	22.35	1.35	2.06	5.02	-0.71	0.37	1.08	34.83	35.79	0.96
251.00	142.06	-1.01	-0.10	3.85	2.10	27.78	23.74	1.62	2.18	4.04	-0.57	0.68	1.25	35.24	36.01	0.77
252.00	143.57	-1.04	-0.30	3.75	1.94	27.52	22.94	1.52	1.87	4.57	-0.34	0.64	0.98	35.19	35.65	0.46
253.00	145.09	-1.20	-0.14	3.90	1.86	27.92	22.50	1.45	1.95	5.42	-0.51	0.60	1.11	35.14	35.82	0.68
254.00	146.60	-1.03	-0.29	4.03	1.96	28.26	23.03	1.69	1.88	5.23	-0.19	0.85	1.03	35.47	35.72	0.25
255.00	148.12	-1.05	-0.29	3.80	2.05	27.66	23.49	1.55	1.95	4.17	-0.40	0.71	1.11	35.28	35.83	0.55
256.00	149.58	-0.95	-0.30	3.95	2.06	28.06	23.54	1.72	1.96	4.51	-0.23	0.93	1.17	35.58	35.90	0.32
257.00	150.59	-1.06	-0.37	3.81	1.97	27.67	23.06	1.54	1.81	4.61	-0.27	0.79	1.06	35.39	35.75	0.36
258.00	151.60	-1.03	-0.17	3.78	2.09	27.59	23.70	1.55	2.10	3.90	-0.55	0.82	1.37	35.44	36.18	0.74
259.00	152.61	-1.14	0.02	3.86	2.00	27.81	23.26	1.49	2.22	4.55	-0.74	0.76	1.50	35.36	36.35	1.00
260.00	153.62	-1.24	-0.12	4.22	2.29	28.73	24.62	1.58	2.29	4.11	-0.71	0.85	1.56	35.47	36.43	
261.00	154.63	-1.07	-0.29	4.13	2.12	28.51	23.86	1.70	2.01	4.65	-0.30	0.95	1.26	35.61	36.02	0.41
262.00	155.64	-0.98	-0.26	4.04	2.17	28.28	24.06	1.74	2.07	4.22	-0.32	0.97	1.29	35.63	36.07	0.44
263.00	156.56	-0.99	-0.26	4.24	2.08	28.79	23.66	1.84	2.01	5.13	-0.17	1.05	1.23	35.75	35.98	0.23
264.00	157.47	-1.11	-0.18	4.18	1.81	28.63	22.19	1.69	1.87	6.44	-0.18	0.92	1.10	35.56	35.81	0.25
265.00	158.38	-1.03	-0.27	4.05	2.13	28.32	23.89	1.70	2.03	4.43	-0.33	0.95	1.28	35.61	36.06	0.44
266.00	159.29	-1.01	-0.17	4.09	1.84	28.41	22.36	1.74	1.90	6.05	-0.17	1.00	1.16	35.67	35.90	0.22
267.00	160.13	-1.06	-0.79	3.87	2.11	27.84	23.77	1.57	1.49	4.06	0.08	0.84	0.76	35.46	35.35	-0.11
268.00	160.94	-1.13	-0.08	3.98	2.09	28.13	23.70	1.56	2.19	4.42	-0.63	0.84	1.47	35.46	36.31	0.85
269.00	161.75	-1.10	-0.36	3.99	1.91	28.15	22.74	1.60	1.77	5.40	-0.17	0.92	1.09	35.56	35.79	0.23
270.00	162.56	-1.07	-0.05	3.91	2.00	27.93	23.24	1.58	2.16	4.69	-0.57	0.93	1.50	35.57	36.35	0.78
271.00	163.37	-1.12	-0.50	3.73	2.12	27.47	23.83	1.44	1.80	3.64	-0.36	0.79	1.16	35.40	35.89	0.49
272.00	164.17	-1.04	-0.27	3.79	1.93	27.62	22.88	1.55	1.88	4.73	-0.33	0.92	1.25	35.57	36.02	0.45
273.00	164.90	-1.06	0.01	3.71	1.52	27.41	20.44	1.49	1.79	6.97	-0.30	0.88	1.18	35.51	35.92	0.41
274.00	165.51	-1.08	-0.29	3.67	1.67	27.28	21.39	1.44	1.63	5.89	-0.20	0.86	1.05	35.48	35.75	0.27
275.00	166.06	-0.95	0.01	3.61	1.90	27.12	22.73	1.53	2.14	4.39	-0.60	0.98	1.58	35.65	36.47	0.81
276.00	166.46	-1.08	-0.24	3.89	1.93	27.88	22.88	1.56	1.92	5.00	-0.36	1.02	1.38	35.70	36.19	0.48
277.00	166.86	-1.05	0.08	3.59	1.85	27.08	22.42	1.42	2.16	4.65	-0.74	0.89	1.64	35.53	36.54	1.00
278.00	167.27	-1.08	0.03	3.80	1.71	27.66	21.62	1.51	1.99	6.04	-0.48	0.99	1.47	35.66	36.31	0.64
279.00	167.67	-1.11	0.12	3.86	1.69	27.80	21.49	1.52	2.06	6.32	-0.54	1.00	1.54	35.67	36.40	0.73
280.00	168.08	-1.09	-0.13	3.65	1.44	27.22	19.83	1.41	1.56	7.39	-0.14	0.90	1.04	35.53	35.73	0.20
281.00	168.48	-1.37	-0.13	3.47	1.77	26.72	21.97	1.03	1.88	4.74	-0.85	0.52	1.38	35.03	36.19	1.16
282.00	168.88	-1.29	-0.01	3.87	1.75	27.84	21.89	1.35	1.99	5.95	-0.65	0.85	1.50	35.47	36.35	0.87
283.00	169.29	-1.33	-0.11	3.48	2.12	26.74	23.82	1.08	2.18	2.92	-1.11	0.59	1.70	35.12	36.62	1.50
284.00	169.69	-1.44	-0.05	3.64	1.61	27.21	21.02	1.06	1.82	6.19	-0.77	0.58	1.35	35.11	36.14	1.03
285.00	170.10	-1.45	-0.20	3.51	1.86	26.82	22.51	0.97	1.90	4.31	-0.93	0.50	1.43	35.00	36.26	1.26
286.00	170.50	-1.45	-0.24	3.58	1.98	27.04	23.15	1.02	1.95	3.89	-0.94	0.54	1.48	35.05	36.32	1.27
287.00	170.90	-1.49	-0.48	3.87	2.09	27.85	23.70	1.15	1.79	4.14	-0.65	0.66	1.31	35.22	36.09	0.87
288.00	171.27	-1.54	-0.02	3.63	1.99	27.18	23.18	0.95	2.17	4.00	-1.22	0.45	1.67	34.93	36.58	
289.00	171.64	-1.44	-0.54	3.82	1.93	27.70	22.89	1.16	1.61	4.81	-0.45	0.64	1.09	35.18	35.79	0.61
290.00	172.00	-1.45	-0.20	3.61	1.32	27.13	18.98	1.03	1.36	8.15	-0.33	0.49	0.81	34.98	35.42	0.44
291.00	172.37	-1.51	-0.34	3.41	1.55	26.53	20.63	0.85	1.47	5.90	-0.62	0.31	0.93	34.75	35.58	0.83
292.00	172.73	-1.50	-0.50	3.56	2.03	26.96	23.40	0.95	1.73	3.57	-0.78	0.42	1.19	34.89	35.94	1.05
293.00	173.10	-1.50	-0.37	3.67	1.97	27.28	23.09	1.02	1.81	4.19	-0.79	0.48	1.28	34.98	36.05	1.07
294.00	173.46	-1.48	-0.39	3.85	1.53	27.78	20.49	1.14	1.40	7.29	-0.26	0.61	0.87	35.15	35.50	0.35
295.00	173.82	-1.41	-0.74	3.64	1.64	27.22	21.20	1.10	1.15	6.02	-0.06	0.57	0.63	35.10	35.17	0.08
296.00	174.19	-1.42	-0.36	3.86	1.66	27.81	21.34	1.21	1.56	6.47	-0.36	0.68	1.04	35.24	35.73	0.48
297.00	174.55	-1.43	-0.20	3.95	1.80	28.04	22.13	1.24	1.84	5.90	-0.60	0.72	1.32	35.30	36.11	0.81
298.00	174.95	-1.32	-0.50	3.92	1.76	27.96	21.94	1.33	1.51	6.03	-0.17	0.81	0.99	35.43	35.66	0.23
299.00	175.44	-1.47	-0.42	3.82	1.98	27.70	23.13	1.14	1.77	4.57	-0.63	0.61	1.24	35.15	36.01	0.86
300.00	175.92	-1.41	-0.39	3.74	1.78	27.50	22.05	1.15	1.63	5.45	-0.48	0.62	1.09	35.16	35.80	0.64
301.00	176.41	-1.33	-0.52	3.76	1.85	27.55	22.42	1.24	1.56	5.13	-0.32	0.70	1.03	35.28	35.71	0.43
302.00	176.89	-1.41	-0.41	3.99	1.58	28.16	20.83	1.29	1.43	7.32	-0.14	0.76	0.90	35.35	35.54	0.19
303.00	177.38	-1.40	-0.42	3.78	1.79	27.59	22.07	1.18	1.61	5.52	-0.42	0.64	1.06	35.19	35.76	0.57
304.00	177.86	-1.33	-0.33	3.97	1.69	28.10	21.49	1.36	1.61	6.62	-0.25	0.80	1.06	35.41	35.75	0.34
305.00	178.34	-1.36	-0.41	3.76	1.72	27.55	21.67	1.21	1.56	5.87	-0.34	0.65	0.99	35.20	35.67	0.47
306.00	178.83	-1.36	-0.42	3.71	1.79	27.42	22.07	1.18	1.61	5.35	-0.43	0.60	1.03	35.14	35.72	0.58
307.00	179.31	-1.33	-0.48	3.50	1.75	26.79	21.88	1.08	1.52	4.91	-0.44	0.50	0.94	35.01	35.60	0.59
308.00	179.80	-1.39	-0.45	3.40	1.65	26.52	21.25	0.97	1.45	5.27	-0.48	0.39	0.87	34.86	35.50	0.65
309.00	180.39	-1.31	-0.11	3.37	1.69	26.41	21.51	1.02	1.83	4.90	-0.81	0.44	1.26	34.92	36.02	1.10
310.00	180.99	-1.29	-0.41	3.38	1.45	26.45	19.89	1.05	1.29	6.56	-0.24	0.47	0.71	34.96	35.28	0.32
311.00	181.72	-1.41	-0.25	3.23	1.70	25.99	21.53	0.83	1.70	4.46	-0.86	0.25	1.12	34.67	35.83	1.17
312.00	182.47	-1.40	-0.45	3.48	1.83	26.73	22.30	1.00	1.61	4.43	-0.61	0.42	1.03	34.89	35.71	0.82
313.00	183.23	-1.34	-0.23	3.33	1.59	26.28	20.86	0.97	1.61	5.42	-0.65	0.38	1.03	34.84	35.72	0.87
314.00	183.99	-1.34	-0.46	3.45	1.63	26.65	21.10	1.04	1.42	5.55	-0.38	0.45	0.82	34.93	35.44	0.51
315.00	184.75	-1.36	-0.11	3.57	1.98	27.01	23.14	1.10	2.08	3.87	-0.99	0.50	1.48	35.00	36.33	1.33
316.00	185.51	-1.50	-0.55	3.39	1.57	26.48	20.77	0.85	1.28	5.71	-0.43	0.26	0.69	34.68	35.26	0.58
317.00	186.26	-1.39	-0.34	3.44	1.53	26.63	20.45	0.99	1.44	6.18	-0.46	0.42	0.88	34.89	35.51	0.62
318.00	187.02	-1.26	-0.07	3.52	1.65	26.85	21.27	1.16	1.84	5.58	-0.67	0.62	1.29	35.17	36.07	0.91
319.00	187.72	-1.30	-0.26	3.58	1.59	27.03	20.89	1.17	1.59	6.15	-0.42	0.66	1.08	35.21	35.79	0.57
321.00	188.88	-1.36	-0.16	3.77	1.34	27.56	19.11	1.22	1.41	8.44	-0.20	0.74	0.94	35.33	35.59	0.27
322.00	189.33	-1.33	-0.24	3.40	1.60	26.49	20.96	1.02	1.62	5.54	-0.60	0.56	1.16	35.08	35.89	0.81
323.00	189.79	-1.27	-0.18	3.50	1.39	26.81	19.48	1.15	1.46	7.33	-0.31	0.71	1.02	35.28	35.70	0.42
324.00	190.24	-1.39	-0.61	3.49	1.59	26.78	20.85	1.03	1.23	5.93	-0.21	0.61	0.81	35.15	35.43	
325.00	190.70	-1.55	-0.88	3.36	1.49	26.37	20.19	0.78	0.86	6.18	-0.09	0.38	0.47	34.84	34.96	0.12
326.00	191.15	-1.50	-0.26	3.39	1.62	26.48	21.06	0.85	1.62	5.42	-0.77	0.48	1.25	34.97	36.01	1.04
327.00	191.61	-1.67	-0.73	3.60	1.42	27.09	19.71	0.81	0.94	7.38	-0.13	0.47	0.60	34.96	35.13	0.17
328.00	192.06	-1.40	-0.76	3.35	1.53	26.36	20.44	0.92	1.02	5.92	-0.10	0.61	0.71	35.15	35.29	0.14
329.00	192.52	-1.51	-0.73	3.45	1.49	26.66	20.20	0.87	1.01	6.46	-0.14	0.58	0.72	35.11	35.30	0.19
330.00	193.26	-1.72	-0.82	3.36	1.67	26.37	21.41	0.61	1.10	4.97	-0.50	0.33	0.83	34.77	35.44	0.67
331.00	194.02	-1.78	-1.01	3.88	1.90	27.87	22.71	0.86	1.12	5.16	-0.26	0.59	0.84	35.12	35.46	0.34
332.00	194.78	-1.69	-0.81	3.83	1.59	27.74	20.86	0.93	1.03	6.88	-0.11	0.69	0.80	35.26	35.41	0.15
333.00	195.53	-1.78	-0.69	4.03	1.36	28.25	19.28	0.94	0.92	8.97	0.02	0.74	0.72	35.33	35.30	-0.03
334.00	196.29	-1.76	-0.99	3.62	1.53	27.16	20.46	0.73	0.79	6.70	-0.06	0.57	0.63	35.09	35.17	0.08
335.00	197.05	-1.76	-0.42	3.81	1.61	27.69	21.02	0.84	1.45	6.66	-0.61	0.73	1.34	35.30	36.13	
336.00	197.81	-1.85	-0.99	3.89	1.62	27.88	21.07	0.80	0.88	6.81	-0.09	0.70	0.79	35.28	35.39	0.12
337.00	198.56	-1.73	-0.98	4.06	1.79	28.34	22.10	1.00	1.05	6.24	-0.05	0.93	0.98	35.58	35.65	0.07
338.00	199.23	-1.65	-1.07	3.71	1.89	27.39	22.66	0.89	1.05	4.74	-0.16	0.82	0.98	35.43	35.64	0.22
339.00	199.84	-1.65	-0.97	4.33	1.84	29.00	22.39	1.23	1.10	6.62	0.12	1.14	1.01	35.86	35.69	-0.17
340.00	200.44	-1.67	-1.06	4.22	2.29	28.73	24.64	1.15	1.36	4.09	-0.21	1.02	1.24	35.71	35.99	0.29
341.00	201.05	-1.78	-1.18	4.02	2.11	28.23	23.81	0.93	1.12	4.42	-0.19	0.76	0.95	35.36	35.61	0.25
342.00	201.74	-1.77	-1.08	3.99	2.01	28.16	23.29	0.93	1.13	4.87	-0.20	0.75	0.95	35.34	35.61	0.27
343.00	202.55	-1.88	-1.23	4.02	1.93	28.24	22.89	0.83	0.92	5.35	-0.09	0.63	0.72	35.17	35.29	0.12
344.00	203.36	-1.80	-1.06	4.03	2.20	28.25	24.22	0.92	1.29	4.03	-0.38	0.70	1.08	35.27	35.78	
345.00	204.16	-1.80	-0.94	4.20	2.16	28.68	24.03	1.01	1.39	4.65	-0.38	0.82	1.20	35.43	35.95	0.52
346.00	204.97	-1.87	-1.02	4.18	2.15	28.64	23.97	0.93	1.30	4.67	-0.37	0.81	1.18	35.41	35.92	0.50
347.00	205.78	-1.89	-0.99	4.24	1.82	28.78	22.25	0.93	1.07	6.53	-0.13	0.84	0.97	35.46	35.64	0.18
348.00	206.56	-1.83	-1.32	4.26	1.99	28.84	23.19	1.01	0.88	5.65	0.13	0.91	0.78	35.56	35.37	-0.18
349.00	207.16	-1.77	-0.84	4.51	1.86	29.41	22.51	1.19	1.26	6.90	-0.07	1.07	1.14	35.78	35.87	0.09
350.00	207.76	-1.86	-1.02	4.30	1.74	28.93	21.81	1.00	0.97	7.12	0.02	0.90	0.88	35.55	35.51	-0.03
351.00	208.16	-1.86	-0.98	4.14	1.74	28.52	21.80	0.92	1.01	6.72	-0.09	0.83	0.92	35.45	35.57	0.12
352.00	208.57	-1.97	-1.02	4.07	1.69	28.35	21.47	0.77	0.92	6.88	-0.15	0.68	0.83	35.24	35.44	0.20
353.00	208.97	-1.85	-1.12	4.03	2.04	28.27	23.46	0.87	1.12	4.80	-0.25	0.78	1.03	35.38	35.72	0.34
354.00	209.37	-1.89	-1.16	4.11	1.63	28.46	21.12	0.87	0.72	7.34	0.15	0.78	0.63	35.37	35.17	-0.20
355.00	209.78	-1.92	-0.88	4.34	1.96	29.01	23.03	0.96	1.30	5.97	-0.34	0.86	1.20	35.49	35.95	0.46
356.00	210.18	-1.92	-0.61	4.30	1.52	28.93	20.44	0.94	1.17	8.49	-0.24	0.84	1.08	35.46	35.78	0.32
357.00	210.59	-1.82	-0.96	4.05	1.55	28.30	20.63	0.91	0.85	7.67	0.07	0.83	0.76	35.44	35.35	-0.09
358.00	210.99	-1.85	-1.04	4.08	1.62	28.37	21.05	0.89	0.83	7.33	0.06	0.81	0.75	35.42	35.34	-0.08
359.00	211.39	-1.88	-0.92	4.01	1.72	28.19	21.66	0.82	1.05	6.54	-0.22	0.75	0.97	35.34	35.64	0.30
360.00	211.80	-1.84	-1.25	4.58	2.16	29.56	24.04	1.15	1.08	5.52	0.07	1.09	1.01	35.79	35.69	-0.10
361.00	212.20	-1.64	-1.03	3.98	1.41	28.12	19.61	1.06	0.63	8.51	0.43	0.99	0.57	35.67	35.09	-0.58
362.00	212.61	-1.74	-1.28	4.03	1.82	28.26	22.24	0.98	0.78	6.02	0.20	0.92	0.72	35.57	35.29	-0.27
363.00	212.99	-1.58	-1.42	3.90	1.66	27.91	21.34	1.06	0.49	6.57	0.57	1.01	0.44	35.68	34.92	-0.77
364.00	213.35	-1.74	-1.05	4.35	1.95	29.05	22.98	1.15	1.12	6.07	0.03	1.09	1.06	35.80	35.76	-0.04
365.00	213.72	-1.84	-1.29	4.35	1.99	29.05	23.18	1.05	0.91	5.87	0.14	0.99	0.85	35.66	35.47	-0.19
366.00	214.08	-1.79	-0.95	4.34	2.17	29.02	24.09	1.08	1.39	4.93	-0.30	1.02	1.33	35.71	36.12	0.41
367.00	214.44	-1.86	-1.24	4.33	2.19	29.00	24.17	1.02	1.11	4.83	-0.09	0.95	1.04	35.61	35.73	0.12
368.00	214.81	-1.77	-1.32	4.44	1.96	29.25	23.00	1.16	0.85	6.25	0.31	1.09	0.78	35.79	35.37	-0.42
369.00	215.17	-1.78	-1.25	4.57	2.16	29.56	24.03	1.21	1.08	5.54	0.13	1.13	1.00	35.85	35.67	
370.00	215.54	-1.77	-1.19	4.64	2.14	29.71	23.92	1.25	1.12	5.79	0.13	1.16	1.03	35.89	35.71	-0.18
371.00	215.90	-1.71	-1.27	4.46	2.29	29.30	24.64	1.22	1.15	4.65	0.08	1.11	1.04	35.83	35.73	-0.10
372.00	216.26	-1.81	-1.05	4.44	2.07	29.25	23.58	1.12	1.20	5.67	-0.09	0.98	1.07	35.65	35.77	0.12
373.00	216.62	-1.89	-1.10	4.73	2.14	29.91	23.95	1.18	1.21	5.96	-0.03	1.01	1.05	35.69	35.74	0.04
374.00	216.86	-1.93	-1.38	4.73	2.33	29.92	24.80	1.14	1.06	5.12	0.08	0.95	0.87	35.61	35.51	-0.11
375.00	217.10	-1.81	-1.19	4.75	2.56	29.94	25.77	1.26	1.40	4.17	-0.14	1.06	1.20	35.75	35.94	0.19
376.00	217.34	-1.77	-0.81	4.60	2.16	29.63	24.01	1.23	1.51	5.62	-0.28	1.02	1.29	35.70	36.07	0.37
377.00	217.59	-1.99	-1.09	4.81	2.18	30.09	24.13	1.11	1.25	5.96	-0.14	0.88	1.02	35.51	35.70	0.19
378.00	217.83	-1.76	-0.99	4.67	1.95	29.78	23.00	1.27	1.18	6.78	0.09	1.03	0.94	35.72	35.59	-0.13
380.00	218.31	-1.90	-0.88	4.56	2.14	29.52	23.93	1.08	1.43	5.59	-0.35	0.81	1.17	35.42	35.90	0.48
381.00	218.56	-1.68	-0.99	4.44	2.09	29.25	23.68	1.25	1.28	5.57	-0.03	0.96	1.00	35.62	35.67	0.04
382.00	218.80	-1.79	-1.03	4.83	2.21	30.13	24.27	1.32	1.33	5.86	-0.02	1.02	1.03	35.70	35.72	0.02
383.00	219.04	-1.68	-0.98	4.36	2.33	29.07	24.80	1.21	1.46	4.27	-0.25	0.89	1.15	35.53	35.87	0.34
384.00	219.38	-1.89	-0.95	4.33	2.22	29.00	24.31	0.98	1.42	4.69	-0.44	0.63	1.07	35.18	35.77	0.59
385.00	219.79	-1.41	-0.81	4.24	2.37	28.77	24.98	1.42	1.66	3.79	-0.24	1.03	1.27	35.71	36.04	0.33
386.00	220.19	-1.54	-0.74	4.20	2.20	28.68	24.23	1.27	1.62	4.45	-0.35	0.83	1.18	35.44	35.92	0.48
387.00	220.60	-1.43	-0.73	4.18	2.30	28.64	24.68	1.37	1.69	3.96	-0.32	0.89	1.21	35.53	35.96	0.43
388.00	221.00	-1.51	-0.62	3.92	2.21	27.96	24.28	1.15	1.74	3.69	-0.59	0.63	1.22	35.18	35.97	0.80
389.00	221.40	-1.67	-0.76	4.04	2.15	28.29	23.99	1.05	1.56	4.30	-0.50	0.51	1.02	35.02	35.70	0.68
390.00	221.88	-1.51	-0.72	3.89	1.80	27.88	22.14	1.13	1.32	5.74	-0.19	0.57	0.76	35.09	35.35	0.26
391.00	222.49	-1.33	-0.77	3.48	1.95	26.74	22.98	1.07	1.39	3.76	-0.32	0.48	0.80	34.97	35.41	0.44
392.00	223.25	-1.29	-0.49	3.93	2.05	28.00	23.50	1.38	1.75	4.50	-0.38	0.76	1.13	35.35	35.86	0.51
393.00	224.46	-1.30	-0.75	3.67	2.15	27.28	23.97	1.21	1.56	3.32	-0.35	0.59	0.94	35.13	35.60	0.47
394.00	225.72	-1.39	-0.55	3.80	2.28	27.65	24.60	1.20	1.86	3.04	-0.66	0.60	1.25	35.13	36.02	0.89
395.00	227.24	-1.15	-0.56	3.47	1.84	26.71	22.37	1.24	1.51	4.34	-0.27	0.68	0.95	35.24	35.60	0.36
396.00	228.76	-1.29	-0.51	3.73	2.03	27.45	23.40	1.26	1.72	4.06	-0.45	0.71	1.17	35.29	35.90	0.61
397.00	230.27	-1.36	-0.44	3.61	2.06	27.11	23.54	1.12	1.82	3.57	-0.69	0.64	1.33	35.19	36.13	0.94
398.00	231.79	-1.32	-0.66	3.96	1.96	28.06	23.00	1.36	1.51	5.06	-0.15	0.99	1.14	35.66	35.86	0.20
399.00	233.00	-1.50	-0.60	3.43	1.67	26.58	21.36	0.87	1.32	5.22	-0.45	0.60	1.05	35.14	35.74	0.61
400.00	234.21	-1.40	-0.47	3.78	2.09	27.60	23.66	1.19	1.80	3.94	-0.61	0.97	1.58	35.64	36.46	0.82
401.00	234.88	-1.72	-0.60	3.73	1.93	27.47	22.86	0.84	1.55	4.61	-0.71	0.65	1.36	35.21	36.16	0.96
402.00	235.49	-1.54	-0.59	3.80	1.63	27.65	21.12	1.06	1.29	6.52	-0.24	0.90	1.14	35.54	35.86	0.32
403.00	235.85	-1.64	-0.46	3.56	1.92	26.98	22.81	0.82	1.68	4.17	-0.87	0.68	1.55	35.24	36.41	1.17
404.00	236.15	-1.59	-0.82	3.87	2.14	27.85	23.92	1.04	1.49	3.93	-0.45	0.92	1.37	35.57	36.17	0.60
405.00	236.45	-1.55	-0.79	3.68	1.58	27.32	20.83	0.97	1.05	6.49	-0.08	0.87	0.94	35.50	35.60	0.10
406.00	236.76	-1.64	-0.88	3.59	1.64	27.07	21.21	0.83	1.02	5.86	-0.19	0.74	0.93	35.32	35.58	0.26
407.00	237.06	-1.61	-0.76	3.98	1.74	28.14	21.81	1.09	1.23	6.32	-0.14	1.00	1.15	35.68	35.87	0.19
408.00	237.36	-1.68	-0.84	4.11	2.08	28.47	23.65	1.08	1.43	4.81	-0.35	0.98	1.33	35.65	36.12	0.47
409.00	237.66	-1.64	-0.87	3.89	1.96	27.89	23.01	1.00	1.30	4.88	-0.30	0.89	1.19	35.53	35.93	0.41
410.00	237.97	-1.65	-0.96	3.93	2.14	27.99	23.91	1.01	1.34	4.08	-0.33	0.89	1.22	35.53	35.97	0.45
411.00	238.24	-1.73	-1.06	3.93	2.14	28.00	23.92	0.94	1.25	4.07	-0.31	0.80	1.11	35.41	35.83	0.42
412.00	238.49	-1.77	-1.03	4.08	2.03	28.38	23.37	0.97	1.20	5.01	-0.22	0.82	1.05	35.44	35.74	0.30
413.00	238.73	-1.75	-1.00	4.00	2.36	28.17	24.93	0.95	1.46	3.24	-0.51	0.79	1.30	35.39	36.08	0.69
414.00	238.97	-1.78	-0.92	4.12	2.19	28.49	24.15	0.98	1.43	4.34	-0.44	0.81	1.25	35.42	36.02	0.60
415.00	239.21	-1.79	-0.99	4.25	2.13	28.80	23.87	1.04	1.31	4.93	-0.27	0.85	1.12	35.47	35.84	0.37
416.00	239.45	-1.90	-0.96	4.40	2.18	29.16	24.11	1.01	1.38	5.04	-0.37	0.81	1.18	35.42	35.92	
417.00	239.70	-1.76	-0.83	4.12	2.21	28.48	24.26	1.01	1.54	4.21	-0.53	0.80	1.33	35.40	36.12	0.71
418.00	239.94	-1.84	-1.15	4.28	2.47	28.88	25.42	1.01	1.38	3.46	-0.37	0.79	1.16	35.39	35.90	0.50
419.00	240.18	-1.93	-1.04	4.27	2.23	28.85	24.37	0.92	1.34	4.49	-0.42	0.68	1.10	35.24	35.82	0.57
420.00	240.41	-1.91	-0.85	4.19	2.42	28.66	25.21	0.89	1.65	3.45	-0.76	0.64	1.40	35.19	36.21	
422.00	240.87	-1.87	-1.22	3.94	2.39	28.03	25.06	0.80	1.26	2.97	-0.46	0.51	0.97	35.01	35.64	0.62
423.00	241.07	-1.83	-1.05	4.37	2.37	29.08	24.97	1.06	1.42	4.11	-0.36	0.75	1.12	35.34	35.84	0.49
424.00	241.27	-1.73	-0.96	4.34	2.30	29.01	24.70	1.15	1.47	4.32	-0.32	0.83	1.15	35.44	35.87	0.43
425.00	241.48	-1.90	-0.77	4.42	2.39	29.20	25.09	1.02	1.72	4.11	-0.70	0.68	1.38	35.25	36.19	0.94
426.00	241.68	-1.78	-0.89	4.71	2.36	29.87	24.93	1.27	1.58	4.94	-0.30	0.92	1.22	35.57	35.98	0.41
427.00	241.88	-1.72	-0.61	4.48	2.08	29.35	23.64	1.23	1.66	5.71	-0.43	0.86	1.29	35.49	36.07	0.58
428.00	242.11	-1.76	-0.77	4.64	2.15	29.71	23.99	1.26	1.55	5.72	-0.29	0.87	1.16	35.50	35.89	0.39
429.00	242.35	-1.83	-0.35	4.38	2.24	29.11	24.42	1.07	2.04	4.69	-0.97	0.66	1.63	35.22	36.53	1.31
430.00	242.60	-1.84	-0.51	4.58	1.83	29.58	22.35	1.16	1.56	7.24	-0.40	0.74	1.13	35.32	35.86	0.54
431.00	242.84	-1.84	-0.62	4.57	2.17	29.55	24.09	1.15	1.71	5.46	-0.56	0.71	1.27	35.28	36.04	0.76
432.00	243.08	-1.99	-0.70	4.57	2.19	29.56	24.19	1.00	1.65	5.37	-0.65	0.55	1.19	35.06	35.93	0.87
433.00	243.69	-1.44	-0.24	4.37	2.02	29.08	23.35	1.45	1.99	5.74	-0.53	0.97	1.51	35.64	36.36	0.72
434.00	244.30	-1.73	-0.63	4.21	2.21	28.71	24.25	1.09	1.73	4.46	-0.64	0.60	1.24	35.14	36.01	0.87
435.00	244.90	-1.39	-0.28	3.91	2.28	27.95	24.58	1.27	2.13	3.37	-0.86	0.80	1.66	35.41	36.57	1.17
436.00	245.51	-1.44	-0.36	4.04	2.13	28.29	23.87	1.29	1.95	4.42	-0.65	0.75	1.40	35.34	36.22	0.88
437.00	246.12	-1.30	-0.34	3.87	2.21	27.84	24.25	1.33	2.02	3.58	-0.69	0.70	1.39	35.27	36.20	0.93
438.00	246.98	-1.56	0.06	4.28	2.31	28.88	24.71	1.29	2.49	4.17	-1.20	0.61	1.81	35.15	36.76	1.62
439.00	248.50	-1.33	-0.34	3.76	2.05	27.54	23.51	1.24	1.91	4.03	-0.67	0.50	1.17	35.00	35.90	0.91
440.00	250.10	-1.61	0.19	3.69	2.25	27.36	24.44	0.92	2.58	2.92	-1.66	0.14	1.80	34.52	36.76	2.24
441.00	252.00	-1.46	-0.40	4.01	1.76	28.20	21.89	1.25	1.60	6.30	-0.35	0.45	0.80	34.93	35.41	0.47
442.00	252.51	-1.24	-0.58	3.50	2.18	26.79	24.14	1.17	1.76	2.66	-0.59	0.37	0.96	34.82	35.61	0.79
443.00	253.03	-1.43	0.10	3.49	1.96	26.77	23.04	0.98	2.27	3.73	-1.30	0.17	1.47	34.55	36.31	1.75
444.00	253.54	-1.15	-0.16	3.57	1.99	27.00	23.17	1.31	2.03	3.83	-0.72	0.52	1.24	35.02	36.00	0.98
445.00	254.06	-1.32	-0.10	3.43	2.10	26.59	23.73	1.05	2.18	2.86	-1.12	0.28	1.40	34.70	36.22	1.52
446.00	254.57	-1.45	-0.39	3.68	2.11	27.33	23.78	1.07	1.90	3.54	-0.83	0.32	1.15	34.75	35.87	1.12
447.00	255.08	-1.45	-0.07	3.60	2.16	27.11	24.02	1.03	2.25	3.09	-1.22	0.29	1.51	34.72	36.37	1.65
448.00	255.60	-1.20	-0.33	3.46	2.10	26.69	23.71	1.20	1.94	2.98	-0.75	0.44	1.19	34.92	35.93	1.01
449.00	256.20	-1.27	0.00	3.54	1.83	26.92	22.33	1.17	2.06	4.59	-0.89	0.40	1.30	34.87	36.07	1.21
450.00	256.82	-1.32	-0.42	3.52	2.33	26.87	24.80	1.11	2.03	2.07	-0.91	0.33	1.24	34.76	36.00	1.23
451.00	257.43	-1.29	-0.42	3.49	2.28	26.76	24.59	1.12	1.99	2.17	-0.87	0.33	1.20	34.76	35.94	1.18
452.00	258.05	-1.23	-0.38	3.58	2.20	27.03	24.23	1.24	1.98	2.80	-0.74	0.45	1.19	34.93	35.93	1.00
453.00	258.71	-1.49	-0.38	3.84	2.44	27.75	25.29	1.12	2.13	2.47	-1.01	0.35	1.36	34.80	36.17	1.37
454.00	259.40	-1.44	-0.29	3.81	2.22	27.69	24.33	1.16	2.08	3.36	-0.92	0.43	1.35	34.91	36.15	1.25
455.00	260.08	-1.25	-0.43	3.72	2.36	27.43	24.94	1.30	2.04	2.49	-0.74	0.61	1.35	35.15	36.15	1.00
456.00	260.77	-1.58	-0.32	3.86	2.29	27.82	24.63	1.05	2.10	3.19	-1.05	0.38	1.43	34.84	36.26	1.42
457.00	261.45	-1.40	-0.63	3.87	2.28	27.83	24.60	1.23	1.78	3.24	-0.55	0.57	1.12	35.10	35.84	0.74
458.00	262.14	-1.19	-0.52	3.67	2.41	27.28	25.14	1.33	1.97	2.15	-0.64	0.67	1.31	35.23	36.10	0.87
459.00	262.82	-1.30	-0.51	3.83	2.36	27.72	24.94	1.31	1.95	2.78	-0.64	0.66	1.29	35.21	36.07	0.86
460.00	263.51	-1.34	-0.50	3.70	2.32	27.37	24.77	1.19	1.94	2.59	-0.75	0.50	1.25	35.00	36.01	1.01
461.00	264.20	-1.36	-0.41	3.67	2.18	27.30	24.12	1.16	1.93	3.17	-0.77	0.44	1.21	34.92	35.96	1.04
462.00	264.88	-1.21	-0.36	3.47	2.20	26.72	24.21	1.19	2.00	2.51	-0.81	0.47	1.28	34.96	36.06	1.09
463.00	265.57	-1.15	-0.28	3.58	2.14	27.05	23.95	1.31	2.03	3.10	-0.72	0.61	1.33	35.15	36.12	0.97
464.00	266.25	-1.31	-0.30	3.59	2.22	27.07	24.30	1.17	2.06	2.77	-0.90	0.47	1.37	34.96	36.17	1.21
465.00	266.94	-1.19	-0.29	3.43	2.22	26.61	24.31	1.19	2.08	2.30	-0.89	0.49	1.38	34.98	36.18	1.20
466.00	267.62	-1.34	-0.42	3.75	2.20	27.52	24.24	1.23	1.94	3.28	-0.71	0.47	1.19	34.96	35.93	0.96
467.00	268.31	-1.18	-0.35	3.64	2.02	27.21	23.34	1.33	1.87	3.88	-0.55	0.53	1.07	35.04	35.78	0.74
468.00	269.00	-1.04	-0.17	3.62	2.02	27.16	23.36	1.45	2.06	3.81	-0.61	0.63	1.24	35.17	35.99	0.82
469.00	269.68	-1.15	-0.27	3.52	2.18	26.87	24.13	1.28	2.08	2.75	-0.79	0.45	1.25	34.94	36.01	1.07
470.00	270.37	-1.10	-0.15	3.57	1.98	27.02	23.15	1.36	2.05	3.86	-0.68	0.56	1.24	35.08	36.00	0.92
471.00	271.05	-1.07	-0.21	3.83	2.09	27.73	23.68	1.54	2.07	4.05	-0.53	0.78	1.31	35.38	36.10	0.71
472.00	271.74	-1.16	-0.23	3.28	2.04	26.14	23.41	1.12	2.01	2.73	-0.89	0.42	1.31	34.89	36.09	1.20
473.00	272.42	-0.94	-0.49	3.61	1.88	27.12	22.58	1.55	1.61	4.54	-0.07	0.88	0.95	35.52	35.61	0.09
474.00	273.11	-1.04	-0.20	3.47	1.84	26.70	22.38	1.35	1.88	4.33	-0.52	0.71	1.23	35.29	35.99	0.71
475.00	273.79	-1.04	-0.02	3.29	1.76	26.18	21.91	1.24	1.98	4.26	-0.74	0.61	1.35	35.15	36.15	1.00
476.00	274.48	-1.23	-0.40	3.52	2.09	26.87	23.68	1.20	1.88	3.19	-0.67	0.60	1.27	35.14	36.05	0.91
477.00	275.17	-1.00	-0.20	3.43	1.96	26.58	23.02	1.38	1.98	3.56	-0.60	0.81	1.41	35.42	36.23	0.81
478.00	275.69	-1.01	-0.39	3.72	1.60	27.44	20.91	1.54	1.46	6.53	0.08	1.00	0.93	35.68	35.58	-0.10
479.00	276.11	-1.37	-0.24	3.17	1.42	25.80	19.74	0.84	1.43	6.06	-0.60	0.32	0.92	34.75	35.56	0.81
480.00	276.45	-1.19	-0.41	3.45	1.57	26.66	20.71	1.20	1.41	5.95	-0.21	0.70	0.91	35.26	35.55	0.29
481.00	276.73	-1.39	-0.35	3.52	1.91	26.85	22.74	1.03	1.78	4.11	-0.74	0.54	1.29	35.06	36.06	1.01
482.00	277.00	-1.53	-0.52	3.70	1.99	27.37	23.18	1.01	1.67	4.20	-0.67	0.53	1.19	35.03	35.94	0.90
483.00	278.17	-1.42	-0.58	3.61	1.67	27.13	21.36	1.06	1.34	5.77	-0.28	0.62	0.89	35.16	35.53	0.38
484.00	279.34	-1.33	-0.52	3.64	1.45	27.21	19.89	1.17	1.17	7.33	0.00	0.76	0.76	35.35	35.35	0.01
485.00	280.51	-1.66	-0.46	3.47	1.58	26.72	20.84	0.74	1.38	5.88	-0.64	0.38	1.02	34.84	35.70	0.86
486.00	281.59	-1.60	-0.65	3.81	1.48	27.67	20.16	0.99	1.09	7.51	-0.10	0.67	0.76	35.22	35.35	0.13
487.00	282.29	-1.46	-0.57	3.57	1.66	27.01	21.30	1.00	1.34	5.72	-0.34	0.68	1.02	35.24	35.71	0.47
488.00	282.99	-1.48	-0.70	3.68	1.64	27.31	21.20	1.04	1.19	6.11	-0.15	0.73	0.88	35.31	35.52	0.21
489.00	283.69	-1.50	-0.64	3.65	1.64	27.24	21.18	1.01	1.26	6.06	-0.25	0.71	0.95	35.28	35.61	0.33
490.00	284.40	-1.60	-0.84	3.75	1.59	27.51	20.89	0.96	1.01	6.62	-0.04	0.66	0.71	35.22	35.28	0.06
491.00	285.10	-1.60	-0.83	3.78	1.83	27.60	22.29	0.98	1.23	5.30	-0.25	0.68	0.93	35.25	35.59	0.34
492.00	286.51	-1.53	-0.66	3.93	1.99	27.99	23.19	1.13	1.53	4.80	-0.41	0.81	1.22	35.43	35.97	0.55
493.00	286.75	-1.58	-0.71	3.78	1.91	27.59	22.74	1.00	1.42	4.85	-0.42	0.68	1.10	35.24	35.82	
494.00	286.99	-1.56	-0.76	3.98	1.74	28.12	21.82	1.13	1.23	6.30	-0.10	0.81	0.91	35.42	35.56	0.14
495.00	287.23	-1.77	-0.71	3.97	1.76	28.11	21.93	0.92	1.29	6.18	-0.37	0.59	0.96	35.12	35.63	0.50
496.00	287.48	-1.70	-0.79	4.05	1.73	28.30	21.76	1.03	1.19	6.54	-0.16	0.69	0.85	35.25	35.47	0.22
497.00	287.76	-1.80	-0.76	3.72	1.87	27.42	22.54	0.74	1.34	4.88	-0.59	0.39	0.99	34.85	35.66	0.80
498.00	288.07	-1.79	-0.64	3.88	1.73	27.87	21.71	0.85	1.33	6.16	-0.48	0.49	0.97	34.98	35.63	0.65
499.00	288.37	-1.44	-0.71	3.84	1.86	27.77	22.51	1.18	1.39	5.26	-0.21	0.79	1.00	35.39	35.67	0.28
500.00	288.67	-1.54	-0.81	3.99	1.80	28.16	22.15	1.16	1.23	6.01	-0.07	0.75	0.82	35.34	35.43	0.10
501.00	289.06	-1.51	-0.68	3.58	2.07	27.02	23.59	0.95	1.58	3.44	-0.63	0.51	1.13	35.01	35.86	0.85
502.00	289.52	-1.78	-0.65	3.59	1.75	27.05	21.85	0.69	1.34	5.21	-0.65	0.23	0.88	34.63	35.52	0.88
503.00	289.97	-1.74	-0.49	3.59	1.63	27.07	21.13	0.73	1.40	5.95	-0.67	0.25	0.92	34.66	35.57	0.90
504.00	290.43	-1.46	-0.54	3.46	1.56	26.68	20.71	0.93	1.28	5.97	-0.35	0.45	0.79	34.93	35.40	0.47
505.00	290.88	-1.42	-0.66	3.77	1.53	27.56	20.50	1.16	1.13	7.06	0.03	0.67	0.64	35.22	35.19	-0.04
506.00	291.34	-1.61	-0.62	3.58	1.55	27.04	20.60	0.86	1.18	6.45	-0.33	0.37	0.70	34.82	35.26	0.44
507.00	291.79	-1.69	-0.44	3.54	1.60	26.93	20.92	0.76	1.42	6.01	-0.66	0.27	0.94	34.70	35.59	0.89
508.00	292.25	-1.47	-0.52	3.37	1.45	26.41	19.92	0.86	1.18	6.49	-0.32	0.39	0.70	34.85	35.28	0.43
509.00	292.70	-1.36	-0.50	3.42	1.60	26.56	20.91	1.00	1.35	5.65	-0.35	0.54	0.88	35.05	35.52	0.47
510.00	293.16	-1.38	-0.60	3.46	1.35	26.68	19.20	1.01	0.99	7.48	0.02	0.55	0.52	35.06	35.03	-0.03
511.00	293.61	-1.47	-0.53	3.66	1.32	27.26	18.92	1.04	1.02	8.34	0.02	0.58	0.56	35.11	35.08	-0.03
512.00	294.06	-1.38	-0.62	3.64	1.58	27.21	20.81	1.12	1.22	6.41	-0.10	0.67	0.77	35.23	35.36	0.14
513.00	294.52	-1.49	-0.68	3.68	1.49	27.32	20.22	1.03	1.06	7.09	-0.03	0.58	0.62	35.11	35.16	0.04
514.00	294.97	-1.36	-0.58	3.38	1.46	26.45	19.99	0.98	1.13	6.47	-0.15	0.54	0.69	35.05	35.25	0.20
515.00	295.43	-1.48	-0.49	3.28	1.51	26.14	20.35	0.80	1.27	5.79	-0.48	0.37	0.84	34.82	35.46	0.64
516.00	295.88	-1.62	-0.44	3.07	1.48	25.46	20.14	0.51	1.30	5.31	-0.78	0.10	0.88	34.45	35.51	1.06
517.00	296.34	-1.59	-0.52	3.41	1.50	26.54	20.24	0.77	1.23	6.31	-0.45	0.36	0.81	34.81	35.42	0.61
518.00	296.79	-1.51	-0.46	3.74	1.22	27.49	18.16	1.05	0.98	9.33	0.07	0.64	0.57	35.19	35.09	-0.10
519.00	297.25	-1.67	-0.70	3.61	1.79	27.11	22.12	0.81	1.33	4.99	-0.53	0.40	0.93	34.86	35.58	0.71
520.00	297.70	-1.51	-0.54	3.68	1.56	27.33	20.67	1.02	1.28	6.66	-0.26	0.61	0.87	35.15	35.50	0.35
521.00	298.16	-1.70	-0.65	3.41	1.67	26.54	21.37	0.66	1.27	5.17	-0.61	0.26	0.87	34.68	35.50	0.82
522.00	298.61	-1.56	-0.81	3.40	1.67	26.50	21.40	0.79	1.11	5.10	-0.32	0.40	0.72	34.87	35.30	0.43
523.00	299.06	-1.64	-0.93	3.68	2.31	27.32	24.70	0.89	1.50	2.62	-0.61	0.50	1.12	35.01	35.83	0.83
524.00	299.52	-1.70	-0.93	3.55	1.67	26.94	21.40	0.75	1.00	5.54	-0.25	0.38	0.63	34.83	35.17	0.34
525.00	299.97	-1.60	-0.99	4.01	1.66	28.19	21.33	1.10	0.92	6.86	0.18	0.74	0.56	35.33	35.08	-0.25
526.00	300.50	-1.95	-0.75	3.85	1.60	27.80	20.91	0.67	1.10	6.89	-0.42	0.32	0.75	34.76	35.34	0.57
527.00	301.11	-1.82	-0.85	4.15	1.66	28.56	21.30	0.96	1.06	7.26	-0.10	0.63	0.73	35.17	35.30	0.13
528.00	301.88	-1.65	-0.71	3.80	1.68	27.65	21.44	0.94	1.22	6.21	-0.28	0.62	0.90	35.16	35.54	0.38
529.00	302.89	-1.77	-0.49	3.54	1.60	26.93	20.92	0.67	1.36	6.01	-0.69	0.39	1.08	34.85	35.78	0.93
530.00	303.90	-1.58	-0.40	3.72	1.42	27.42	19.70	0.97	1.27	7.73	-0.30	0.67	0.97	35.23	35.64	0.41
531.00	304.91	-1.42	-0.50	3.76	1.70	27.54	21.58	1.15	1.45	5.96	-0.30	0.82	1.12	35.43	35.84	0.41
532.00	305.92	-1.58	-0.69	3.50	1.65	26.79	21.24	0.83	1.21	5.55	-0.38	0.53	0.91	35.03	35.55	0.51
533.00	306.93	-1.73	-0.62	3.86	1.51	27.81	20.34	0.90	1.14	7.48	-0.25	0.63	0.88	35.18	35.51	0.33
534.00	307.89	-1.65	-0.70	3.18	1.46	25.83	19.99	0.56	1.02	5.84	-0.46	0.30	0.75	34.73	35.34	0.62
535.00	308.49	-1.66	-0.67	3.89	1.60	27.90	20.91	0.99	1.19	6.99	-0.20	0.74	0.94	35.32	35.59	0.27
536.00	309.09	-1.54	-0.43	3.70	1.58	27.39	20.82	1.00	1.41	6.56	-0.41	0.77	1.17	35.36	35.91	0.55
537.00	309.54	-1.52	-0.75	3.48	1.86	26.74	22.47	0.89	1.34	4.28	-0.46	0.67	1.12	35.23	35.84	0.62
538.00	310.00	-1.76	-0.63	3.84	1.88	27.75	22.59	0.85	1.48	5.16	-0.63	0.65	1.28	35.20	36.05	0.85
539.00	310.45	-1.58	-0.72	4.20	1.62	28.68	21.06	1.23	1.15	7.62	0.08	1.03	0.96	35.72	35.62	-0.11
540.00	310.91	-1.60	-0.56	3.83	1.67	27.74	21.35	1.01	1.36	6.40	-0.35	0.82	1.17	35.44	35.91	0.47
541.00	311.36	-1.65	-0.71	3.81	2.08	27.68	23.66	0.95	1.56	4.03	-0.61	0.77	1.38	35.36	36.18	0.82
542.00	311.82	-1.70	-0.70	4.10	1.85	28.44	22.41	1.05	1.38	6.03	-0.33	0.87	1.20	35.50	35.94	0.45
543.00	312.27	-1.90	-0.72	3.81	1.90	27.67	22.68	0.69	1.40	4.99	-0.71	0.52	1.23	35.02	35.98	0.96
544.00	312.73	-1.76	-0.74	4.01	1.71	28.20	21.63	0.95	1.22	6.57	-0.28	0.78	1.06	35.38	35.75	0.37
545.00	313.15	-1.79	-0.85	3.95	1.87	28.05	22.57	0.89	1.25	5.49	-0.36	0.74	1.10	35.32	35.81	0.49
546.00	313.55	-1.94	-0.69	4.21	1.67	28.71	21.36	0.87	1.23	7.36	-0.35	0.75	1.10	35.33	35.81	0.48
547.00	313.95	-1.90	-0.75	4.06	1.98	28.32	23.12	0.84	1.44	5.20	-0.60	0.73	1.33	35.31	36.13	0.81
548.00	314.36	-2.01	-1.05	4.40	1.85	29.16	22.43	0.90	1.04	6.73	-0.14	0.80	0.93	35.40	35.58	0.18
549.00	314.76	-2.15	-0.75	4.06	2.01	28.34	23.30	0.59	1.46	5.04	-0.88	0.48	1.36	34.98	36.16	1.19
550.00	315.17	-2.24	-0.81	4.37	1.56	29.10	20.70	0.66	1.01	8.39	-0.36	0.56	0.91	35.08	35.56	0.48
551.00	315.66	-1.86	-0.54	4.27	1.65	28.86	21.27	0.99	1.37	7.59	-0.38	0.90	1.28	35.54	36.06	0.52
552.00	316.26	-1.80	-0.86	3.87	1.65	27.84	21.24	0.84	1.04	6.61	-0.21	0.75	0.96	35.34	35.62	0.28
553.00	317.17	-1.91	-0.76	3.91	1.78	27.94	22.03	0.75	1.26	5.91	-0.51	0.66	1.17	35.21	35.91	0.70
554.00	318.68	-1.90	-0.83	3.71	1.56	27.42	20.70	0.64	0.99	6.72	-0.34	0.55	0.89	35.07	35.53	0.47
555.00	320.20	-1.88	-0.96	4.47	1.63	29.33	21.14	1.07	0.93	8.19	0.14	1.00	0.86	35.67	35.48	-0.19
556.00	321.71	-1.73	-0.80	4.18	1.84	28.64	22.40	1.07	1.27	6.24	-0.21	1.03	1.24	35.72	36.00	0.28
557.00	323.09	-1.94	-0.76	4.13	1.72	28.51	21.66	0.83	1.21	6.85	-0.38	0.82	1.20	35.44	35.95	0.51
558.00	323.70	-2.01	-0.88	4.20	2.27	28.67	24.54	0.79	1.52	4.13	-0.73	0.78	1.51	35.37	36.36	0.99
559.00	324.29	-2.13	-0.77	3.85	2.11	27.79	23.81	0.49	1.52	3.99	-1.03	0.46	1.48	34.94	36.33	1.39
560.00	324.70	-2.07	-1.04	4.08	1.97	28.38	23.10	0.68	1.14	5.28	-0.46	0.63	1.09	35.17	35.80	0.63
561.00	325.10	-2.08	-0.95	4.14	1.85	28.54	22.45	0.70	1.13	6.08	-0.44	0.63	1.07	35.18	35.76	0.59
562.00	325.50	-2.21	-1.07	4.35	2.35	29.03	24.91	0.68	1.39	4.13	-0.71	0.61	1.32	35.15	36.11	0.96
563.00	325.91	-1.93	-1.06	4.44	2.04	29.26	23.45	1.00	1.17	5.82	-0.17	0.94	1.11	35.59	35.82	0.23
564.00	326.31	-2.05	-0.88	4.37	2.35	29.08	24.90	0.84	1.58	4.18	-0.74	0.79	1.52	35.39	36.38	1.00
565.00	326.72	-2.06	-0.96	4.38	2.14	29.12	23.92	0.84	1.35	5.20	-0.51	0.80	1.31	35.41	36.09	0.69
566.00	327.12	-1.89	-1.01	4.20	2.48	28.69	25.45	0.92	1.53	3.24	-0.61	0.89	1.50	35.53	36.36	0.83
567.00	327.52	-2.05	-1.19	4.48	2.19	29.34	24.18	0.89	1.16	5.16	-0.27	0.88	1.15	35.51	35.88	0.37
568.00	327.93	-2.03	-0.99	4.43	2.60	29.23	25.93	0.89	1.62	3.29	-0.73	0.88	1.61	35.52	36.51	
569.00	328.33	-2.01	-0.87	4.71	2.59	29.87	25.92	1.04	1.74	3.95	-0.70	1.04	1.73	35.72	36.67	0.94
570.00	328.74	-1.82	-1.00	4.35	2.54	29.04	25.70	1.06	1.58	3.34	-0.52	1.05	1.57	35.74	36.44	0.70
571.00	329.14	-1.90	-1.19	4.53	2.21	29.47	24.24	1.07	1.17	5.22	-0.11	1.05	1.15	35.74	35.88	0.14
572.00	329.57	-1.90	-0.89	4.52	2.37	29.43	24.98	1.06	1.58	4.45	-0.52	1.02	1.54	35.70	36.40	0.70
573.00	330.02	-1.84	-1.28	4.35	2.52	29.05	25.64	1.04	1.29	3.42	-0.25	0.98	1.23	35.65	35.99	0.34
574.00	330.48	-1.96	-1.04	4.43	2.35	29.22	24.89	0.96	1.42	4.33	-0.46	0.86	1.32	35.49	36.11	0.62
575.00	330.93	-1.91	-0.92	4.19	2.46	28.67	25.37	0.89	1.61	3.30	-0.72	0.76	1.48	35.35	36.32	0.97
576.00	331.39	-2.14	-1.28	4.39	2.14	29.14	23.93	0.77	1.04	5.21	-0.27	0.57	0.84	35.09	35.46	0.36
577.00	331.84	-1.94	-1.25	4.46	2.53	29.30	25.67	0.99	1.32	3.63	-0.33	0.73	1.06	35.31	35.76	
578.00	332.15	-2.08	-1.14	4.49	2.61	29.38	25.99	0.87	1.49	3.39	-0.62	0.58	1.20	35.10	35.94	
579.00	332.75	-1.88	-0.99	4.57	2.50	29.55	25.56	1.11	1.57	4.00	-0.46	0.80	1.26	35.41	36.03	0.62
580.00	333.23	-1.91	-1.11	4.49	2.24	29.36	24.42	1.04	1.28	4.94	-0.24	0.71	0.94	35.28	35.60	0.32
581.00	333.84	-1.83	-1.19	4.78	2.57	30.01	25.81	1.25	1.41	4.20	-0.16	0.86	1.02	35.48	35.70	0.22
582.00	334.44	-1.94	-0.79	4.45	2.46	29.29	25.38	0.99	1.74	3.91	-0.75	0.54	1.30	35.06	36.08	1.02
583.00	335.05	-1.95	-0.74	4.79	2.48	30.04	25.45	1.14	1.81	4.59	-0.66	0.64	1.30	35.19	36.09	0.89
584.00	335.66	-1.90	-0.50	4.87	2.27	30.21	24.55	1.22	1.90	5.66	-0.68	0.64	1.32	35.19	36.11	0.92
585.00	336.14	-1.79	-0.60	4.75	2.49	29.95	25.48	1.29	1.95	4.47	-0.66	0.64	1.30	35.19	36.09	0.90
586.00	336.63	-1.90	-0.76	4.60	2.56	29.62	25.78	1.11	1.83	3.84	-0.72	0.42	1.14	34.89	35.86	0.98
587.00	337.11	-1.85	-0.26	4.64	2.34	29.70	24.87	1.17	2.19	4.83	-1.02	0.44	1.46	34.92	36.30	1.38
588.00	337.60	-1.59	-0.07	4.35	2.14	29.04	23.92	1.29	2.24	5.12	-0.95	0.54	1.49	35.05	36.33	1.28
589.00	338.08	-1.30	-0.06	3.87	1.94	27.83	22.91	1.33	2.10	4.92	-0.77	0.56	1.32	35.08	36.11	1.04
590.00	338.57	-1.11	-0.14	3.94	1.75	28.01	21.83	1.56	1.86	6.18	-0.30	0.77	1.07	35.37	35.78	0.41
591.00	339.05	-1.13	-0.15	3.81	2.02	27.69	23.32	1.47	2.07	4.37	-0.60	0.68	1.28	35.24	36.05	0.81
592.00	339.54	-0.97	-0.07	3.89	1.95	27.89	23.00	1.68	2.10	4.89	-0.42	0.87	1.29	35.50	36.07	0.57
593.00	340.02	-0.97	0.17	3.61	1.93	27.13	22.86	1.51	2.32	4.27	-0.81	0.69	1.50	35.26	36.35	1.09
594.00	340.51	-1.01	0.22	3.87	1.99	27.85	23.20	1.63	2.42	4.65	-0.80	0.78	1.57	35.38	36.45	1.08
595.00	341.06	-0.91	0.31	3.88	1.82	27.87	22.26	1.73	2.37	5.60	-0.63	0.85	1.49	35.47	36.33	0.86
596.00	341.66	-1.05	0.29	3.47	1.83	26.73	22.32	1.35	2.35	4.41	-1.00	0.45	1.45	34.93	36.28	1.35
597.00	342.20	-0.92	-0.07	3.53	1.93	26.89	22.88	1.51	2.08	4.01	-0.57	0.60	1.17	35.13	35.90	0.77
598.00	342.66	-0.97	-0.06	3.43	1.92	26.60	22.81	1.40	2.08	3.79	-0.68	0.49	1.17	34.98	35.90	0.92
599.00	343.11	-1.07	0.06	3.67	1.91	27.30	22.77	1.45	2.19	4.53	-0.75	0.53	1.27	35.04	36.04	1.01
600.00	343.56	-0.96	-0.07	3.50	1.86	26.80	22.46	1.45	2.02	4.34	-0.57	0.53	1.10	35.04	35.81	0.77
601.00	344.02	-1.12	-0.09	3.72	1.90	27.44	22.72	1.43	2.04	4.72	-0.61	0.51	1.11	35.01	35.83	0.82
602.00	344.47	-1.10	-0.08	3.29	2.06	26.15	23.52	1.18	2.17	2.63	-0.99	0.26	1.25	34.68	36.01	1.33
603.00	344.93	-1.15	-0.30	3.50	1.91	26.81	22.76	1.27	1.83	4.06	-0.56	0.35	0.91	34.80	35.56	0.76
604.00	345.38	-1.22	-0.44	3.64	2.04	27.21	23.45	1.29	1.79	3.76	-0.51	0.37	0.88	34.83	35.52	0.69
605.00	345.83	-1.10	-0.29	3.34	2.11	26.33	23.80	1.21	2.00	2.53	-0.78	0.31	1.10	34.75	35.81	1.06
606.00	346.19	-1.09	-0.40	3.48	2.04	26.75	23.42	1.31	1.83	3.34	-0.51	0.42	0.94	34.90	35.59	0.70
607.00	346.56	-1.38	-0.25	3.47	2.02	26.71	23.35	1.02	1.97	3.37	-0.95	0.14	1.09	34.51	35.79	1.28
608.00	346.92	-1.24	-0.51	3.87	2.21	27.84	24.25	1.39	1.85	3.59	-0.46	0.52	0.98	35.03	35.64	0.62
609.00	347.28	-1.15	-0.42	4.16	2.41	28.59	25.15	1.64	2.08	3.44	-0.44	0.76	1.20	35.36	35.95	0.59
610.00	347.65	-1.37	-0.40	3.68	2.33	27.31	24.82	1.15	2.05	2.49	-0.90	0.28	1.18	34.71	35.92	1.21
611.00	348.01	-1.45	-0.34	3.70	2.06	27.37	23.56	1.09	1.91	3.81	-0.82	0.22	1.04	34.62	35.73	1.11
612.00	348.38	-1.20	-0.32	3.39	2.10	26.48	23.72	1.14	1.96	2.76	-0.81	0.28	1.09	34.70	35.80	1.10
613.00	348.74	-1.22	-0.47	3.59	2.15	27.06	23.96	1.25	1.84	3.10	-0.59	0.39	0.98	34.85	35.65	
614.00	349.10	-1.13	-0.43	3.77	2.03	27.57	23.41	1.44	1.80	4.17	-0.36	0.59	0.95	35.12	35.61	0.49
615.00	349.47	-1.05	-0.26	3.39	2.12	26.46	23.84	1.29	2.03	2.62	-0.74	0.45	1.19	34.94	35.94	1.00
616.00	349.83	-0.98	-0.41	3.49	2.12	26.78	23.85	1.43	1.89	2.94	-0.46	0.61	1.06	35.14	35.76	0.62
617.00	350.19	-1.00	-0.15	3.50	1.87	26.81	22.56	1.42	1.95	4.25	-0.53	0.61	1.14	35.15	35.87	0.72
618.00	350.56	-1.19	-0.27	3.51	1.94	26.83	22.92	1.24	1.89	3.91	-0.65	0.45	1.10	34.93	35.81	0.88
619.00	350.92	-1.06	-0.37	3.30	1.84	26.20	22.40	1.23	1.71	3.80	-0.48	0.46	0.95	34.95	35.60	0.65
620.00	351.28	-1.03	-0.23	3.32	1.85	26.27	22.43	1.27	1.86	3.84	-0.58	0.52	1.11	35.03	35.82	0.79
621.00	351.65	-1.27	-0.53	3.32	1.86	26.25	22.49	1.03	1.57	3.76	-0.53	0.30	0.83	34.73	35.45	0.72
622.00	352.01	-1.12	-0.47	3.38	1.48	26.43	20.12	1.21	1.26	6.31	-0.05	0.49	0.54	34.99	35.05	0.06
623.00	352.38	-1.22	-0.58	3.47	1.82	26.71	22.25	1.17	1.48	4.46	-0.30	0.46	0.76	34.94	35.35	0.41
624.00	352.74	-1.38	-0.64	3.59	1.57	27.06	20.76	1.09	1.19	6.30	-0.09	0.38	0.47	34.84	34.96	0.13
625.00	353.12	-1.45	-0.62			27.07	21.38	1.02	1.27	5.69	-0.25	0.30	0.55	34.72	35.06	0.34
626.00	353.51	-1.45	-0.66	3.59	1.67	27.41	22.16	1.23	1.36	5.25	-0.13	0.50	0.63	35.00	35.17	0.18
627.00	354.12	-1.31	-0.68	3.71	1.80	26.45	21.76	1.00	1.34	4.69	-0.34	0.23	0.57	34.64	35.10	0.46
628.00	354.83	-1.35	-0.64	3.38	1.73	27.97	24.56	1.34	1.71	3.41	-0.36	0.55	0.91	35.07	35.56	0.49
629.00	356.65	-1.32	-0.70	3.92	2.27	26.44	22.97	1.04	1.44	3.47	-0.41	0.29	0.70	34.72	35.27	0.55
